5 0.200825 0.150594
10 0.241574 0.057729
15 0.258198 0.106443
20 0.263818 0.106430
25 0.264825 0.107322
30 0.271389 0.074608
35 0.285084 0.108478
40 0.289659 0.145775
45 0.291947 0.208546
50 0.291448 0.187692
55 0.301235 0.165172
60 0.309635 0.094739
65 0.310346 0.094711
70 0.311758 0.048031
75 0.302564 0.035888
80 0.300386 0.040966
85 0.332441 0.070395
90 0.384142 0.091040
95 0.435273 0.118563
100 0.471042 0.120898
105 0.489552 0.114688
110 0.498263 0.110285
115 0.497960 0.132667
120 0.496679 0.156230
125 0.490342 0.152227
130 0.476278 0.189765
135 0.476616 0.151743
140 0.471801 0.149576
145 0.456727 0.159365
150 0.449058 0.192601
155 0.441813 0.193428
160 0.433500 0.195224
165 0.428736 0.189429
170 0.430430 0.174458
175 0.421283 0.169968
180 0.416873 0.125765
185 0.410100 0.097890
190 0.404452 0.094571
195 0.400364 0.059227
200 0.399649 0.020940
205 0.399582 0.027259
210 0.398878 0.030208
215 0.398961 0.027293
220 0.414849 0.056703
225 0.412070 0.039166
230 0.408147 0.031176
235 0.406806 0.028341
240 0.405883 0.027064
245 0.402219 0.026581
250 0.403996 0.024283
255 0.401130 0.020928
260 0.399708 0.010748
265 0.399896 0.021652
270 0.401052 0.055699
275 0.397911 0.020528
280 0.412585 0.026845
285 0.428913 0.048353
290 0.434329 0.052264
295 0.427903 0.032244
300 0.418021 0.044858
305 0.411303 0.027082
310 0.409373 0.049404
315 0.408689 0.022071
320 0.413214 0.090163
325 0.406547 0.055422
330 0.400411 0.046335
335 0.398992 0.026209
340 0.399350 0.019622
345 0.417353 0.036662
350 0.429758 0.038568
355 0.433555 0.033716
360 0.434042 0.036915
365 0.431932 0.032842
370 0.431208 0.046658
375 0.428539 0.037399
380 0.425788 0.036265
385 0.430163 0.021896
390 0.442663 0.063436
395 0.452639 0.105728
400 0.458723 0.079427
405 0.473338 0.074477
410 0.499316 0.067262
415 0.536108 0.081532
420 0.588929 0.114425
425 0.622104 0.128877
430 0.661722 0.192857
435 0.689599 0.238374
440 0.711406 0.356168
445 0.730120 0.332244
450 0.740584 0.408164
455 0.749872 0.484147
460 0.764215 0.520658
465 0.773488 0.372493
470 0.781664 0.377801
475 0.784651 0.310798
480 0.784298 0.337754
485 0.786228 0.216432
490 0.785842 0.202008
495 0.783303 0.195959
500 0.788389 0.090459
505 0.799902 0.057061
510 0.805166 0.095582
515 0.813094 0.114803
520 0.857303 0.117011
525 0.887821 0.099007
530 0.906288 0.146806
535 0.914432 0.129623
540 0.918791 0.172368
545 0.941468 0.188142
550 0.942069 0.197768
555 0.940611 0.192381
560 0.940367 0.203249
565 0.939994 0.281258
570 0.930469 0.213117
575 0.930674 0.069767
580 0.932403 0.052083
585 0.932879 0.046139
590 0.935304 0.065582
595 0.951149 0.097308
600 0.957611 0.070016
605 0.959329 0.066951
610 0.962163 0.089938
615 0.963440 0.082743
620 0.965854 0.089521
625 0.966526 0.099741
630 0.967017 0.116397
635 0.967285 0.120137
640 0.968141 0.086177
645 0.967910 0.121281
650 0.967855 0.088693
655 0.968102 0.083517
660 0.968409 0.100989
665 0.968590 0.068493
670 0.968307 0.088493
675 0.968314 0.166157
680 0.969081 0.176286
685 0.969364 0.201205
690 0.969388 0.203709
695 0.969671 0.218567
700 0.969277 0.219518
705 0.969706 0.069467
710 0.970138 0.106952
715 0.970272 0.068003
720 0.970248 0.155758
725 0.970315 0.133098
730 0.970928 0.082211
735 0.971620 0.094761
740 0.972182 0.049751
745 0.973869 0.106069
750 0.974073 0.033312
755 0.974081 0.064863
760 0.973798 0.071272
765 0.974600 0.048216
770 0.974258 0.074375
775 0.974623 0.055732
780 0.974777 0.030038
785 0.974521 0.020569
790 0.974376 0.018762
795 0.973605 0.034899
800 0.973499 0.049554
805 0.973110 0.034535
810 0.972654 0.060845
815 0.973770 0.104047
820 0.973546 0.076648
825 0.973310 0.049265
830 0.973318 0.035558
835 0.974159 0.032307
840 0.974030 0.024626
845 0.974108 0.061011
850 0.973994 0.030389
855 0.974061 0.036404
860 0.973566 0.030392
865 0.973845 0.045098
870 0.974085 0.073500
875 0.974073 0.050175
880 0.973444 0.047419
885 0.973082 0.044535
890 0.973578 0.027141
895 0.973648 0.034816
900 0.973483 0.031727
905 0.972807 0.088233
910 0.973208 0.040619
915 0.973711 0.019279
920 0.973464 0.021602
925 0.973857 0.017486
930 0.973715 0.091038
935 0.974466 0.012044
940 0.974336 0.022569
945 0.974462 0.022795
950 0.974486 0.035933
955 0.974089 0.057464
960 0.974042 0.023883
965 0.973951 0.064161
970 0.973935 0.034000
975 0.973743 0.024703
980 0.973959 0.056472
985 0.974230 0.054183
990 0.974218 0.035107
995 0.974411 0.024830
1000 0.974501 0.033322
1005 0.974305 0.062469
1010 0.972953 0.047107
1015 0.972835 0.040859
1020 0.973432 0.034194
1025 0.973448 0.039660
1030 0.973393 0.040967
1035 0.974812 0.065392
1040 0.974611 0.066939
1045 0.974391 0.049845
1050 0.974332 0.040207
1055 0.974159 0.064185
1060 0.973939 0.065090
1065 0.974057 0.050266
1070 0.974269 0.041251
1075 0.973998 0.043980
1080 0.974273 0.039433
1085 0.974517 0.086340
1090 0.974851 0.039744
1095 0.974454 0.025753
1100 0.974246 0.040784
1105 0.974234 0.041034
1110 0.973829 0.084194
1115 0.974108 0.059894
1120 0.973829 0.041662
1125 0.973983 0.043149
1130 0.974281 0.044671
1135 0.974769 0.051117
1140 0.974902 0.047416
1145 0.975103 0.035929
1150 0.974710 0.042690
1155 0.974529 0.044682
1160 0.974702 0.096695
1165 0.973955 0.038542
1170 0.974407 0.045229
1175 0.975126 0.040030
1180 0.974678 0.046192
1185 0.974226 0.079924
1190 0.974207 0.062818
1195 0.974584 0.034956
1200 0.974588 0.035109
1205 0.974340 0.042020
1210 0.975095 0.083127
1215 0.974714 0.043516
1220 0.974230 0.084615
1225 0.974462 0.036912
1230 0.974843 0.036673
1235 0.974427 0.050532
1240 0.974894 0.044739
1245 0.974608 0.044267
1250 0.974089 0.047894
1255 0.973723 0.022540
1260 0.974187 0.058313
1265 0.974529 0.048340
1270 0.974836 0.031096
1275 0.974678 0.030041
1280 0.974792 0.033744
1285 0.974340 0.050088
1290 0.974651 0.042350
1295 0.974423 0.038172
1300 0.974682 0.017062
1305 0.974604 0.018823
1310 0.973990 0.039753
1315 0.974883 0.058148
1320 0.974494 0.053214
1325 0.974879 0.037492
1330 0.974938 0.026944
1335 0.975268 0.123288
1340 0.975398 0.062606
1345 0.975268 0.057652
1350 0.975193 0.027163
1355 0.975307 0.027308
1360 0.975264 0.058977
1365 0.975582 0.037753
1370 0.975457 0.032949
1375 0.975594 0.035028
1380 0.975681 0.021879
1385 0.975213 0.063925
1390 0.975323 0.020296
1395 0.975307 0.026547
1400 0.975901 0.037385
1405 0.976003 0.045280
1410 0.976046 0.086582
1415 0.976325 0.052307
1420 0.976176 0.038993
1425 0.976695 0.061992
1430 0.976408 0.134785
1435 0.975189 0.141827
1440 0.974721 0.088913
1445 0.974187 0.134247
1450 0.974757 0.275941
1455 0.975075 0.138098
1460 0.974490 0.168008
1465 0.976361 0.259179
1470 0.977579 0.335325
1475 0.977457 0.201713
1480 0.977418 0.347512
1485 0.975732 0.537524
1490 0.977697 0.492326
1495 0.976042 0.312883
1500 0.979238 0.533195
1505 0.981702 0.614080
1510 0.983440 0.384959
1515 0.984835 0.573838
1520 0.985507 0.642087
1525 0.985150 0.563317
1530 0.986109 0.692245
1535 0.986506 0.587156
1540 0.985633 0.519590
1545 0.983656 0.699474
1550 0.984254 0.792908
1555 0.985476 0.540285
1560 0.984918 0.829857
1565 0.985268 0.392829
1570 0.985075 0.577940
1575 0.983542 0.696349
1580 0.984002 0.820868
1585 0.981569 0.798896
1590 0.981058 0.799096
1595 0.981887 0.641358
1600 0.981207 0.763591
1605 0.980354 0.438377
1610 0.981734 0.546235
1615 0.984768 0.517114
1620 0.986840 0.437871
1625 0.987437 0.316292
1630 0.986903 0.431746
1635 0.986879 0.509644
1640 0.987056 0.434248
1645 0.988727 0.489961
1650 0.989073 0.602458
1655 0.988797 0.502140
1660 0.988259 0.546946
1665 0.986848 0.542650
1670 0.986573 0.442274
1675 0.985452 0.179927
1680 0.983444 0.231876
1685 0.979898 0.427788
1690 0.977752 0.356364
1695 0.978063 0.434142
1700 0.979926 0.290255
1705 0.980417 0.432400
1710 0.973939 0.348090
1715 0.970673 0.374050
1720 0.961078 0.358773
1725 0.969844 0.401846
1730 0.973114 0.346740
1735 0.937038 0.443096
1740 0.926173 0.390064
1745 0.885018 0.425431
1750 0.756637 0.541408
1755 0.700467 0.409310
1760 0.700730 0.514817
1765 0.684280 0.421436
1770 0.712986 0.526251
1775 0.767934 0.633771
1780 0.822056 0.355841
1785 0.823448 0.358288
1790 0.817406 0.357999
1795 0.794800 0.474946
1800 0.798763 0.465044
1805 0.804867 0.544042
1810 0.765520 0.551638
1815 0.768382 0.468662
1820 0.758567 0.565883
1825 0.734861 0.467965
1830 0.720777 0.354072