5 2.051762
10 2.499437
15 2.688264
20 2.747104
25 2.768621
30 2.867801
35 2.997265
40 2.988739
45 3.009934
50 3.011382
55 3.085344
60 3.108752
65 3.112009
70 3.009451
75 3.035071
80 3.344595
85 3.999960
90 4.436776
95 4.818090
100 4.937782
105 4.967664
110 4.966940
115 5.002091
120 4.886985
125 4.856942
130 4.778072
135 4.623029
140 4.523488
145 4.439994
150 4.344876
155 4.290661
160 4.306065
165 4.217664
170 4.162926
175 4.100266
180 4.054617
185 4.040219
190 4.031854
195 4.028636
200 4.034387
205 4.178370
210 4.154078
215 4.114985
CPU clock time taken: 9.645514
Wall clock time taken: 8.871496
