5 0.796199 0.310602
10 0.981323 0.388511
15 1.052124 0.460504
20 1.082823 0.378273
25 1.082713 0.321683
30 1.108500 0.309812
35 1.163998 0.293841
40 1.183853 0.327194
45 1.186772 0.441172
50 1.179223 0.435233
55 1.176806 0.257517
60 1.184120 0.362273
65 1.177308 0.441298
70 1.176005 0.517125
75 1.163810 0.268141
80 1.174185 0.332843
85 1.301111 0.274102
90 1.514958 0.335583
95 1.714349 0.579642
100 1.849719 0.494955
105 1.914728 0.502897
110 1.944659 0.378325
115 1.936717 0.403103
120 1.944000 0.455388
125 1.961861 0.503272
130 1.913332 0.460598
135 1.912327 0.442828
140 1.875239 0.532035
145 1.802179 0.412605
150 1.767681 0.529952
155 1.735537 0.392361
160 1.690649 0.458195
165 1.669288 0.422203
170 1.683586 0.516028
175 1.649198 0.467150
180 1.628983 0.406541
185 1.602317 0.487453
190 1.581238 0.573169
195 1.567473 0.467927
200 1.565684 0.369639
205 1.564711 0.312914
210 1.563283 0.328087
215 1.565198 0.221577
220 1.631274 0.405292
225 1.617494 0.359389
230 1.602835 0.355087
235 1.594124 0.292547
240 1.590734 0.255616
245 1.571538 0.365331
250 1.576514 0.424996
255 1.563000 0.254948
260 1.556754 0.290193
265 1.559893 0.252844
270 1.561478 0.371044
275 1.547007 0.360965
280 1.593198 0.211315
285 1.641602 0.241016
290 1.654205 0.191847
295 1.628402 0.273329
300 1.577926 0.269465
305 1.551103 0.218313
310 1.559516 0.251009
315 1.555153 0.259276
320 1.576498 0.411561
325 1.560834 0.361617
330 1.558951 0.300724
335 1.556911 0.317994
340 1.558857 0.256923
345 1.632059 0.413878
350 1.687369 0.336110
355 1.702122 0.316616
360 1.703001 0.255087
365 1.692375 0.313245
370 1.692046 0.357892
375 1.683884 0.428212
380 1.669602 0.334974
385 1.694510 0.255936
390 1.757463 0.260905
395 1.809414 0.427894
400 1.841432 0.398952
405 1.878629 0.304621
410 1.967056 0.349975
415 2.100072 0.305939
420 2.300358 0.506621
425 2.437251 0.548278
430 2.610557 0.812327
435 2.737201 0.690689
440 2.829347 0.732662
445 2.916690 0.657735
450 2.967919 0.624046
455 3.004662 0.749042
460 3.066798 0.711807
465 3.102113 1.037094
470 3.150532 1.164353
475 3.160875 1.105231
480 3.160075 1.432475
485 3.161048 1.502983
490 3.158207 1.651723
495 3.140895 1.121575
500 3.154801 0.739946
505 3.198747 0.334041
510 3.228584 0.264505
515 3.267790 0.313483
520 3.462504 0.457284
525 3.599444 0.471090
530 3.671155 0.502714
535 3.701431 0.412951
540 3.715322 0.435964
545 3.801676 0.530759
550 3.803811 0.439002
555 3.803669 0.480148
560 3.804878 0.555963
565 3.800750 1.045746
570 3.767021 1.237863
575 3.768559 1.238967
580 3.771212 0.757347
585 3.774900 0.465007
590 3.785651 0.483667
595 3.836943 0.530857
600 3.858335 0.384161
605 3.870939 0.332203
610 3.885221 0.419831
615 3.891343 0.367766
620 3.902549 0.403471
625 3.903773 0.431130
630 3.905892 0.613802
635 3.907195 0.747985
640 3.911056 0.614615
645 3.905923 0.429728
650 3.904903 0.315496
655 3.906677 0.307505
660 3.905076 0.449537
665 3.904809 0.493750
670 3.908293 0.538584
675 3.908466 0.474850
680 3.909863 0.483021
685 3.910600 0.492100
690 3.912280 0.418311
695 3.911935 0.813273
700 3.909580 0.792829
705 3.911448 0.786137
710 3.911903 0.706428
715 3.912233 0.822339
720 3.909141 0.701438
725 3.910036 0.791167
730 3.910883 0.633686
735 3.910867 0.574651
740 3.909878 0.401419
745 3.910051 0.456686
750 3.909047 0.537775
755 3.909345 0.429136
760 3.910459 0.321555
765 3.912845 0.333091
770 3.911825 0.506985
775 3.912594 0.450607
780 3.912845 0.370617
785 3.911903 0.320592
790 3.910067 0.298231
795 3.906425 0.328697
800 3.905860 0.398074
805 3.904887 0.404382
810 3.903679 0.375846
815 3.904683 0.403159
820 3.901278 0.623254
825 3.898767 0.362508
830 3.898986 0.425536
835 3.901592 0.342588
840 3.902643 0.345802
845 3.904495 0.316436
850 3.905138 0.380115
855 3.904746 0.454436
860 3.902219 0.249575
865 3.904385 0.393439
870 3.905437 0.535328
875 3.905044 0.515961
880 3.904668 0.267841
885 3.903051 0.523895
890 3.902910 0.343401
895 3.902831 0.317662
900 3.902125 0.281770
905 3.900948 0.513222
910 3.901843 0.401791
915 3.902517 0.375794
920 3.903036 0.367632
925 3.903742 0.283307
930 3.903977 0.451300
935 3.905280 0.355662
940 3.904793 0.375482
945 3.905971 0.362465
950 3.905406 0.421958
955 3.906096 0.571563
960 3.905876 0.351408
965 3.905421 0.406135
970 3.904244 0.326129
975 3.902784 0.281962
980 3.901874 0.584473
985 3.901968 0.457075
990 3.904197 0.352206
995 3.904950 0.339526
1000 3.906488 0.333896
1005 3.904480 0.515560
1010 3.901560 0.531050
1015 3.901937 0.470441
1020 3.901764 0.414416
1025 3.901576 0.374342
1030 3.902612 0.325355
1035 3.906582 0.601006
1040 3.906771 0.484728
1045 3.906018 0.529304
1050 3.905908 0.387709
1055 3.905923 0.473787
1060 3.905327 0.660275
1065 3.903192 0.568247
1070 3.904024 0.506084
1075 3.903224 0.435284
1080 3.904103 0.303954
1085 3.907258 0.602863
1090 3.907289 0.485431
1095 3.906865 0.349520
1100 3.905107 0.445473
1105 3.904872 0.313123
1110 3.905358 0.626947
1115 3.906457 0.551075
1120 3.905657 0.407134
1125 3.905405 0.489610
1130 3.905594 0.375832
1135 3.908246 0.556667
1140 3.908906 0.603706
1145 3.908482 0.339665
1150 3.908262 0.500636
1155 3.908513 0.416900
1160 3.908482 0.623868
1165 3.905688 0.542604
1170 3.908513 0.559241
1175 3.910239 0.472210
1180 3.909674 0.321494
1185 3.903349 0.506439
1190 3.904040 0.546162
1195 3.906504 0.437665
1200 3.906426 0.401471
1205 3.905970 0.408272
1210 3.906237 0.636692
1215 3.905641 0.448318
1220 3.905138 0.483437
1225 3.905876 0.455827
1230 3.906928 0.270320
1235 3.906143 0.314002
1240 3.906724 0.455442
1245 3.905013 0.433118
1250 3.904134 0.312816
1255 3.903946 0.324060
1260 3.905437 0.463455
1265 3.906018 0.393822
1270 3.907226 0.467908
1275 3.907932 0.323635
1280 3.906818 0.254673
1285 3.905264 0.356164
1290 3.906332 0.359481
1295 3.905154 0.297965
1300 3.906363 0.295002
1305 3.905829 0.250643
1310 3.905876 0.575467
1315 3.906630 0.605180
1320 3.906912 0.376188
1325 3.907336 0.376247
1330 3.907556 0.382495
1335 3.911433 0.578387
1340 3.911323 0.393759
1345 3.910114 0.328464
1350 3.910616 0.207182
1355 3.910663 0.185240
1360 3.907179 0.420426
1365 3.907556 0.313216
1370 3.906818 0.233837
1375 3.906896 0.247316
1380 3.907775 0.182850
1385 3.907838 0.392144
1390 3.906991 0.425416
1395 3.908607 0.288995
1400 3.910553 0.313943
1405 3.910836 0.316977
1410 3.909722 0.567304
1415 3.911668 0.610665
1420 3.913064 0.431320
1425 3.914524 0.594755
1430 3.913771 0.990749
1435 3.907869 0.972922
1440 3.908419 0.687021
1445 3.906426 1.012367
1450 3.908638 0.895276
1455 3.908387 0.805472
1460 3.907995 0.867670
1465 3.915011 1.083721
1470 3.919641 1.231099
1475 3.915921 1.565329
1480 3.915654 1.408993
1485 3.911213 1.214335
1490 3.920285 1.354440
1495 3.918087 1.530286
1500 3.927426 1.650027
1505 3.936717 1.782188
1510 3.942619 1.558586
1515 3.944125 1.636569
1520 3.948802 1.416791
1525 3.948551 1.210766
1530 3.945271 1.138421
1535 3.948473 1.244004
1540 3.944439 1.035497
1545 3.941222 0.991454
1550 3.943074 1.028937
1555 3.945757 1.172860
1560 3.944895 0.889503
1565 3.940876 0.716037
1570 3.937926 0.824017
1575 3.935477 0.922619
1580 3.935352 0.881633
1585 3.927002 0.967440
1590 3.923392 0.969947
1595 3.929858 0.907429
1600 3.927316 1.004627
1605 3.926327 0.893307
1610 3.935571 0.897070
1615 3.943136 0.836762
1620 3.947029 0.793864
1625 3.951078 0.971505
1630 3.952444 0.951109
1635 3.950561 0.993545
1640 3.957843 0.984670
1645 3.958941 0.870935
1650 3.959867 0.665677
1655 3.957246 0.867796
1660 3.951926 0.892730
1665 3.947421 0.875198
1670 3.942713 0.984107
1675 3.940374 1.046807
1680 3.932778 0.787129
1685 3.915764 1.002606
1690 3.905672 1.114667
1695 3.905923 1.120307
1700 3.912986 1.021559
1705 3.916627 1.271584
1710 3.894058 1.133572
1715 3.884233 1.005467
1720 3.838309 0.859218
1725 3.869244 0.744119
1730 3.886508 0.869238
1735 3.721553 0.906524
1740 3.681200 0.688997
1745 3.523166 0.820783
1750 3.018316 0.860686
1755 2.796041 0.664776
1760 2.797109 0.768992
1765 2.732963 0.871361
1770 2.848620 0.662366
1775 3.126001 0.711338
1780 3.353188 0.922091
1785 3.313761 0.819409
1790 3.277757 0.953846
1795 3.145667 0.859625
1800 3.143720 0.741970
1805 3.169507 0.804408
1810 3.034576 0.784454
1815 3.034702 0.657658
1820 2.984321 0.563877
1825 2.899834 0.604392
1830 2.836033 0.484382
1835 2.541953 0.676680
1840 2.446166 0.460358
1845 2.278824 0.376114
1850 2.147063 0.409747
1855 2.160169 0.312177
1860 2.281995 0.393360
1865 2.422466 0.401744
1870 2.639954 0.315457
1875 2.901262 0.439565
1880 3.072166 0.551734
1885 2.692626 0.647988
1890 2.703205 0.982563
1895 2.805898 1.086103
1900 2.717503 0.819854
1905 3.025254 1.011210
1910 3.263302 0.965463
1915 3.373277 0.728190
1920 3.459585 0.735546
1925 3.101877 0.723888
1930 2.676539 0.577088
1935 1.940798 0.491258
1940 1.689409 0.429437
1945 1.569985 0.309687
1950 1.360564 0.299956
1955 1.065464 0.213720
1960 0.669037 0.416149
1965 0.555859 0.406219
1970 0.482971 0.352764
1975 0.454876 0.267079
1980 0.441363 0.340632
1985 0.349311 0.402717
1990 0.328484 0.368221
1995 0.325753 0.340779
2000 0.450780 0.385780
2005 0.898123 0.332122
2010 1.737122 0.614575
2015 2.122893 0.636090
2020 2.888047 0.783605
2025 3.338874 0.921323
2030 3.541466 0.821725
2035 3.771055 0.740195
2040 3.600009 0.751934
2045 2.338984 0.658240
2050 1.937063 0.434892
2055 1.496484 0.316743
2060 1.076859 0.307599
2065 0.821609 0.255515
2070 0.538186 0.267062
2075 0.396224 0.270603
2080 0.352874 0.331103
2085 0.333035 0.394297
2090 0.324230 0.353221
2095 0.326129 0.315163
2100 0.386979 0.321971
2105 0.562529 0.262340
2110 0.877264 0.478662
2115 1.537166 0.476233
2120 3.460950 0.450460
2125 3.807876 0.646433
2130 3.939071 0.677928
2135 3.959711 0.655544
2140 3.967684 0.603975
2145 3.969567 0.586114
2150 3.969740 0.498322
2155 3.966004 0.440692
2160 3.774272 0.502965
2165 3.750730 0.303977
2170 3.747905 0.356532
2175 3.506278 0.337037
2180 1.615940 0.316583
2185 0.628731 0.279533
2190 0.486267 0.342068
2195 0.419955 0.352198
2200 0.369825 0.249520
2205 0.376542 0.306427
2210 0.482312 0.389713
2215 0.466742 0.287686
2220 0.463556 0.299174
2225 0.467809 0.280126
2230 0.481543 0.251323
2235 0.450921 0.290546
2240 0.446511 0.321680
2245 0.455834 0.275441
2250 0.468578 0.346739
2255 0.482045 0.220380
2260 0.470681 0.321535
2265 0.484760 0.261878
2270 0.681781 0.229681
2275 0.958565 0.339132
2280 1.177794 0.352991
2285 1.465643 0.484683
2290 1.460621 0.540895
2295 1.365916 0.431941
2300 1.263160 0.483858
2305 1.165270 0.538919
2310 1.056032 0.523709
2315 1.042016 0.407075
2320 0.904793 0.477204
2325 0.769784 0.418970
2330 0.704398 0.330284
2335 0.765420 0.396391
2340 0.651050 0.333747
2345 0.618231 0.219928
2350 0.609740 0.252412
2355 0.695703 0.274012
2360 0.665442 0.396102
2365 0.639436 0.399467
2370 0.632906 0.337199
2375 0.577911 0.392977
2380 0.516888 0.275252
2385 0.878174 0.312063
2390 1.114920 0.276212
2395 1.555168 0.373033
2400 2.348950 0.460937
2405 2.725539 0.328924
2410 1.978419 0.444969
2415 0.763443 0.287620
2420 0.359921 0.286203
2425 0.354773 0.339684
2430 0.384578 0.288673
2435 0.881627 0.332157
2440 1.017453 0.401032
2445 1.043680 0.284625
2450 1.029570 0.388232
2455 0.920316 0.302752
2460 0.695091 0.394461
2465 0.615077 0.289066
2470 0.536852 0.297608
2475 0.572009 0.220719
2480 0.697304 0.283407
2485 0.723938 0.481917
2490 0.684198 0.362783
2495 0.660546 0.318222
2500 0.661864 0.338955
2505 0.613413 0.319722
2510 0.789199 0.283359
2515 1.049236 0.239938
2520 1.207176 0.420876
2525 1.311407 0.422396
2530 1.378849 0.500522
2535 1.333506 0.510681
2540 1.051276 0.449373
2545 0.740308 0.321276
2550 0.594814 0.241193
2555 0.532567 0.258159
2560 0.764840 0.389006
2565 0.774021 0.372190
2570 0.787033 0.286544
2575 0.805365 0.264210
2580 0.821374 0.357245
2585 0.830634 0.380367
2590 0.831073 0.356436
2595 0.844194 0.337051
2600 0.861961 0.285928
2605 0.887058 0.390015
2610 0.987051 0.397479
2615 0.987287 0.373270
2620 1.009762 0.315000
2625 1.088709 0.214515
2630 1.275246 0.264521
2635 1.282450 0.459905
2640 1.418040 0.276269
2645 1.761026 0.372180
2650 2.065904 0.617351
2655 2.793656 0.500068
2660 3.084236 0.482017
2665 3.069561 0.575086
2670 2.856295 0.465194
2675 2.636940 0.378095
2680 1.997112 0.373405
2685 1.001962 0.406153
2690 0.958314 0.392854
2695 0.929168 0.321607
2700 0.911432 0.477729
2705 0.895957 0.459348
2710 0.892269 0.550029
2715 0.888957 0.449850
2720 0.782481 0.477869
2725 0.752911 0.563612
2730 0.835970 0.291527
2735 1.004128 0.512067
2740 1.120052 0.485815
2745 1.168990 0.574530
2750 1.281885 0.706926
2755 1.357378 0.814473
2760 1.564774 0.801839
2765 1.579700 0.745675
2770 1.568776 0.698752
2775 1.547086 0.657674
2780 1.590514 0.524610
2785 1.803262 0.488352
2790 1.808158 0.479806
2795 1.817670 0.498104
2800 1.821970 0.572086
2805 1.848887 0.544826
2810 1.926782 0.643789
2815 1.932841 0.490858
2820 1.944816 0.302868
2825 1.965424 0.296922
2830 1.984415 0.286380
2835 1.935367 0.302444
2840 1.932213 0.276126
2845 1.941049 0.302925
2850 1.956854 0.304366
2855 2.006403 0.220604
2860 2.051621 0.375832
2865 2.064334 0.318765
2870 2.087783 0.394411
2875 2.083074 0.301333
2880 2.094814 0.244319
2885 2.107935 0.455762
2890 2.070550 0.426518
2895 2.034953 0.433471
2900 2.010343 0.440024
2905 2.003688 0.377515
2910 2.043648 0.482688
2915 2.034090 0.458768
2920 2.052516 0.406093
2925 2.094893 0.313358
2930 2.139859 0.328392
2935 2.272091 0.469322
2940 2.272687 0.402424
2945 2.300813 0.429192
2950 2.371692 0.320745
2955 2.368381 0.393928
2960 2.100119 0.497416
2965 2.651505 0.444987
2970 3.544982 0.472406
2975 3.813354 0.583413
2980 3.854412 0.676597
2985 3.939385 0.685051
2990 3.942509 0.722283
2995 3.949634 0.547491
3000 3.953919 0.667369
3005 3.955551 0.723484
3010 3.958157 0.769480
3015 3.954955 0.895062
3020 3.949461 0.768918
3025 3.940719 1.037986
3030 3.937392 1.243391
3035 3.932432 0.947188
3040 3.933578 0.778292
3045 3.931444 0.854009
3050 3.931224 0.542556
3055 3.929749 0.472668
3060 3.921367 0.671972
3065 3.914744 0.741031
3070 3.915340 0.739987
3075 3.914053 0.803370
3080 3.909408 0.922557
3085 3.909109 0.870280
3090 3.902188 0.721122
3095 3.899347 0.558775
3100 3.893932 0.443739
3105 3.899944 0.404674
3110 3.899771 0.847667
3115 3.896993 0.662264
3120 3.892441 0.619721
3125 3.892567 0.488946
3130 3.887513 0.607847
3135 3.883385 1.012721
3140 3.870986 0.507226
3145 3.858524 0.351966
3150 3.849766 0.420326
3155 3.848573 0.391368
3160 3.853204 0.611795
3165 3.848181 0.562280
3170 3.847019 0.596985
3175 3.844618 0.554688
3180 3.846517 0.562298
3185 3.846266 0.710119
3190 3.843582 0.540015
3195 3.843504 0.565341
3200 3.841872 0.723449
3205 3.838230 0.684975
3210 3.837194 0.694467
3215 3.840898 0.457957
3220 3.844728 0.533253
3225 3.844744 0.326040
3230 3.844100 0.401238
3235 3.842264 0.505058
3240 3.843457 0.533235
3245 3.841840 0.438626
3250 3.840302 0.460905
3255 3.842248 0.315673
3260 3.839941 0.585208
3265 3.841558 0.336949
3270 3.841102 0.299027
3275 3.839502 0.341673
3280 3.837555 0.333007
3285 3.834322 0.518516
3290 3.834212 0.505039
3295 3.835609 0.321606
3300 3.834887 0.419642
3305 3.834652 0.385945
3310 3.840208 0.561363
3315 3.840836 0.530465
3320 3.838984 0.354170
3325 3.835609 0.379746
3330 3.835845 0.313288
3335 3.835248 0.577041
3340 3.835593 0.363613
3345 3.833992 0.376446
3350 3.832360 0.332610
3355 3.830571 0.298621
3360 3.836284 0.419223
3365 3.837210 0.446467
3370 3.838450 0.367671
3375 3.838277 0.283832
3380 3.838450 0.297042
3385 3.837712 0.565392
3390 3.836112 0.443660
3395 3.833506 0.429871
3400 3.834416 0.264553
3405 3.832784 0.233044
3410 3.834322 0.388085
3415 3.834353 0.346502
3420 3.833710 0.255811
3425 3.833020 0.307955
3430 3.834934 0.318312
3435 3.843504 0.523075
3440 3.843504 0.422228
3445 3.841228 0.291435
3450 3.841448 0.287420
3455 3.841118 0.252402
3460 3.840804 0.495001
3465 3.840004 0.352857
3470 3.840632 0.230875
3475 3.838905 0.225408
3480 3.839392 0.409355
3485 3.838544 0.515416
3490 3.839251 0.594723
3495 3.838921 0.336695
3500 3.837744 0.428529
3505 3.837838 0.320929
3510 3.844038 0.539106
3515 3.843567 0.392021
3520 3.842656 0.498962
3525 3.841416 0.481280
3530 3.842986 0.371957
3535 3.842232 0.575979
3540 3.841510 0.277865
3545 3.840490 0.272902
3550 3.837289 0.255118
3555 3.835593 0.294600
3560 3.836080 0.458932
3565 3.834966 0.273628
3570 3.836566 0.427820
3575 3.838167 0.412255
3580 3.838638 0.381496
3585 3.838450 0.323591
3590 3.838528 0.269735
3595 3.834322 0.492267
3600 3.834071 0.289246
3605 3.835986 0.325127
3610 3.836174 0.259642
3615 3.835798 0.325293
3620 3.836833 0.302873
3625 3.837995 0.210743
3630 3.837430 0.244409
3635 3.837367 0.279974
3640 3.836645 0.240687
3645 3.845403 0.528860
3650 3.845576 0.456626
3655 3.846062 0.273778
3660 3.841793 0.328085
3665 3.839580 0.391699
3670 3.846721 0.647175
3675 3.845277 0.507388
3680 3.844398 0.396424
3685 3.842217 0.417081
3690 3.838513 0.197738
3695 3.833239 0.685657
3700 3.833208 0.671020
3705 3.835546 0.611790
3710 3.835013 0.416839
3715 3.837367 0.411466
3720 3.839847 0.607156
3725 3.837869 0.496117
3730 3.833961 0.405670
3735 3.833694 0.375488
3740 3.832219 0.329802
3745 3.829708 0.603295
3750 3.832564 0.851203
3755 3.830492 0.898108
3760 3.831199 0.589983
3765 3.830335 0.340630
3770 3.836017 0.526993
3775 3.833914 0.371299
3780 3.834463 0.460781
3785 3.834463 0.271564
3790 3.834777 0.279919
3795 3.833757 0.490849
3800 3.832031 0.384544
3805 3.831199 0.435215
3810 3.831230 0.315646
3815 3.829096 0.491950
3820 3.844398 0.770445
3825 3.841212 0.331674
3830 3.841055 0.271157
3835 3.842719 0.219326
3840 3.842609 0.211343
3845 3.845089 0.403743
3850 3.847490 0.335717
3855 3.846972 0.245720
3860 3.844430 0.203114
3865 3.844838 0.301065
3870 3.844665 0.449589
3875 3.844963 0.372151
3880 3.843708 0.402164
3885 3.845293 0.282688
3890 3.844194 0.292008
3895 3.842452 0.489889
3900 3.845151 0.402144
3905 3.845136 0.440019
3910 3.846407 0.385337
3915 3.845136 0.442780
3920 3.857692 0.508484
3925 3.856876 0.400797
3930 3.856327 0.328930
3935 3.855966 0.437818
3940 3.855558 0.266844
3945 3.849170 0.596422
3950 3.847270 0.419404
3955 3.847883 0.462490
3960 3.848778 0.317254
3965 3.848307 0.328716
3970 3.848558 0.543234
3975 3.848118 0.344905
3980 3.848165 0.386552
3985 3.847459 0.374201
3990 3.847914 0.307689
3995 3.852732 0.574576
4000 3.850755 0.457609
4005 3.848824 0.271753
4010 3.848464 0.447623
4015 3.849719 0.271381
4020 3.850347 0.537613
4025 3.848918 0.429951
4030 3.849735 0.409170
4035 3.850519 0.473035
4040 3.849813 0.309666
4045 3.845842 0.514177
4050 3.844383 0.391428
4055 3.845136 0.478554
4060 3.845199 0.428788
4065 3.845152 0.280802
4070 3.845183 0.575280
4075 3.844948 0.518248
4080 3.844257 0.454419
4085 3.844587 0.433272
4090 3.845105 0.436332
4095 3.856735 0.603106
4100 3.856358 0.563712
4105 3.854694 0.505142
4110 3.853909 0.509066
4115 3.854475 0.495759
4120 3.860596 0.598717
4125 3.858932 0.535786
4130 3.858571 0.729324
4135 3.859246 1.012714
4140 3.860407 1.104840
4145 3.866874 0.926727
4150 3.867298 1.168671
4155 3.869228 1.155051
4160 3.867408 1.352655
4165 3.864127 1.107330
4170 3.859246 1.416905
4175 3.858603 1.331395
4180 3.853297 0.950352
4185 3.853392 0.958676
4190 3.869354 0.920198
4195 3.889349 0.816098
4200 3.886697 1.082637
4205 3.893901 1.485338
4210 3.900242 1.707124
4215 3.902737 1.259360
4220 3.903993 1.366632
4225 3.906739 1.375643
4230 3.904056 1.300188
4235 3.912248 1.074723
4240 3.918244 1.138183
4245 3.901434 0.861421
4250 3.915482 1.041953
4255 3.911574 0.981540
4260 3.919610 0.947148
4265 3.925166 0.905261
4270 3.935289 1.000056
4275 3.933453 0.877054
4280 3.936969 0.990558
4285 3.940311 0.851785
4290 3.936340 1.274943
4295 3.943937 1.192189
4300 3.950497 1.435300
4305 3.958220 1.218980
4310 3.950733 1.438466
4315 3.946652 1.222989
4320 3.944879 1.380478
4325 3.941332 1.382236
4330 3.934504 1.153995
4335 3.936702 1.363756
4340 3.939244 1.131911
4345 3.942211 1.033265
4350 3.942399 1.108099
4355 3.951596 1.241716
4360 3.958643 1.164918
4365 3.953998 1.009096
4370 3.947767 1.056386
4375 3.937769 1.186425
4380 3.917365 0.973316
4385 3.910051 0.771494
4390 3.904260 0.997153
4395 3.820040 1.053584
4400 3.720360 0.980948
4405 3.604153 0.952590
4410 3.429435 0.871993
4415 3.511771 0.876950
4420 3.928069 0.822217
4425 3.940563 0.872434
4430 3.932511 0.956120
4435 3.914979 0.913524
4440 3.900336 1.104528
4445 3.888219 0.736127
4450 3.869134 1.076091
4455 3.845450 0.964907
4460 3.820981 1.252461
4465 3.788006 0.979710
4470 3.786201 1.144995
4475 3.841055 0.950278
4480 3.877719 1.017483
4485 3.819270 1.097738
4490 3.703111 1.013517
4495 3.683288 0.989478
4500 3.730985 1.301925
4505 3.853486 1.081174
4510 3.918338 1.089934
4515 3.928571 1.025282
4520 3.928085 1.015643
4525 3.933657 0.959000
4530 3.936325 1.032644
4535 3.933861 1.042361
4540 3.928210 0.908651
4545 3.935713 0.843062
4550 3.939903 0.797607
4555 3.924177 0.917720
4560 3.929890 1.106110
4565 3.926358 1.064317
4570 3.929921 0.942877
4575 3.934598 0.964438
4580 3.940139 0.849017
4585 3.934033 0.530659
4590 3.927410 0.761137
4595 3.926766 0.534213
4600 3.925432 0.673963
4605 3.909220 0.709597
4610 3.915701 0.727067
4615 3.921195 0.661098
4620 3.920708 0.793083
4625 3.922388 0.677153
4630 3.932323 0.653269
4635 3.935681 0.724812
4640 3.935618 0.707218
4645 3.926766 0.608568
4650 3.934284 0.746104
4655 3.932872 0.770870
4660 3.940719 0.731718
4665 3.947892 0.818392
4670 3.944565 0.945789
4675 3.935242 0.720788
4680 3.919343 0.697676
4685 3.909094 0.709915
4690 3.878378 0.804766
4695 3.846203 0.796829
4700 3.860611 0.662901
4705 3.863766 0.658226
4710 3.879493 0.688506
4715 3.922482 0.600226
4720 3.946684 0.801439
4725 3.945805 0.713987
4730 3.930675 0.738928
4735 3.922435 0.777141
4740 3.940217 0.738923
4745 3.935399 0.666240
4750 3.764353 0.760937
4755 2.940453 0.578751
4760 1.597718 0.488767
4765 1.153687 0.338683
4770 0.773503 0.387984
4775 0.579590 0.251354
4780 0.380733 0.233932
4785 0.291035 0.338117
4790 0.283423 0.294786
4795 0.259880 0.282988
4800 0.254873 0.257787
4805 0.245393 0.322896
4810 0.249992 0.364295
4815 0.281147 0.330982
4820 0.396804 0.366708
4825 0.398280 0.319206
4830 0.407681 0.313763
4835 0.423157 0.380704
4840 0.440280 0.315436
4845 0.458533 0.302199
4850 0.480585 0.258219
4855 0.504144 0.297280
4860 0.464294 0.381026
4865 0.479471 0.275374
4870 0.497159 0.284271
4875 0.515303 0.260886
4880 0.527404 0.294896
4885 0.469787 0.371827
4890 0.476708 0.256778
4895 0.495605 0.272083
4900 0.528314 0.233529
4905 0.543601 0.187502
4910 0.454876 0.323144
4915 0.444204 0.196247
4920 0.689676 0.288135
4925 0.808096 0.347545
4930 1.015224 0.382025
4935 1.431601 0.486598
4940 2.192391 0.410236
4945 2.742207 0.360855
4950 2.919657 0.499035
4955 2.642637 0.333928
4960 0.909596 0.411741
4965 0.382239 0.274004
4970 0.587595 0.302146
4975 0.953229 0.382089
4980 1.194635 0.501584
4985 1.274445 0.533632
4990 1.270725 0.449903
4995 1.121731 0.530448
5000 0.966271 0.461154
5005 0.688452 0.264391
5010 0.540807 0.404252
5015 0.450655 0.245052
5020 0.431036 0.345780
5025 0.541655 0.375382
5030 0.542895 0.389910
5035 0.498101 0.401208
5040 0.502605 0.374970
5045 0.481982 0.277344
5050 0.598016 0.231325
5055 0.850425 0.338160
5060 1.230106 0.625953
5065 1.627758 0.782026
5070 2.162351 0.763284
5075 2.466177 0.788484
5080 2.676507 0.654456
5085 2.744310 0.534687
5090 1.796952 0.581557
5095 1.415011 0.514056
5100 1.288681 0.377148
5105 1.251342 0.447304
5110 1.507753 0.324434
5115 1.327087 0.286445
5120 1.265546 0.386779
5125 1.313353 0.356098
5130 1.345262 0.596357
5135 1.705999 0.356019
5140 1.721851 0.424057
5145 1.708510 0.335425
5150 1.708337 0.393437
5155 1.707788 0.276607
5160 1.607920 0.482168
5165 1.621747 0.419596
5170 1.632137 0.292817
5175 1.650705 0.426181
5180 1.664877 0.407969
5185 1.419123 0.367912
5190 1.444220 0.420015
5195 1.314766 0.371882
5200 1.334306 0.526065
5205 1.375867 0.378883
5210 1.388863 0.367934
5215 1.402078 0.334662
5220 0.122014 0.472646
5225 0.414148 0.264286
5230 0.626283 0.405794
5235 0.830147 0.511875
5240 0.942728 0.403348
5245 1.362887 0.370042
5250 1.411354 0.407917
5255 1.461233 0.400567
5260 1.599382 0.267900
5265 1.793860 0.309456
5270 0.828044 0.428576
5275 0.931381 0.450964
5280 1.006529 0.501645
5285 1.009652 0.474341
5290 1.146608 0.469997
5295 1.563393 0.465077
5300 2.093920 0.467940
5305 2.800640 0.621295
5310 3.123270 0.529262
5315 3.309618 0.631114
5320 3.666526 0.667884
5325 3.694572 0.612225
5330 3.718100 0.399906
5335 3.736274 0.435102
5340 3.750965 0.418302
5345 3.558998 0.450655
5350 3.613539 0.450076
5355 3.638698 0.488681
5360 3.669711 0.430877
5365 3.396852 0.580360
5370 2.552877 0.682454
5375 2.562247 0.520111
5380 2.485027 0.505827
5385 2.343896 0.579307
5390 2.371928 0.697549
5395 2.455128 0.693583
5400 2.475814 0.597851
5405 2.403569 0.812532
5410 2.341997 0.538711
5415 2.297454 0.670230
5420 2.361114 0.608549
5425 2.517469 0.495592
5430 2.639687 0.495366
5435 2.806997 0.621478
5440 2.958408 0.631308
5445 3.060913 0.763189
5450 3.091848 0.625316
5455 3.118216 0.553678
5460 3.125169 0.890120
5465 3.228192 0.826718
5470 3.447923 0.730083
5475 3.440939 0.521688
5480 3.476693 0.707665
5485 3.491054 0.629703
5490 3.502354 0.376370
5495 3.669209 0.586710
5500 3.867313 0.507717
5505 3.896538 0.629749
5510 3.907022 0.673925
5515 3.912908 0.642328
5520 3.922246 0.618394
5525 3.919280 0.662171
5530 3.919343 0.774165
5535 3.916878 0.819351
5540 3.914258 1.175112
5545 3.913190 0.988565
5550 3.910161 0.889286
5555 3.906410 0.464370
5560 3.904527 0.502529
5565 3.901450 0.422329
5570 3.893414 0.745039
5575 3.892943 0.622605
5580 3.889883 0.803421
5585 3.888000 0.743601
5590 3.887654 0.619592
5595 3.887278 0.819468
5600 3.888549 0.803271
5605 3.886132 0.772820
5610 3.885018 0.645869
5615 3.879822 0.604791
5620 3.871237 0.593308
5625 3.872289 0.496565
5630 3.870405 0.355873
5635 3.874894 0.303973
5640 3.878268 0.253891
5645 3.878739 0.471937
5650 3.879618 0.255909
5655 3.880403 0.378225
5660 3.882192 0.316014
5665 3.883730 0.315109
5670 3.891264 0.397031
5675 3.889224 0.384047
5680 3.891562 0.349776
5685 3.889977 0.482473
5690 3.889836 0.492046
5695 3.890887 0.635360
5700 3.894670 0.721570
5705 3.893038 0.614031
5710 3.894905 0.460427
5715 3.894748 0.463173
5720 3.893948 0.544112
5725 3.894058 0.443260
5730 3.893210 0.315893
5735 3.892692 0.363809
