5 0.623016 0.163632
10 0.763307 0.206014
15 0.819415 0.305586
20 0.842728 0.199344
25 0.846902 0.169829
30 0.868859 0.149051
35 0.913139 0.167746
40 0.929907 0.255559
45 0.933928 0.300168
50 0.929141 0.316097
55 0.930532 0.196072
60 0.934435 0.296868
65 0.926947 0.390935
70 0.933858 0.396929
75 0.921382 0.155450
80 0.928256 0.197200
85 1.022323 0.218672
90 1.182472 0.289664
95 1.328966 0.390631
100 1.425603 0.376682
105 1.473526 0.313967
110 1.498856 0.280832
115 1.500484 0.293813
120 1.510023 0.276265
125 1.522653 0.266014
130 1.482158 0.303881
135 1.481309 0.297502
140 1.455390 0.364576
145 1.403528 0.313688
150 1.377350 0.276826
155 1.352975 0.202734
160 1.322209 0.206834
165 1.304297 0.284536
170 1.315712 0.339106
175 1.287894 0.309728
180 1.274840 0.286803
185 1.253815 0.335851
190 1.237164 0.396874
195 1.228886 0.318067
200 1.227200 0.248586
205 1.226504 0.211924
210 1.225113 0.164635
215 1.225219 0.115113
220 1.272482 0.276904
225 1.261385 0.181842
230 1.251220 0.193870
235 1.245843 0.163989
240 1.245077 0.193466
245 1.228190 0.228650
250 1.236527 0.338290
255 1.227046 0.184776
260 1.220608 0.166699
265 1.221658 0.162550
270 1.224558 0.184217
275 1.214441 0.247926
280 1.245218 0.128392
285 1.279133 0.133499
290 1.286173 0.104162
295 1.269722 0.205674
300 1.235867 0.203523
305 1.218202 0.143052
310 1.224028 0.167009
315 1.219995 0.180103
320 1.235266 0.346359
325 1.222094 0.225181
330 1.218686 0.181359
335 1.216646 0.192541
340 1.217448 0.130555
345 1.275736 0.273623
350 1.319863 0.216264
355 1.332410 0.208629
360 1.333306 0.143553
365 1.324969 0.204109
370 1.326290 0.263904
375 1.318047 0.292424
380 1.309014 0.173668
385 1.321514 0.164382
390 1.359838 0.182993
395 1.391783 0.322186
400 1.411193 0.319874
405 1.438103 0.234295
410 1.499151 0.254029
415 1.591307 0.240916
420 1.735726 0.406703
425 1.826914 0.390532
430 1.944093 0.571083
435 2.031355 0.489880
440 2.098818 0.460479
445 2.165633 0.489426
450 2.206800 0.433477
455 2.233061 0.498745
460 2.283165 0.521183
465 2.311019 0.826140
470 2.347504 0.803913
475 2.354933 0.911053
480 2.354508 1.141769
485 2.354402 1.005634
490 2.350688 1.061239
495 2.339367 0.734815
500 2.348022 0.608297
505 2.382974 0.253302
510 2.406028 0.195010
515 2.436311 0.247150
520 2.585741 0.361517
525 2.691057 0.362470
530 2.747871 0.292157
535 2.770713 0.273908
540 2.781302 0.285207
545 2.851725 0.383558
550 2.852374 0.273847
555 2.853765 0.286431
560 2.852798 0.436469
565 2.850935 0.626119
570 2.826726 0.927968
575 2.825405 0.752204
580 2.829438 0.283653
585 2.831360 0.317673
590 2.840133 0.348437
595 2.880840 0.319423
600 2.897172 0.321388
605 2.905922 0.206557
610 2.915733 0.212751
615 2.917832 0.237857
620 2.928327 0.387825
625 2.928705 0.286387
630 2.929671 0.336972
635 2.932124 0.499247
640 2.935131 0.421417
645 2.932301 0.408706
650 2.931594 0.271741
655 2.932643 0.250255
660 2.930261 0.232027
665 2.930391 0.266789
670 2.932961 0.399472
675 2.931511 0.352996
680 2.933504 0.273147
685 2.934046 0.207576
690 2.935438 0.266631
695 2.936959 0.644889
700 2.935273 0.516174
705 2.936122 0.714144
710 2.936570 0.649156
715 2.936865 0.670615
720 2.933409 0.582720
725 2.933527 0.426805
730 2.932596 0.303211
735 2.932301 0.315595
740 2.932737 0.131979
745 2.932490 0.373736
750 2.933822 0.273719
755 2.932395 0.218328
760 2.931994 0.281255
765 2.933292 0.305614
770 2.934035 0.323734
775 2.934624 0.331526
780 2.933563 0.168925
785 2.932902 0.183782
790 2.932136 0.186564
795 2.930273 0.302267
800 2.930179 0.200912
805 2.928268 0.327562
810 2.927478 0.307024
815 2.926971 0.331802
820 2.924341 0.394321
825 2.923775 0.348498
830 2.922974 0.204247
835 2.924624 0.322466
840 2.925768 0.304657
845 2.927914 0.284539
850 2.928209 0.242773
855 2.928138 0.285048
860 2.925355 0.161621
865 2.927478 0.196500
870 2.927101 0.286160
875 2.927054 0.248326
880 2.926488 0.226797
885 2.925969 0.303403
890 2.926617 0.184627
895 2.926877 0.215862
900 2.926653 0.170092
905 2.924896 0.322876
910 2.926440 0.270933
915 2.926676 0.240760
920 2.925922 0.156043
925 2.926948 0.257428
930 2.926370 0.322642
935 2.927254 0.160002
940 2.926735 0.318517
945 2.927572 0.343259
950 2.928492 0.377264
955 2.927832 0.412525
960 2.928811 0.286488
965 2.928658 0.197415
970 2.928410 0.123156
975 2.926936 0.121070
980 2.924884 0.296257
985 2.926700 0.340037
990 2.928339 0.171729
995 2.927502 0.156022
1000 2.928598 0.222266
1005 2.926971 0.346652
1010 2.925167 0.343495
1015 2.924801 0.379076
1020 2.924943 0.341146
1025 2.925532 0.335328
1030 2.926181 0.296974
1035 2.929152 0.396432
1040 2.927962 0.339206
1045 2.928150 0.368665
1050 2.928056 0.274905
1055 2.928433 0.340763
1060 2.928162 0.462814
1065 2.926759 0.479235
1070 2.927738 0.400631
1075 2.927679 0.348689
1080 2.927997 0.271204
1085 2.928952 0.411694
1090 2.929035 0.322576
1095 2.928068 0.275244
1100 2.928799 0.328215
1105 2.928858 0.291849
1110 2.928386 0.512883
1115 2.928127 0.420356
1120 2.928858 0.336555
1125 2.928138 0.364082
1130 2.928823 0.352662
1135 2.929318 0.408493
1140 2.929801 0.447244
1145 2.930532 0.278204
1150 2.930509 0.273925
1155 2.930296 0.287150
1160 2.929271 0.476219
1165 2.928150 0.366636
1170 2.928492 0.333754
1175 2.930273 0.325603
1180 2.929978 0.257129
1185 2.927502 0.435389
1190 2.927160 0.387900
1195 2.929011 0.277527
1200 2.928988 0.299852
1205 2.929235 0.281500
1210 2.929306 0.428122
1215 2.927950 0.386615
1220 2.926841 0.340978
1225 2.928433 0.332150
1230 2.929459 0.147326
1235 2.927655 0.211380
1240 2.927125 0.303292
1245 2.926157 0.201974
1250 2.925804 0.163268
1255 2.925025 0.155440
1260 2.926629 0.256643
1265 2.928457 0.216571
1270 2.929459 0.227516
1275 2.929766 0.192340
1280 2.930013 0.164895
1285 2.928433 0.213807
1290 2.929223 0.196575
1295 2.928834 0.123140
1300 2.930167 0.181075
1305 2.929848 0.114731
1310 2.929495 0.342333
1315 2.930709 0.212697
1320 2.930650 0.231872
1325 2.930627 0.340268
1330 2.930615 0.217287
1335 2.931770 0.465068
1340 2.931381 0.345919
1345 2.930662 0.313125
1350 2.930521 0.247519
1355 2.931263 0.227347
1360 2.931629 0.326345
1365 2.931546 0.212866
1370 2.932112 0.214388
1375 2.932384 0.226652
1380 2.932843 0.167110
1385 2.931228 0.236956
1390 2.931853 0.276910
1395 2.931428 0.339699
1400 2.932914 0.259558
1405 2.934035 0.254198
1410 2.931511 0.390755
1415 2.932631 0.421232
1420 2.934471 0.335112
1425 2.935886 0.441567
1430 2.934577 0.670178
1435 2.930120 0.596670
1440 2.930120 0.618792
1445 2.928138 0.727669
1450 2.930143 0.663496
1455 2.932030 0.603257
1460 2.929058 0.613911
1465 2.934329 0.826298
1470 2.938740 0.854896
1475 2.938846 0.972753
1480 2.938327 0.974606
1485 2.937183 0.881762
1490 2.940497 1.122320
1495 2.935815 0.915398
1500 2.946534 1.177140
1505 2.951947 1.318856
1510 2.955720 1.139145
1515 2.957878 1.151040
1520 2.960013 0.817704
1525 2.960272 0.780339
1530 2.960496 0.871678
1535 2.961440 0.844346
1540 2.959187 0.901053
1545 2.955190 0.840815
1550 2.956192 0.781971
1555 2.958798 0.760605
1560 2.956286 0.683616
1565 2.956298 0.608161
1570 2.954824 0.638098
1575 2.950025 0.673811
1580 2.950614 0.461984
1585 2.944188 0.557692
1590 2.941275 0.530698
1595 2.944494 0.631271
1600 2.944589 0.540567
1605 2.943362 0.626151
1610 2.947513 0.649144
1615 2.955626 0.517359
1620 2.960638 0.518611
1625 2.963656 0.700700
1630 2.964046 0.788855
1635 2.963232 0.647632
1640 2.965732 0.708100
1645 2.967312 0.596495
1650 2.969564 0.471871
1655 2.967336 0.539278
1660 2.964234 0.656547
1665 2.960237 0.544736
1670 2.958409 0.576337
1675 2.955779 0.742489
1680 2.949412 0.538570
1685 2.937360 0.720785
1690 2.930190 0.739429
1695 2.931004 0.911879
1700 2.935874 0.844570
1705 2.936263 0.857281
1710 2.918375 0.729465
1715 2.907856 0.593132
1720 2.883387 0.620488
1725 2.908210 0.669787
1730 2.919177 0.528166
1735 2.799828 0.633900
1740 2.773331 0.475904
1745 2.659159 0.581972
1750 2.286172 0.550652
1755 2.124608 0.612451
1760 2.131070 0.628692
1765 2.086814 0.609703
1770 2.176552 0.511600
1775 2.362916 0.508648
1780 2.515306 0.642443
1785 2.489411 0.446475
1790 2.467819 0.629525
1795 2.380864 0.589896
1800 2.378505 0.564133
1805 2.395993 0.539558
1810 2.289875 0.546628
1815 2.296066 0.441525
1820 2.259216 0.342878
1825 2.195267 0.430789
1830 2.156329 0.429583
1835 1.956334 0.510083
1840 1.895981 0.272057
1845 1.781621 0.328357
1850 1.674206 0.268202
1855 1.670798 0.231764
1860 1.732412 0.313565
1865 1.827091 0.365335
1870 1.977135 0.377194
1875 2.161918 0.289850
1880 2.273260 0.326751
1885 1.993726 0.539529
1890 1.988727 0.602363
1895 2.058312 0.673459
1900 2.006521 0.623471
1905 2.235054 0.502602
1910 2.418044 0.690684
1915 2.508078 0.468567
1920 2.582003 0.410807
1925 2.319721 0.449518
1930 2.024292 0.361548
1935 1.486533 0.397989
1940 1.299226 0.317959
1945 1.210903 0.270437
1950 1.051119 0.168664
1955 0.837669 0.206885
1960 0.552664 0.218164
1965 0.464906 0.206346
1970 0.404259 0.246532
1975 0.372161 0.226068
1980 0.357185 0.247305
1985 0.279710 0.222542
1990 0.262694 0.261590
1995 0.261574 0.273170
2000 0.353211 0.234317
2005 0.664112 0.205708
2010 1.281420 0.373216
2015 1.534669 0.398509
2020 2.103759 0.690382
2025 2.487088 0.699424
2030 2.644253 0.526729
2035 2.829414 0.551817
2040 2.706681 0.557779
2045 1.779899 0.440012
2050 1.484505 0.344304
2055 1.160409 0.270059
2060 0.861359 0.224972
2065 0.674819 0.167031
2070 0.459470 0.166422
2075 0.337480 0.187565
2080 0.298366 0.168828
2085 0.272859 0.234915
2090 0.267069 0.233351
2095 0.267600 0.203855
2100 0.311856 0.211321
2105 0.428351 0.224841
2110 0.650055 0.309835
2115 1.125940 0.286358
2120 2.576331 0.283888
2125 2.841572 0.407965
2130 2.950945 0.442986
2135 2.968704 0.414582
2140 2.973031 0.385407
2145 2.975755 0.331596
2150 2.976746 0.347314
2155 2.973197 0.314088
2160 2.831172 0.370905
2165 2.808955 0.287900
2170 2.810853 0.254625
2175 2.637509 0.200871
2180 1.274781 0.204835
2185 0.516651 0.207048
2190 0.401736 0.211482
2195 0.346336 0.222443
2200 0.297328 0.146688
2205 0.299875 0.166714
2210 0.382102 0.288604
2215 0.368517 0.209607
2220 0.367031 0.226264
2225 0.368258 0.193847
2230 0.378187 0.182195
2235 0.358553 0.212515
2240 0.353978 0.181586
2245 0.359897 0.148768
2250 0.370876 0.237706
2255 0.378541 0.171935
2260 0.373376 0.289160
2265 0.387573 0.153997
2270 0.522181 0.095008
2275 0.705797 0.188113
2280 0.860793 0.180136
2285 1.073241 0.375196
2290 1.065435 0.349932
2295 1.006651 0.249446
2300 0.965307 0.298954
2305 0.890179 0.355789
2310 0.807634 0.388436
2315 0.798719 0.290122
2320 0.705243 0.237843
2325 0.600068 0.268854
2330 0.547475 0.197406
2335 0.604715 0.291430
2340 0.518632 0.229883
2345 0.492913 0.168706
2350 0.485272 0.222765
2355 0.545730 0.182477
2360 0.521238 0.280555
2365 0.499139 0.210850
2370 0.493243 0.242322
2375 0.450992 0.247909
2380 0.405615 0.126186
2385 0.677213 0.145496
2390 0.846997 0.143904
2395 1.157143 0.205136
2400 1.740230 0.350762
2405 2.027287 0.261974
2410 1.493102 0.313086
2415 0.601766 0.209732
2420 0.288425 0.200452
2425 0.283838 0.283113
2430 0.307045 0.208095
2435 0.682979 0.276658
2440 0.778944 0.249942
2445 0.796326 0.239599
2450 0.787540 0.201467
2455 0.716941 0.231516
2460 0.549574 0.283949
2465 0.487382 0.286155
2470 0.424707 0.160751
2475 0.448834 0.225903
2480 0.543843 0.216927
2485 0.564692 0.349650
2490 0.536744 0.205322
2495 0.519209 0.260452
2500 0.516155 0.280036
2505 0.477890 0.305237
2510 0.599903 0.150131
2515 0.778083 0.190593
2520 0.887644 0.269679
2525 0.957796 0.341384
2530 1.005554 0.370259
2535 0.986427 0.331645
2540 0.805807 0.262195
2545 0.594054 0.219215
2550 0.485755 0.181768
2555 0.435002 0.143052
2560 0.585753 0.237471
2565 0.590505 0.289399
2570 0.602887 0.212686
2575 0.614985 0.147734
2580 0.627167 0.231344
2585 0.639784 0.308446
2590 0.634431 0.251124
2595 0.645244 0.259742
2600 0.657461 0.185622
2605 0.677390 0.288695
2610 0.762069 0.317656
2615 0.761668 0.298225
2620 0.773673 0.216697
2625 0.827976 0.159076
2630 0.961345 0.159526
2635 0.958527 0.241419
2640 1.065529 0.220018
2645 1.314662 0.310743
2650 1.519870 0.419763
2655 2.063678 0.432929
2660 2.288578 0.425733
2665 2.299781 0.411570
2670 2.149678 0.341011
2675 1.990389 0.328566
2680 1.522016 0.291548
2685 0.793413 0.296188
2690 0.773178 0.242724
2695 0.743438 0.224360
2700 0.725030 0.325395
2705 0.712106 0.345170
2710 0.708356 0.406705
2715 0.710290 0.342288
2720 0.627320 0.298633
2725 0.606354 0.383418
2730 0.664112 0.216804
2735 0.781857 0.354675
2740 0.859638 0.398250
2745 0.896370 0.452259
2750 0.969340 0.498924
2755 1.020719 0.651597
2760 1.185397 0.579967
2765 1.196587 0.581058
2770 1.189394 0.561505
2775 1.173699 0.425080
2780 1.208450 0.386408
2785 1.359850 0.342594
2790 1.364213 0.286850
2795 1.379130 0.303169
2800 1.389944 0.383997
2805 1.415462 0.409671
2810 1.474010 0.405755
2815 1.479069 0.345558
2820 1.488526 0.223171
2825 1.507818 0.226210
2830 1.520731 0.178338
2835 1.483715 0.250988
2840 1.479694 0.172679
2845 1.486073 0.123366
2850 1.499847 0.079810
2855 1.533443 0.167947
2860 1.563183 0.197034
2865 1.574420 0.149753
2870 1.590010 0.214259
2875 1.587993 0.155820
2880 1.595351 0.190284
2885 1.606648 0.322323
2890 1.584043 0.226422
2895 1.561060 0.281077
2900 1.539669 0.260141
2905 1.536544 0.241977
2910 1.562652 0.304719
2915 1.557558 0.300945
2920 1.569456 0.285956
2925 1.601519 0.203827
2930 1.632969 0.241214
2935 1.721587 0.317048
2940 1.723403 0.284631
2945 1.743485 0.278257
2950 1.790536 0.271522
2955 1.783118 0.303841
2960 1.563583 0.388151
2965 1.961334 0.297216
2970 2.632733 0.280666
2975 2.846301 0.293050
2980 2.876701 0.364544
2985 2.953633 0.389443
2990 2.954918 0.337714
2995 2.958209 0.496626
3000 2.964140 0.407039
3005 2.965755 0.508520
3010 2.969553 0.592782
3015 2.965555 0.604217
3020 2.961334 0.655176
3025 2.956015 0.782138
3030 2.952760 0.980638
3035 2.947843 0.746049
3040 2.949471 0.537519
3045 2.947230 0.698790
3050 2.946558 0.372728
3055 2.944789 0.380599
3060 2.939294 0.455982
3065 2.935402 0.423119
3070 2.934813 0.507532
3075 2.932513 0.598204
3080 2.930886 0.456483
3085 2.930568 0.478637
3090 2.924766 0.440689
3095 2.923256 0.425097
3100 2.919224 0.389885
3105 2.923127 0.306246
3110 2.923634 0.671304
3115 2.921016 0.535811
3120 2.917455 0.361295
3125 2.916889 0.374983
3130 2.914165 0.377406
3135 2.911158 0.694804
3140 2.903670 0.383860
3145 2.894767 0.307286
3150 2.888800 0.348036
3155 2.887491 0.338310
3160 2.889908 0.457532
3165 2.885581 0.439671
3170 2.884566 0.502677
3175 2.884059 0.440287
3180 2.884684 0.312950
3185 2.884920 0.503086
3190 2.882302 0.574670
3195 2.881831 0.435352
3200 2.881170 0.419707
3205 2.879177 0.427425
3210 2.880050 0.494559
3215 2.882939 0.294926
3220 2.884696 0.361744
3225 2.885050 0.281214
3230 2.884460 0.315447
3235 2.881371 0.358618
3240 2.882679 0.339626
3245 2.882951 0.266825
3250 2.881713 0.316449
3255 2.882208 0.211651
3260 2.880486 0.399585
3265 2.882031 0.269175
3270 2.882267 0.211388
3275 2.881689 0.180570
3280 2.879460 0.239761
3285 2.876583 0.347653
3290 2.876689 0.399293
3295 2.876866 0.229552
3300 2.875864 0.284784
3305 2.876996 0.220366
3310 2.878069 0.369241
3315 2.880557 0.377712
3320 2.878894 0.210160
3325 2.876642 0.244379
3330 2.876548 0.163390
3335 2.876689 0.365757
3340 2.876147 0.255823
3345 2.875156 0.262886
3350 2.872951 0.221692
3355 2.872715 0.216352
3360 2.876842 0.344713
3365 2.876666 0.298665
3370 2.877750 0.263450
3375 2.878010 0.231198
3380 2.878659 0.174554
3385 2.877043 0.362771
3390 2.876748 0.152427
3395 2.875475 0.145370
3400 2.874602 0.136073
3405 2.874920 0.166881
3410 2.877739 0.342225
3415 2.876725 0.340048
3420 2.876595 0.290136
3425 2.876253 0.242096
3430 2.876088 0.172744
3435 2.880970 0.465632
3440 2.881076 0.257172
3445 2.879555 0.202630
3450 2.879979 0.219172
3455 2.879036 0.196135
3460 2.878706 0.349289
3465 2.878128 0.291249
3470 2.879272 0.317151
3475 2.877892 0.231399
3480 2.877196 0.352481
3485 2.878659 0.404001
3490 2.879401 0.425063
3495 2.879460 0.293854
3500 2.878859 0.321163
3505 2.878116 0.221447
3510 2.881642 0.321871
3515 2.883151 0.266343
3520 2.880758 0.367327
3525 2.880286 0.397317
3530 2.880522 0.335001
3535 2.881536 0.324073
3540 2.880852 0.321486
3545 2.880145 0.305787
3550 2.878482 0.272963
3555 2.877397 0.307867
3560 2.875109 0.388755
3565 2.874814 0.199184
3570 2.875038 0.283288
3575 2.875180 0.237928
3580 2.876536 0.300985
3585 2.876607 0.238020
3590 2.876772 0.198540
3595 2.875604 0.358911
3600 2.873953 0.299349
3605 2.875687 0.237610
3610 2.875769 0.174097
3615 2.876005 0.231572
3620 2.875133 0.253909
3625 2.876076 0.186802
3630 2.874272 0.140367
3635 2.874425 0.233470
3640 2.874696 0.163350
3645 2.883753 0.316904
3650 2.883493 0.259549
3655 2.883788 0.265099
3660 2.880887 0.287775
3665 2.879401 0.276580
3670 2.881595 0.485653
3675 2.881654 0.263449
3680 2.879437 0.300912
3685 2.879897 0.289144
3690 2.877904 0.184832
3695 2.873741 0.371719
3700 2.873989 0.525540
3705 2.875852 0.465718
3710 2.875156 0.313351
3715 2.877857 0.251443
3720 2.876795 0.447474
3725 2.876182 0.303073
3730 2.874012 0.340173
3735 2.873411 0.264916
3740 2.872727 0.209203
3745 2.872338 0.731978
3750 2.873128 0.648421
3755 2.872161 0.664038
3760 2.872621 0.438653
3765 2.872138 0.199032
3770 2.875829 0.328771
3775 2.874637 0.239842
3780 2.875050 0.333505
3785 2.875392 0.175263
3790 2.876170 0.180829
3795 2.876217 0.409849
3800 2.874743 0.227509
3805 2.874142 0.248533
3810 2.872361 0.240956
3815 2.871336 0.294843
3820 2.882491 0.558038
3825 2.880192 0.272781
3830 2.880510 0.148003
3835 2.881418 0.170547
3840 2.882196 0.175318
3845 2.882597 0.277938
3850 2.882444 0.206217
3855 2.883305 0.169120
3860 2.882349 0.149283
3865 2.882585 0.179732
3870 2.883776 0.299302
3875 2.883387 0.266865
3880 2.883022 0.176041
3885 2.884189 0.159705
3890 2.882857 0.193182
3895 2.881996 0.346631
3900 2.883623 0.287468
3905 2.884307 0.264762
3910 2.884472 0.341463
3915 2.883823 0.326170
3920 2.893257 0.411541
3925 2.891689 0.322887
3930 2.891736 0.243948
3935 2.890899 0.306149
3940 2.890710 0.252548
3945 2.885722 0.339324
3950 2.883883 0.390732
3955 2.884519 0.380904
3960 2.885309 0.232941
3965 2.884696 0.226740
3970 2.885038 0.362524
3975 2.885168 0.241217
3980 2.885321 0.236163
3985 2.885026 0.201511
3990 2.885097 0.190062
3995 2.888411 0.347985
4000 2.886241 0.292864
4005 2.885864 0.194051
4010 2.886772 0.348582
4015 2.887738 0.143316
4020 2.887585 0.348639
4025 2.886901 0.354640
4030 2.886335 0.345342
4035 2.886689 0.363199
4040 2.886323 0.186446
4045 2.883706 0.235840
4050 2.883765 0.272367
4055 2.884484 0.305861
4060 2.883918 0.292749
4065 2.883375 0.260954
4070 2.881300 0.352613
4075 2.881937 0.401853
4080 2.882349 0.317876
4085 2.882762 0.367045
4090 2.883588 0.266949
4095 2.891795 0.408237
4100 2.891488 0.382713
4105 2.889507 0.387989
4110 2.888210 0.399125
4115 2.888776 0.393409
4120 2.893245 0.418293
4125 2.893210 0.374018
4130 2.892314 0.525958
4135 2.892974 0.818408
4140 2.894519 0.923579
4145 2.899401 0.881348
4150 2.898529 0.844442
4155 2.899908 0.774794
4160 2.898847 0.986831
4165 2.896500 0.791495
4170 2.893316 0.877680
4175 2.889802 0.964652
4180 2.886948 0.613788
4185 2.889413 0.645768
4190 2.899519 0.711151
4195 2.913610 0.616122
4200 2.913717 0.721312
4205 2.918528 0.982354
4210 2.922278 1.208825
4215 2.927454 1.281531
4220 2.926547 0.860071
4225 2.931205 0.991888
4230 2.926322 1.091509
4235 2.933480 0.696288
4240 2.938044 0.866353
4245 2.927832 0.667871
4250 2.934400 0.772009
4255 2.931252 0.649818
4260 2.939707 0.629049
4265 2.941192 0.665349
4270 2.949341 0.665004
4275 2.950202 0.600308
4280 2.952171 0.642564
4285 2.955072 0.740619
4290 2.949942 0.773289
4295 2.954529 0.720101
4300 2.959871 0.897997
4305 2.965944 0.806124
4310 2.963208 0.886604
4315 2.960850 0.913853
4320 2.956357 0.958232
4325 2.957135 0.920006
4330 2.951687 0.785260
4335 2.952206 0.891858
4340 2.953138 0.712080
4345 2.956687 0.744942
4350 2.956617 0.811790
4355 2.960378 0.873586
4360 2.964411 0.849430
4365 2.959682 0.892282
4370 2.957100 0.674519
4375 2.949765 0.691528
4380 2.936983 0.688725
4385 2.933492 0.572347
4390 2.926464 0.830131
4395 2.864779 0.865551
4400 2.793554 0.652853
4405 2.711764 0.867231
4410 2.590647 0.650165
4415 2.651070 0.572934
4420 2.945084 0.511599
4425 2.953397 0.684196
4430 2.948362 0.804701
4435 2.935815 0.630576
4440 2.926700 0.704319
4445 2.919931 0.693533
4450 2.905297 0.892959
4455 2.891724 0.860402
4460 2.869390 0.914619
4465 2.847386 0.797286
4470 2.848789 0.776994
4475 2.881418 0.663762
4480 2.892738 0.706430
4485 2.859850 0.715415
4490 2.762470 0.804904
4495 2.751893 0.698600
4500 2.788177 0.747913
4505 2.888823 0.658150
4510 2.940060 0.744149
4515 2.944989 0.619722
4520 2.947796 0.659659
4525 2.950461 0.467916
4530 2.952985 0.723686
4535 2.952289 0.785804
4540 2.947501 0.823675
4545 2.950131 0.573632
4550 2.954364 0.681836
4555 2.941900 0.705983
4560 2.946723 0.784028
4565 2.944341 0.777930
4570 2.946393 0.678180
4575 2.946829 0.741517
4580 2.956451 0.689831
4585 2.948091 0.554474
4590 2.945166 0.581099
4595 2.944199 0.498034
4600 2.941523 0.529665
4605 2.930214 0.527771
4610 2.934990 0.434935
4615 2.939636 0.360081
4620 2.936452 0.567927
4625 2.934518 0.488741
4630 2.945732 0.540090
4635 2.945296 0.587851
4640 2.949459 0.450288
4645 2.941322 0.451247
4650 2.947619 0.478988
4655 2.946581 0.596264
4660 2.953279 0.535144
4665 2.960107 0.421633
4670 2.958680 0.576697
4675 2.949188 0.599549
4680 2.935851 0.493543
4685 2.927125 0.530094
4690 2.900533 0.497125
4695 2.879567 0.639197
4700 2.890392 0.454705
4705 2.893281 0.434980
4710 2.908729 0.419387
4715 2.938362 0.365773
4720 2.957902 0.524066
4725 2.958657 0.494471
4730 2.947490 0.482031
4735 2.938056 0.580729
4740 2.954223 0.471625
4745 2.949895 0.518056
4750 2.817422 0.474851
4755 2.217613 0.497917
4760 1.244593 0.316008
4765 0.899366 0.299724
4770 0.622426 0.297026
4775 0.483503 0.236011
4780 0.340110 0.139526
4785 0.245548 0.226725
4790 0.230360 0.249543
4795 0.210903 0.241132
4800 0.207424 0.220489
4805 0.200196 0.227316
4810 0.200314 0.212472
4815 0.224358 0.293564
4820 0.313613 0.246060
4825 0.314886 0.212309
4830 0.321325 0.230888
4835 0.333270 0.257378
4840 0.345416 0.223495
4845 0.359579 0.170117
4850 0.375062 0.191292
4855 0.391972 0.186521
4860 0.365723 0.250615
4865 0.375345 0.153149
4870 0.387444 0.219825
4875 0.401394 0.194633
4880 0.412679 0.205637
4885 0.372043 0.256331
4890 0.374909 0.196276
4895 0.389649 0.155955
4900 0.411240 0.134654
4905 0.423681 0.117746
4910 0.353860 0.215245
4915 0.345145 0.158848
4920 0.530094 0.191132
4925 0.619549 0.238277
4930 0.771385 0.218680
4935 1.073678 0.317885
4940 1.634336 0.229309
4945 2.039362 0.316731
4950 2.172991 0.302169
4955 1.964564 0.270871
4960 0.703533 0.233360
4965 0.322445 0.154822
4970 0.464376 0.207862
4975 0.735443 0.223419
4980 0.910839 0.269118
4985 0.971227 0.306267
4990 0.970472 0.294419
4995 0.854850 0.331049
5000 0.748308 0.252706
5005 0.545023 0.244944
5010 0.439848 0.191083
5015 0.370946 0.165457
5020 0.341631 0.207791
5025 0.419483 0.167488
5030 0.424518 0.177883
5035 0.392396 0.239862
5040 0.394885 0.164275
5045 0.383281 0.148888
5050 0.456640 0.198828
5055 0.619360 0.257825
5060 0.885628 0.478435
5065 1.154171 0.516736
5070 1.560883 0.579389
5075 1.799498 0.529450
5080 1.966970 0.465549
5085 2.043832 0.363581
5090 1.342810 0.323466
5095 1.067628 0.281167
5100 0.975213 0.223439
5105 0.967442 0.235899
5110 1.185927 0.248127
5115 1.044751 0.198574
5120 0.978656 0.275389
5125 0.998031 0.263522
5130 1.021521 0.397215
5135 1.305924 0.272934
5140 1.318294 0.310576
5145 1.306844 0.228086
5150 1.303424 0.267254
5155 1.304203 0.239560
5160 1.234806 0.283331
5165 1.243839 0.307613
5170 1.249298 0.237406
5175 1.267340 0.254890
5180 1.276668 0.250573
5185 1.084526 0.305065
5190 1.105009 0.343410
5195 1.006663 0.281712
5200 1.022570 0.331913
5205 1.053088 0.277916
5210 1.059798 0.243250
5215 1.068395 0.286775
5220 0.095175 0.369133
5225 0.315806 0.187880
5230 0.483373 0.231008
5235 0.634030 0.360437
5240 0.721410 0.288913
5245 1.047004 0.294742
5250 1.082015 0.278745
5255 1.118688 0.240891
5260 1.215337 0.168088
5265 1.351230 0.277793
5270 0.599750 0.294452
5275 0.668086 0.289278
5280 0.721280 0.301300
5285 0.723226 0.335992
5290 0.825794 0.199276
5295 1.139242 0.318900
5300 1.541001 0.320920
5305 2.067840 0.434734
5310 2.312080 0.359100
5315 2.456522 0.371132
5320 2.739935 0.483264
5325 2.761480 0.455373
5330 2.778578 0.340917
5335 2.793024 0.304121
5340 2.802717 0.279029
5345 2.653982 0.308386
5350 2.695007 0.343454
5355 2.716752 0.332888
5360 2.739417 0.375040
5365 2.536567 0.373047
5370 1.926936 0.520856
5375 1.938893 0.353986
5380 1.883965 0.332719
5385 1.788295 0.397718
5390 1.807516 0.402292
5395 1.870298 0.419873
5400 1.886901 0.355528
5405 1.835204 0.474363
5410 1.789887 0.429771
5415 1.761220 0.382713
5420 1.800877 0.425220
5425 1.905604 0.301791
5430 1.988833 0.330141
5435 2.103028 0.362635
5440 2.206846 0.371009
5445 2.278991 0.441216
5450 2.300771 0.375899
5455 2.319403 0.492521
5460 2.322233 0.718017
5465 2.398587 0.559199
5470 2.566060 0.610549
5475 2.562133 0.480496
5480 2.588418 0.375938
5485 2.600705 0.310935
5490 2.611106 0.244842
5495 2.738155 0.415644
5500 2.895203 0.482224
5505 2.917927 0.406373
5510 2.924141 0.402542
5515 2.931051 0.385632
5520 2.937643 0.411651
5525 2.936181 0.431818
5530 2.935320 0.447321
5535 2.934554 0.479852
5540 2.932903 0.857796
5545 2.934270 0.720564
5550 2.932903 0.606540
5555 2.929046 0.359463
5560 2.928881 0.333831
5565 2.926841 0.277430
5570 2.920804 0.483500
5575 2.921311 0.470288
5580 2.917089 0.618919
5585 2.917325 0.465320
5590 2.916488 0.478050
5595 2.918646 0.692594
5600 2.918563 0.571656
5605 2.915709 0.462558
5610 2.915438 0.363569
5615 2.911547 0.246383
5620 2.905061 0.434311
5625 2.905698 0.273478
5630 2.905828 0.281728
5635 2.908103 0.175830
5640 2.910002 0.146629
5645 2.910851 0.337601
5650 2.911335 0.181887
5655 2.912360 0.269392
5660 2.914401 0.184359
5665 2.914707 0.259814
5670 2.919601 0.368465
5675 2.918245 0.335414
5680 2.919342 0.207698
5685 2.917467 0.192466
5690 2.918292 0.312637
5695 2.917962 0.432347
5700 2.920143 0.367752
5705 2.918823 0.264021
5710 2.920615 0.220319
5715 2.921523 0.241654
5720 2.920815 0.348018
5725 2.921865 0.277295
5730 2.921535 0.193992
5735 2.921901 0.175945
CPU clock time taken: 290.236208
Wall clock time taken: 310.499056
