5 2.450355
10 2.980790
15 3.203251
20 3.270175
25 3.303304
30 3.439058
35 3.600029
40 3.596596
45 3.622670
50 3.629677
55 3.720053
60 3.752085
65 3.756185
70 3.637066
75 3.660995
80 4.034272
85 4.825254
90 5.347824
95 5.810763
100 5.958673
105 6.002383
110 5.995234
115 6.028600
120 5.888126
125 5.849993
130 5.755088
135 5.564946
140 5.446161
145 5.345726
150 5.233090
155 5.168740
160 5.186091
165 5.081511
170 5.016302
175 4.941704
180 4.889080
185 4.871872
190 4.861862
195 4.857381
200 4.864102
205 5.034511
210 5.006388
215 4.959245
CPU clock time taken: 9.266685
Wall clock time taken: 8.633003
