5 1.020156
10 1.240412
15 1.332739
20 1.360638
25 1.374953
30 1.432987
35 1.500782
40 1.499812
45 1.511890
50 1.514959
55 1.552440
60 1.565706
65 1.568043
70 1.518404
75 1.528086
80 1.683358
85 2.012692
90 2.231264
95 2.424691
100 2.486724
105 2.505574
110 2.501653
115 2.513672
120 2.455499
125 2.439521
130 2.399723
135 2.320503
140 2.270944
145 2.228987
150 2.182180
155 2.155569
160 2.163113
165 2.119335
170 2.092228
175 2.061202
180 2.039541
185 2.032254
190 2.028156
195 2.026215
200 2.028928
205 2.099832
210 2.088070
215 2.068132
CPU clock time taken: 9.078846
Wall clock time taken: 8.547691
