5 0.806524 0.250396
10 0.996520 0.446930
15 1.067324 0.569210
20 1.094285 0.407709
25 1.092451 0.315657
30 1.118659 0.436719
35 1.172127 0.438358
40 1.189949 0.369665
45 1.193539 0.495388
50 1.187488 0.444273
55 1.191250 0.390486
60 1.201941 0.375431
65 1.193789 0.411095
70 1.195153 0.540713
75 1.178742 0.347195
80 1.188852 0.385823
85 1.316932 0.365796
90 1.534751 0.411074
95 1.736096 0.553518
100 1.870133 0.475569
105 1.936610 0.579839
110 1.971001 0.463278
115 1.967882 0.434225
120 1.974324 0.471839
125 1.986661 0.497502
130 1.932127 0.526710
135 1.929259 0.567958
140 1.894100 0.555643
145 1.824394 0.540434
150 1.789219 0.493594
155 1.756145 0.365568
160 1.713995 0.478816
165 1.689275 0.431917
170 1.703273 0.581860
175 1.665575 0.434095
180 1.646639 0.457375
185 1.619177 0.486361
190 1.598407 0.602585
195 1.587717 0.422574
200 1.584394 0.324479
205 1.584128 0.392356
210 1.582874 0.262807
215 1.582341 0.236644
220 1.647407 0.427370
225 1.634005 0.315070
230 1.617515 0.315240
235 1.610791 0.235121
240 1.606590 0.247392
245 1.586996 0.346144
250 1.593454 0.416083
255 1.581228 0.227112
260 1.573406 0.242422
265 1.575569 0.242609
270 1.580992 0.431871
275 1.569816 0.310040
280 1.615305 0.198796
285 1.663584 0.227518
290 1.676202 0.202327
295 1.647548 0.279117
300 1.600194 0.359398
305 1.573469 0.236158
310 1.579315 0.335283
315 1.573970 0.326137
320 1.602373 0.379908
325 1.583469 0.352411
330 1.579691 0.291036
335 1.578093 0.296826
340 1.580554 0.228981
345 1.658489 0.375319
350 1.713101 0.364193
355 1.728807 0.334411
360 1.731315 0.244675
365 1.720562 0.346802
370 1.718713 0.446228
375 1.705812 0.408857
380 1.693131 0.283508
385 1.716126 0.279033
390 1.772682 0.335115
395 1.821431 0.441193
400 1.848737 0.479401
405 1.886278 0.368156
410 1.974998 0.407950
415 2.104615 0.417059
420 2.304314 0.576579
425 2.437692 0.577427
430 2.600492 0.753252
435 2.718008 0.886680
440 2.805082 0.823817
445 2.893018 0.808327
450 2.941548 0.739953
455 2.976346 0.787103
460 3.039799 0.568317
465 3.077293 1.061777
470 3.124804 1.330981
475 3.134178 1.211212
480 3.136137 1.593378
485 3.139037 1.576488
490 3.134178 1.461287
495 3.118299 1.094931
500 3.133692 0.734900
505 3.179619 0.328737
510 3.209747 0.292466
515 3.250674 0.336128
520 3.446000 0.435877
525 3.586150 0.500026
530 3.661781 0.411879
535 3.694056 0.485410
540 3.707552 0.462011
545 3.794000 0.458305
550 3.796053 0.474097
555 3.794768 0.480713
560 3.795316 0.588669
565 3.791021 0.958022
570 3.755972 1.296042
575 3.759609 1.365476
580 3.765362 0.584338
585 3.771161 0.517088
590 3.780974 0.476471
595 3.830209 0.477820
600 3.851292 0.389635
605 3.861825 0.337189
610 3.874224 0.335411
615 3.878394 0.234488
620 3.889946 0.494911
625 3.891027 0.311857
630 3.894272 0.501131
635 3.896435 0.744883
640 3.898536 0.593463
645 3.894147 0.508658
650 3.893833 0.314460
655 3.896906 0.398023
660 3.896138 0.415869
665 3.895401 0.476236
670 3.898019 0.578638
675 3.897533 0.470052
680 3.898756 0.584756
685 3.900025 0.506731
690 3.900966 0.491866
695 3.902847 0.894122
700 3.901201 0.810702
705 3.902016 0.818193
710 3.903395 0.820098
715 3.904383 0.821843
720 3.902439 0.792484
725 3.902847 0.756254
730 3.903850 0.585465
735 3.904994 0.646981
740 3.906875 0.363672
745 3.908490 0.475875
750 3.907126 0.455499
755 3.906781 0.484955
760 3.907236 0.372042
765 3.910073 0.409370
770 3.909728 0.445631
775 3.910261 0.484343
780 3.910559 0.355469
785 3.909304 0.329238
790 3.908646 0.236982
795 3.904163 0.387673
800 3.903191 0.299488
805 3.901342 0.326303
810 3.901294 0.444769
815 3.902063 0.445719
820 3.900652 0.774716
825 3.899806 0.504056
830 3.899194 0.440916
835 3.901060 0.351214
840 3.901028 0.449598
845 3.904069 0.464209
850 3.904163 0.403608
855 3.902016 0.410635
860 3.900683 0.216820
865 3.901013 0.371275
870 3.902784 0.472812
875 3.902706 0.344271
880 3.902298 0.360005
885 3.902141 0.436899
890 3.903630 0.337855
895 3.902925 0.423200
900 3.902439 0.373630
905 3.899915 0.488202
910 3.900574 0.399151
915 3.901044 0.365822
920 3.900652 0.238633
925 3.902173 0.334459
930 3.904006 0.548795
935 3.903881 0.362651
940 3.904351 0.379392
945 3.904398 0.319375
950 3.905339 0.438702
955 3.904383 0.577596
960 3.904116 0.389288
965 3.903615 0.348700
970 3.903003 0.292996
975 3.901546 0.294670
980 3.900573 0.508451
985 3.901890 0.422866
990 3.902533 0.334963
995 3.901420 0.318056
1000 3.903317 0.335699
1005 3.902141 0.472306
1010 3.899477 0.502907
1015 3.898614 0.390426
1020 3.898849 0.465710
1025 3.899116 0.406529
1030 3.899069 0.286827
1035 3.905935 0.610742
1040 3.905323 0.454145
1045 3.903082 0.438532
1050 3.903160 0.441632
1055 3.903724 0.436939
1060 3.904916 0.700837
1065 3.903599 0.640572
1070 3.904634 0.487477
1075 3.903348 0.452703
1080 3.903317 0.431873
1085 3.906891 0.672619
1090 3.904649 0.432055
1095 3.902439 0.315112
1100 3.901655 0.333813
1105 3.902502 0.347363
1110 3.902956 0.568222
1115 3.902925 0.530772
1120 3.903003 0.406115
1125 3.902580 0.468866
1130 3.903536 0.342684
1135 3.904978 0.507727
1140 3.906718 0.553769
1145 3.906577 0.317024
1150 3.905809 0.393703
1155 3.905825 0.427881
1160 3.905182 0.658990
1165 3.903254 0.559781
1170 3.903239 0.563667
1175 3.905464 0.343537
1180 3.904320 0.315603
1185 3.903834 0.520667
1190 3.903144 0.460670
1195 3.904163 0.397556
1200 3.904367 0.364612
1205 3.903975 0.401299
1210 3.905182 0.568363
1215 3.904367 0.489778
1220 3.902815 0.485922
1225 3.904148 0.400773
1230 3.904963 0.285054
1235 3.903568 0.336777
1240 3.902580 0.471068
1245 3.902580 0.470635
1250 3.902988 0.322057
1255 3.901514 0.265297
1260 3.902752 0.387757
1265 3.903740 0.416324
1270 3.904195 0.392274
1275 3.903740 0.348935
1280 3.903724 0.282846
1285 3.903489 0.412081
1290 3.905119 0.439098
1295 3.903364 0.202003
1300 3.904681 0.242197
1305 3.904446 0.209990
1310 3.904680 0.554920
1315 3.905731 0.532768
1320 3.906593 0.321717
1325 3.905903 0.369208
1330 3.906703 0.279480
1335 3.908897 0.503548
1340 3.908270 0.377480
1345 3.907095 0.323842
1350 3.907142 0.252567
1355 3.907518 0.164710
1360 3.907314 0.399757
1365 3.906969 0.331836
1370 3.907283 0.303296
1375 3.907533 0.211292
1380 3.907298 0.168360
1385 3.907236 0.517641
1390 3.907471 0.338070
1395 3.908913 0.303594
1400 3.910810 0.304231
1405 3.910998 0.283738
1410 3.909461 0.594029
1415 3.910214 0.647090
1420 3.910042 0.404094
1425 3.912424 0.589242
1430 3.912737 0.695879
1435 3.908239 0.823197
1440 3.905919 0.813371
1445 3.904649 0.911724
1450 3.907079 1.004164
1455 3.908442 0.822100
1460 3.906750 0.850429
1465 3.912314 1.026930
1470 3.918208 1.313855
1475 3.916327 1.447435
1480 3.918741 1.215211
1485 3.911108 1.190377
1490 3.920983 1.144472
1495 3.915261 1.270100
1500 3.928177 1.340355
1505 3.936187 1.460243
1510 3.942332 1.687249
1515 3.944589 1.479577
1520 3.947160 1.079558
1525 3.948806 1.288248
1530 3.948179 1.045319
1535 3.951988 1.124260
1540 3.946078 1.042974
1545 3.941188 0.875707
1550 3.942301 1.110434
1555 3.943805 0.931820
1560 3.943178 0.862835
1565 3.941767 0.720393
1570 3.939400 0.708357
1575 3.934165 0.884944
1580 3.936187 0.756351
1585 3.925920 0.862368
1590 3.925105 0.714362
1595 3.926657 0.845102
1600 3.927472 0.748509
1605 3.926657 0.837840
1610 3.933507 0.805763
1615 3.941422 0.744434
1620 3.948022 0.787221
1625 3.953602 0.807036
1630 3.952050 0.730126
1635 3.950781 0.888095
1640 3.956283 0.869661
1645 3.958054 0.998047
1650 3.958070 0.782017
1655 3.957411 1.010535
1660 3.953728 0.746697
1665 3.947363 0.978844
1670 3.943382 0.928158
1675 3.941423 0.743006
1680 3.930905 0.833287
1685 3.915967 0.883643
1690 3.906750 0.892355
1695 3.907769 0.984291
1700 3.916829 1.050308
1705 3.915512 1.102277
1710 3.894649 0.877950
1715 3.882798 0.623848
1720 3.843188 0.896277
1725 3.874271 0.863732
1730 3.889225 0.764763
1735 3.730861 0.880325
1740 3.692473 0.699389
1745 3.533153 0.735083
1750 3.025284 0.800802
1755 2.797699 0.723532
1760 2.799987 0.628120
1765 2.739122 0.848346
1770 2.857327 0.729360
1775 3.116543 0.676344
1780 3.342216 0.791432
1785 3.303655 0.729056
1790 3.267948 0.717130
1795 3.142454 0.703552
1800 3.143630 0.754899
1805 3.173992 0.773591
1810 3.030754 0.856567
1815 3.038842 0.698431
1820 2.992978 0.538170
1825 2.909540 0.588452
1830 2.855007 0.610486
1835 2.576980 0.730288
1840 2.487366 0.479575
1845 2.336338 0.460223
1850 2.197081 0.389886
1855 2.201517 0.299216
1860 2.303718 0.393261
1865 2.439134 0.504665
1870 2.646106 0.486228
1875 2.893959 0.475337
1880 3.053483 0.601593
1885 2.668145 0.761272
1890 2.670794 0.741960
1895 2.770503 0.923536
1900 2.708508 0.908174
1905 3.011317 0.910262
1910 3.251567 1.049264
1915 3.367829 0.652292
1920 3.452897 0.589889
1925 3.086886 0.817585
1930 2.669509 0.640239
1935 1.940263 0.526264
1940 1.691219 0.454382
1945 1.575459 0.312717
1950 1.367923 0.231855
1955 1.088391 0.247627
1960 0.700718 0.405912
1965 0.589363 0.351934
1970 0.514578 0.437699
1975 0.481096 0.294865
1980 0.468070 0.324392
1985 0.371418 0.448673
1990 0.349818 0.334742
1995 0.345069 0.343553
2000 0.467490 0.431481
2005 0.906044 0.299192
2010 1.735798 0.652008
2015 2.111057 0.867742
2020 2.868800 0.962893
2025 3.337639 0.988698
2030 3.541131 0.864168
2035 3.773168 0.740159
2040 3.598580 0.665109
2045 2.331337 0.509343
2050 1.933491 0.447103
2055 1.497743 0.366152
2060 1.092968 0.261555
2065 0.848313 0.251522
2070 0.572168 0.222381
2075 0.423741 0.316681
2080 0.381027 0.280957
2085 0.354380 0.403357
2090 0.346981 0.306948
2095 0.347827 0.322119
2100 0.411907 0.320712
2105 0.583281 0.260221
2110 0.892611 0.447546
2115 1.550207 0.608980
2120 3.452818 0.450627
2125 3.795865 0.673753
2130 3.936438 0.750118
2135 3.958979 0.704828
2140 3.966095 0.662938
2145 3.968587 0.615938
2150 3.971127 0.547847
2155 3.965233 0.432731
2160 3.774234 0.446603
2165 3.746066 0.365145
2170 3.747602 0.292458
2175 3.510142 0.289811
2180 1.646718 0.336264
2185 0.652188 0.298809
2190 0.510110 0.272545
2195 0.445075 0.310245
2200 0.389382 0.242290
2205 0.395511 0.303156
2210 0.507587 0.366183
2215 0.488275 0.328157
2220 0.486049 0.323625
2225 0.488385 0.326260
2230 0.501003 0.284768
2235 0.471503 0.315654
2240 0.466267 0.397092
2245 0.475328 0.308843
2250 0.490971 0.352847
2255 0.500470 0.281320
2260 0.491959 0.382884
2265 0.507947 0.289939
2270 0.700530 0.236950
2275 0.967584 0.381329
2280 1.179964 0.362956
2285 1.454935 0.357886
2290 1.433930 0.454107
2295 1.335523 0.472664
2300 1.260831 0.502898
2305 1.165418 0.479407
2310 1.058891 0.467051
2315 1.049627 0.441344
2320 0.920606 0.461778
2325 0.783858 0.395967
2330 0.713258 0.358327
2335 0.781303 0.327821
2340 0.670089 0.313550
2345 0.637830 0.233159
2350 0.630823 0.270058
2355 0.712506 0.319813
2360 0.682033 0.415423
2365 0.652956 0.467539
2370 0.643081 0.377638
2375 0.588266 0.317226
2380 0.531491 0.300949
2385 0.893395 0.353850
2390 1.127798 0.340561
2395 1.563437 0.324710
2400 2.336918 0.451352
2405 2.705044 0.384413
2410 1.980814 0.436167
2415 0.786005 0.248220
2420 0.380478 0.323717
2425 0.372563 0.366459
2430 0.404148 0.323530
2435 0.899743 0.360536
2440 1.026663 0.418566
2445 1.044078 0.299059
2450 1.024186 0.385757
2455 0.923302 0.332151
2460 0.710781 0.401370
2465 0.630823 0.274810
2470 0.553655 0.201118
2475 0.586479 0.245714
2480 0.712427 0.340993
2485 0.736253 0.475945
2490 0.695530 0.331875
2495 0.672174 0.377483
2500 0.670669 0.365957
2505 0.623691 0.354635
2510 0.798389 0.281257
2515 1.051132 0.238908
2520 1.199887 0.390011
2525 1.299047 0.465937
2530 1.353627 0.506785
2535 1.304016 0.481667
2540 1.045599 0.399497
2545 0.749953 0.341142
2550 0.612327 0.301322
2555 0.553796 0.214632
2560 0.775190 0.368532
2565 0.781178 0.375515
2570 0.796680 0.305655
2575 0.812371 0.223238
2580 0.828704 0.349653
2585 0.841291 0.501245
2590 0.839739 0.368009
2595 0.852514 0.328181
2600 0.871293 0.352690
2605 0.897015 0.379237
2610 0.995878 0.484491
2615 0.996128 0.428628
2620 1.014907 0.294796
2625 1.091354 0.192457
2630 1.277071 0.325888
2635 1.274829 0.460397
2640 1.416703 0.378957
2645 1.757085 0.408419
2650 2.047448 0.566646
2655 2.771538 0.598514
2660 3.055850 0.641905
2665 3.045583 0.645674
2670 2.846260 0.669229
2675 2.631278 0.481407
2680 2.009687 0.454667
2685 1.024202 0.343745
2690 0.991300 0.419483
2695 0.958399 0.361412
2700 0.937645 0.455525
2705 0.921374 0.444204
2710 0.914650 0.532673
2715 0.912816 0.383982
2720 0.805630 0.384672
2725 0.773340 0.458008
2730 0.855054 0.281551
2735 1.025284 0.453820
2740 1.134585 0.498415
2745 1.180717 0.497075
2750 1.284062 0.725324
2755 1.352467 0.856775
2760 1.556994 0.783063
2765 1.570240 0.658596
2770 1.557088 0.525329
2775 1.533811 0.501818
2780 1.580146 0.502154
2785 1.786711 0.597905
2790 1.791272 0.434631
2795 1.808609 0.436067
2800 1.818296 0.561682
2805 1.849066 0.600514
2810 1.925105 0.673178
2815 1.933068 0.535719
2820 1.944652 0.308273
2825 1.969293 0.315811
2830 1.988150 0.243692
2835 1.933193 0.336452
2840 1.930419 0.286672
2845 1.937175 0.315627
2850 1.958038 0.228785
2855 2.006254 0.183847
2860 2.054690 0.343223
2865 2.065709 0.285272
2870 2.087372 0.407203
2875 2.081917 0.331559
2880 2.093125 0.229935
2885 2.108346 0.432716
2890 2.070396 0.419151
2895 2.038310 0.365303
2900 2.011819 0.365241
2905 2.003981 0.388981
2910 2.045018 0.502656
2915 2.039046 0.462648
2920 2.059925 0.377986
2925 2.102969 0.278862
2930 2.145401 0.363597
2935 2.264594 0.450533
2940 2.267431 0.391227
2945 2.300254 0.414590
2950 2.370055 0.379723
2955 2.367985 0.395273
2960 2.092388 0.537648
2965 2.635244 0.407999
2970 3.529923 0.441382
2975 3.802699 0.551019
2980 3.840962 0.622139
2985 3.938899 0.674464
2990 3.941093 0.702004
2995 3.946768 0.607884
3000 3.954746 0.517935
3005 3.956675 0.624614
3010 3.960279 0.751410
3015 3.954856 0.708449
3020 3.949981 0.638591
3025 3.943523 1.174172
3030 3.938538 1.234685
3035 3.933554 1.091773
3040 3.934102 0.853489
3045 3.932190 0.706920
3050 3.933193 0.518001
3055 3.929964 0.483600
3060 3.919587 0.708724
3065 3.914054 0.740227
3070 3.914195 0.803047
3075 3.912455 0.686275
3080 3.910637 0.986741
3085 3.909571 0.820156
3090 3.902470 0.635175
3095 3.899680 0.587917
3100 3.895824 0.423576
3105 3.900307 0.491091
3110 3.899570 0.957551
3115 3.895793 0.674096
3120 3.891858 0.455649
3125 3.892344 0.637204
3130 3.888927 0.602149
3135 3.884664 1.045041
3140 3.873409 0.588452
3145 3.860979 0.418317
3150 3.850790 0.363716
3155 3.849677 0.319724
3160 3.852483 0.585405
3165 3.848752 0.672053
3170 3.845837 0.634560
3175 3.845335 0.578449
3180 3.845868 0.504256
3185 3.848768 0.599113
3190 3.846088 0.531209
3195 3.842843 0.614752
3200 3.841589 0.681426
3205 3.839316 0.642629
3210 3.838470 0.677600
3215 3.843658 0.462525
3220 3.846761 0.552722
3225 3.847671 0.440523
3230 3.846589 0.333727
3235 3.842545 0.576513
3240 3.845492 0.548560
3245 3.846903 0.417657
3250 3.841965 0.469430
3255 3.843893 0.287198
3260 3.841808 0.747024
3265 3.842843 0.407247
3270 3.842514 0.321942
3275 3.841683 0.313472
3280 3.840021 0.422814
3285 3.836745 0.534387
3290 3.838046 0.663526
3295 3.838360 0.421044
3300 3.836275 0.279624
3305 3.837874 0.270572
3310 3.840021 0.512157
3315 3.840868 0.536939
3320 3.838579 0.280426
3325 3.836526 0.292030
3330 3.835993 0.340632
3335 3.837858 0.547830
3340 3.837905 0.392226
3345 3.836651 0.300413
3350 3.834488 0.263964
3355 3.832607 0.253516
3360 3.837921 0.451320
3365 3.838626 0.313465
3370 3.839802 0.264610
3375 3.840476 0.251197
3380 3.840256 0.317737
3385 3.837513 0.601221
3390 3.837608 0.427592
3395 3.835319 0.297819
3400 3.835131 0.338595
3405 3.834692 0.268939
3410 3.837372 0.348899
3415 3.837466 0.276969
3420 3.837717 0.275513
3425 3.836165 0.299345
3430 3.836824 0.326363
3435 3.843000 0.470289
3440 3.843313 0.349813
3445 3.840131 0.354417
3450 3.840977 0.270801
3455 3.839864 0.256687
3460 3.841542 0.541846
3465 3.840946 0.381987
3470 3.841620 0.238505
3475 3.839943 0.224109
3480 3.840319 0.439557
3485 3.841448 0.503526
3490 3.841228 0.587632
3495 3.840398 0.397996
3500 3.840366 0.428023
3505 3.840632 0.243230
3510 3.844614 0.629912
3515 3.845994 0.443543
3520 3.844003 0.530841
3525 3.843689 0.502179
3530 3.843720 0.484960
3535 3.843658 0.563223
3540 3.842420 0.332986
3545 3.842482 0.333355
3550 3.839974 0.316549
3555 3.838924 0.339260
3560 3.837419 0.411896
3565 3.836808 0.240726
3570 3.836776 0.357125
3575 3.837655 0.375796
3580 3.837764 0.286757
3585 3.838046 0.314990
3590 3.838611 0.258869
3595 3.834927 0.521955
3600 3.835084 0.324759
3605 3.836761 0.288108
3610 3.837310 0.275520
3615 3.837168 0.364293
3620 3.836338 0.409720
3625 3.837592 0.207650
3630 3.837200 0.234209
3635 3.837247 0.262172
3640 3.837247 0.326045
3645 3.846213 0.499435
3650 3.846119 0.379769
3655 3.845868 0.328685
3660 3.841683 0.331478
3665 3.840868 0.418395
3670 3.847279 0.617017
3675 3.846197 0.380983
3680 3.843673 0.277321
3685 3.840852 0.354142
3690 3.838595 0.231623
3695 3.834033 0.540715
3700 3.833845 0.610079
3705 3.836306 0.475423
3710 3.835946 0.384518
3715 3.839488 0.403357
3720 3.839034 0.542968
3725 3.838485 0.378223
3730 3.834676 0.436037
3735 3.834410 0.369582
3740 3.832873 0.367444
3745 3.831761 0.503231
3750 3.833062 0.842791
3755 3.831886 0.852828
3760 3.832388 0.439284
3765 3.831964 0.245605
3770 3.837842 0.457430
3775 3.835617 0.250301
3780 3.836589 0.310422
3785 3.834284 0.274467
3790 3.835131 0.312699
3795 3.835350 0.605357
3800 3.834864 0.332971
3805 3.834065 0.369049
3810 3.832670 0.298842
3815 3.829958 0.591738
3820 3.844865 0.659989
3825 3.843188 0.328928
3830 3.844144 0.321031
3835 3.845194 0.236530
3840 3.845351 0.194738
3845 3.845617 0.436365
3850 3.845680 0.332817
3855 3.845899 0.236625
3860 3.845492 0.178599
3865 3.846213 0.238203
3870 3.847044 0.463020
3875 3.848361 0.354244
3880 3.847624 0.424223
3885 3.848125 0.394477
3890 3.848000 0.342014
3895 3.845288 0.487186
3900 3.847185 0.445680
3905 3.847733 0.397754
3910 3.848439 0.477318
3915 3.846495 0.346616
3920 3.857671 0.458805
3925 3.857044 0.360049
3930 3.856935 0.287893
3935 3.856668 0.315799
3940 3.854693 0.301565
3945 3.850304 0.590694
3950 3.848548 0.480719
3955 3.850367 0.494963
3960 3.850085 0.223817
3965 3.849599 0.204342
3970 3.848517 0.522657
3975 3.848188 0.348867
3980 3.848172 0.206169
3985 3.848125 0.344211
3990 3.848000 0.288540
3995 3.852937 0.559571
4000 3.852060 0.546853
4005 3.851699 0.338238
4010 3.850931 0.515025
4015 3.851683 0.292748
4020 3.850868 0.531459
4025 3.851950 0.461089
4030 3.852310 0.406233
4035 3.851652 0.438118
4040 3.851605 0.273550
4045 3.848125 0.531376
4050 3.847342 0.426196
4055 3.847059 0.433748
4060 3.847436 0.396622
4065 3.846511 0.257640
4070 3.846291 0.646625
4075 3.846589 0.531433
4080 3.845492 0.449012
4085 3.846385 0.381717
4090 3.847545 0.395692
4095 3.858831 0.527879
4100 3.859442 0.577760
4105 3.855869 0.489424
4110 3.855477 0.510985
4115 3.856214 0.498509
4120 3.861120 0.583087
4125 3.860038 0.472079
4130 3.857907 0.820596
4135 3.858204 0.879855
4140 3.859145 1.123030
4145 3.868252 1.017881
4150 3.868409 1.029770
4155 3.870023 1.153762
4160 3.866544 1.006289
4165 3.863189 0.940969
4170 3.859286 1.292817
4175 3.857013 1.330187
4180 3.853267 0.636493
4185 3.856119 0.879617
4190 3.868863 0.827031
4195 3.889288 0.803804
4200 3.887031 1.017759
4205 3.893128 1.704691
4210 3.901608 1.453279
4215 3.903568 1.319857
4220 3.903568 1.332098
4225 3.908239 1.230364
4230 3.904257 1.307193
4235 3.912424 0.987518
4240 3.916750 0.874189
4245 3.901169 1.096490
4250 3.913129 1.158502
4255 3.909681 0.892228
4260 3.920810 0.765550
4265 3.924572 0.894406
4270 3.933867 0.845731
4275 3.933021 0.779231
4280 3.938445 1.029683
4285 3.939558 0.991467
4290 3.933005 0.835504
4295 3.940937 1.212906
4300 3.947128 1.364511
4305 3.949919 1.102544
4310 3.944902 1.111532
4315 3.945075 1.461384
4320 3.936454 1.282910
4325 3.931328 1.276428
4330 3.923679 1.234677
4335 3.928209 1.357201
4340 3.931971 1.175066
4345 3.937096 1.047108
4350 3.941062 1.066446
4355 3.949119 1.186233
4360 3.955013 1.054641
4365 3.950138 1.161581
4370 3.946078 1.026939
4375 3.935294 1.133090
4380 3.915167 0.996916
4385 3.909838 1.054685
4390 3.900872 0.946947
4395 3.813358 1.264740
4400 3.714669 0.998602
4405 3.599991 1.135244
4410 3.432174 0.897099
4415 3.515158 0.948258
4420 3.928193 0.764413
4425 3.939369 1.005359
4430 3.929322 0.986506
4435 3.914211 0.883705
4440 3.900605 0.934444
4445 3.888567 1.068947
4450 3.872171 0.900945
4455 3.850884 1.100257
4460 3.825381 1.125558
4465 3.789093 1.164151
4470 3.786272 1.131266
4475 3.839191 1.025123
4480 3.871246 1.207381
4485 3.817732 0.949686
4490 3.694573 0.920765
4495 3.679086 0.814327
4500 3.722553 0.936374
4505 3.849614 1.088943
4510 3.918302 0.931926
4515 3.928303 0.926867
4520 3.928365 0.787512
4525 3.935356 0.746157
4530 3.939683 0.910186
4535 3.936046 0.955347
4540 3.930576 0.941735
4545 3.936908 1.031624
4550 3.939902 0.916295
4555 3.923867 1.238618
4560 3.930168 1.037779
4565 3.927393 1.092304
4570 3.930905 0.961540
4575 3.931077 0.888688
4580 3.940514 1.016385
4585 3.932801 0.771329
4590 3.925575 0.848397
4595 3.926688 0.710489
4600 3.923710 0.694901
4605 3.908552 0.587672
4610 3.914289 0.609907
4615 3.922331 0.693839
4620 3.919760 0.705978
4625 3.916468 0.700145
4630 3.928444 0.598584
4635 3.930952 0.624951
4640 3.935278 0.736426
4645 3.926532 0.728657
4650 3.931704 0.816231
4655 3.932127 0.736182
4660 3.940560 0.693056
4665 3.946752 0.750333
4670 3.945937 0.796625
4675 3.934761 0.769345
4680 3.916343 0.819972
4685 3.907533 0.563628
4690 3.871826 0.723665
4695 3.840554 0.970363
4700 3.852828 0.787494
4705 3.856888 0.616701
4710 3.875839 0.670700
4715 3.917675 0.785120
4720 3.944605 0.730966
4725 3.944323 0.926904
4730 3.930952 0.705366
4735 3.920590 0.687526
4740 3.940263 0.700045
4745 3.935450 0.850562
4750 3.762822 0.683998
4755 2.938742 0.654996
4760 1.613424 0.509656
4765 1.165324 0.309253
4770 0.797323 0.463237
4775 0.611888 0.217644
4780 0.420418 0.215196
4785 0.311258 0.312100
4790 0.299204 0.363954
4795 0.278952 0.310065
4800 0.273669 0.264389
4805 0.265283 0.240556
4810 0.266537 0.384667
4815 0.299972 0.407457
4820 0.417017 0.395550
4825 0.420136 0.301857
4830 0.429776 0.355194
4835 0.443225 0.405525
4840 0.458258 0.342332
4845 0.475061 0.336545
4850 0.495219 0.269857
4855 0.517760 0.327253
4860 0.482522 0.358150
4865 0.495501 0.280673
4870 0.514170 0.255068
4875 0.533968 0.259741
4880 0.547056 0.301645
4885 0.481927 0.348023
4890 0.488385 0.277120
4895 0.507602 0.226279
4900 0.540144 0.255052
4905 0.558468 0.209950
4910 0.469544 0.344014
4915 0.455436 0.232173
4920 0.703555 0.285601
4925 0.820851 0.284484
4930 1.023481 0.389380
4935 1.422942 0.398864
4940 2.165763 0.513875
4945 2.705577 0.456622
4950 2.878739 0.444115
4955 2.614804 0.355304
4960 0.919055 0.420845
4965 0.408301 0.308670
4970 0.611010 0.314629
4975 0.974528 0.365489
4980 1.207098 0.430359
4985 1.271867 0.563685
4990 1.261866 0.427372
4995 1.108424 0.408089
5000 0.961424 0.568982
5005 0.695169 0.282089
5010 0.560474 0.384085
5015 0.470970 0.267655
5020 0.445232 0.318334
5025 0.550176 0.397632
5030 0.553530 0.379132
5035 0.508621 0.507367
5040 0.509954 0.385074
5045 0.495783 0.302847
5050 0.611151 0.287785
5055 0.859929 0.347914
5060 1.230783 0.643159
5065 1.618613 0.659691
5070 2.155386 0.846565
5075 2.458038 0.631660
5080 2.666829 0.770957
5085 2.739984 0.662483
5090 1.789109 0.416249
5095 1.409555 0.433915
5100 1.280002 0.413671
5105 1.260173 0.392666
5110 1.537040 0.359251
5115 1.358236 0.254625
5120 1.283654 0.341602
5125 1.327983 0.471554
5130 1.359599 0.525106
5135 1.709370 0.349647
5140 1.727193 0.479311
5145 1.716581 0.405961
5150 1.712302 0.420949
5155 1.713916 0.287849
5160 1.617766 0.408701
5165 1.634711 0.425387
5170 1.641514 0.344962
5175 1.661828 0.426238
5180 1.676735 0.369088
5185 1.429745 0.373185
5190 1.457411 0.454247
5195 1.323657 0.391377
5200 1.346417 0.484728
5205 1.386090 0.403481
5210 1.400683 0.375904
5215 1.411029 0.394985
5220 0.124538 0.488852
5225 0.415841 0.301483
5230 0.633927 0.424215
5235 0.837137 0.456173
5240 0.951423 0.445369
5245 1.381419 0.399358
5250 1.429870 0.398369
5255 1.478086 0.420006
5260 1.612609 0.250548
5265 1.801759 0.412889
5270 0.818045 0.361412
5275 0.911029 0.493573
5280 0.979576 0.514151
5285 0.978463 0.460238
5290 1.118127 0.380945
5295 1.543655 0.526202
5300 2.082325 0.576389
5305 2.788529 0.633639
5310 3.114208 0.647829
5315 3.299172 0.544383
5320 3.658850 0.703395
5325 3.689949 0.626239
5330 3.709825 0.400077
5335 3.730030 0.448583
5340 3.740721 0.457082
5345 3.548201 0.523532
5350 3.602703 0.416690
5355 3.630102 0.529863
5360 3.659994 0.483353
5365 3.386451 0.661785
5370 2.544940 0.716648
5375 2.552150 0.638899
5380 2.475343 0.601550
5385 2.348595 0.593454
5390 2.378989 0.611130
5395 2.463399 0.655231
5400 2.486049 0.710970
5405 2.411154 0.576425
5410 2.342263 0.633207
5415 2.299925 0.755428
5420 2.356496 0.723133
5425 2.502994 0.725455
5430 2.619240 0.623307
5435 2.780096 0.623880
5440 2.928287 0.619817
5445 3.029516 0.826522
5450 3.066932 0.621456
5455 3.094912 0.744114
5460 3.100445 0.953448
5465 3.205122 0.873708
5470 3.427315 0.655376
5475 3.420685 0.611574
5480 3.456737 0.531133
5485 3.471644 0.513648
5490 3.485485 0.476484
5495 3.655731 0.542655
5500 3.860587 0.594948
5505 3.891027 0.577436
5510 3.901342 0.639876
5515 3.908176 0.718130
5520 3.918192 0.675377
5525 3.916562 0.620609
5530 3.917079 0.712462
5535 3.917832 0.799098
5540 3.913035 1.169292
5545 3.914148 1.010189
5550 3.911327 0.809305
5555 3.906013 0.556643
5560 3.905590 0.482695
5565 3.901295 0.489113
5570 3.894539 0.754475
5575 3.894633 0.639953
5580 3.892470 0.606107
5585 3.890902 0.692202
5590 3.887955 0.666744
5595 3.893065 0.830852
5600 3.889727 0.833970
5605 3.888488 0.836586
5610 3.886748 0.780020
5615 3.881121 0.466486
5620 3.873487 0.653192
5625 3.874882 0.477944
5630 3.875243 0.408271
5635 3.877939 0.273989
5640 3.881403 0.244552
5645 3.881419 0.389825
5650 3.881105 0.304396
5655 3.881889 0.323361
5660 3.884146 0.297517
5665 3.884335 0.365454
5670 3.891921 0.441355
5675 3.891890 0.473607
5680 3.893254 0.382515
5685 3.892438 0.535070
5690 3.893097 0.453201
5695 3.893363 0.822719
5700 3.895448 0.747636
5705 3.893755 0.504297
5710 3.895244 0.481867
5715 3.895950 0.415651
5720 3.894836 0.538146
5725 3.894413 0.478378
5730 3.894539 0.363432
5735 3.893990 0.344416
