1 0.151890 
2 0.151890 
3 0.167691 
4 0.167691 
5 0.190231 
6 0.190231 
7 0.222490 
8 0.222490 
9 0.244373 
10 0.244373 
11 0.258449 
12 0.258449 
13 0.265753 
14 0.265753 
15 0.264687 
16 0.264687 
17 0.268951 
18 0.268951 
19 0.268418 
20 0.268418 
21 0.265408 
22 0.265408 
23 0.265879 
24 0.265879 
25 0.266631 
26 0.266631 
27 0.270268 
28 0.270268 
29 0.272838 
30 0.272838 
31 0.279673 
32 0.279673 
33 0.282463 
34 0.282463 
35 0.288451 
36 0.288451 
37 0.288576 
38 0.288576 
39 0.284877 
40 0.284877 
41 0.284626 
42 0.284626 
43 0.278043 
44 0.278043 
45 0.278607 
46 0.278607 
47 0.277384 
48 0.277384 
49 0.276820 
50 0.276820 
51 0.273497 
52 0.273497 
53 0.270738 
54 0.270738 
55 0.267572 
56 0.267572 
57 0.264217 
58 0.264217 
59 0.261490 
60 0.261490 
61 0.260894 
62 0.260894 
63 0.258167 
64 0.258167 
65 0.258606 
66 0.258606 
67 0.256975 
68 0.256975 
69 0.267101 
70 0.267101 
71 0.264123 
72 0.264123 
73 0.264562 
74 0.264562 
75 0.264343 
76 0.264343 
77 0.262587 
78 0.262587 
79 0.261584 
80 0.261584 
81 0.263622 
82 0.263622 
83 0.272086 
84 0.272086 
85 0.297448 
86 0.297448 
87 0.320083 
88 0.320083 
89 0.339802 
90 0.339802 
91 0.367766 
92 0.367766 
93 0.386827 
94 0.386827 
95 0.402658 
96 0.402658 
97 0.410715 
98 0.410715 
99 0.416045 
100 0.416045 
101 0.421939 
102 0.421939 
103 0.428083 
104 0.428083 
105 0.425387 
106 0.425387 
107 0.429463 
108 0.429463 
109 0.434541 
110 0.434541 
111 0.439213 
112 0.439213 
113 0.445765 
114 0.445765 
115 0.453226 
116 0.453226 
117 0.461816 
118 0.461816 
119 0.475014 
120 0.475014 
121 0.483353 
122 0.483353 
123 0.485548 
124 0.485548 
125 0.484795 
126 0.484795 
127 0.477522 
128 0.477522 
129 0.470625 
130 0.470625 
131 0.467145 
132 0.467145 
133 0.462192 
134 0.462192 
135 0.464606 
136 0.464606 
137 0.459433 
138 0.459433 
139 0.452379 
140 0.452379 
141 0.447144 
142 0.447144 
143 0.438868 
144 0.438868 
145 0.431971 
146 0.431971 
147 0.429400 
148 0.429400 
149 0.425230 
150 0.425230 
151 0.418647 
152 0.418647 
153 0.414822 
154 0.414822 
155 0.409493 
156 0.409493 
157 0.404132 
158 0.404132 
159 0.399586 
160 0.399586 
161 0.397517 
162 0.397517 
163 0.396294 
164 0.396294 
165 0.392094 
166 0.392094 
167 0.390024 
168 0.390024 
169 0.395542 
170 0.395542 
171 0.393379 
172 0.393379 
173 0.388269 
174 0.388269 
175 0.385103 
176 0.385103 
177 0.382814 
178 0.382814 
179 0.380306 
180 0.380306 
181 0.380118 
182 0.380118 
183 0.376513 
184 0.376513 
185 0.373221 
186 0.373221 
187 0.370587 
188 0.370587 
189 0.368957 
190 0.368957 
191 0.366920 
192 0.366920 
193 0.364976 
194 0.364976 
195 0.362437 
196 0.362437 
197 0.364004 
198 0.364004 
199 0.363691 
200 0.363691 
201 0.361935 
202 0.361935 
203 0.363001 
204 0.363001 
205 0.362499 
206 0.362499 
207 0.360712 
208 0.360712 
209 0.361371 
210 0.361371 
211 0.362374 
212 0.362374 
213 0.362280 
214 0.362280 
215 0.361747 
216 0.361747 
217 0.362719 
218 0.362719 
219 0.377359 
220 0.377359 
221 0.376481 
222 0.376481 
223 0.375102 
224 0.375102 
225 0.374036 
226 0.374036 
227 0.373158 
228 0.373158 
229 0.370650 
230 0.370650 
231 0.367860 
232 0.367860 
233 0.367045 
234 0.367045 
235 0.367609 
236 0.367609 
237 0.366637 
238 0.366637 
239 0.366481 
240 0.366481 
241 0.367515 
242 0.367515 
243 0.366481 
244 0.366481 
245 0.363973 
246 0.363973 
247 0.363941 
248 0.363941 
249 0.364349 
250 0.364349 
251 0.363252 
252 0.363252 
253 0.362405 
254 0.362405 
255 0.361590 
256 0.361590 
257 0.361057 
258 0.361057 
259 0.360273 
260 0.360273 
261 0.360242 
262 0.360242 
263 0.359866 
264 0.359866 
265 0.360023 
266 0.360023 
267 0.359270 
268 0.359270 
269 0.362938 
270 0.362938 
271 0.360806 
272 0.360806 
273 0.358424 
274 0.358424 
275 0.358737 
276 0.358737 
277 0.357671 
278 0.357671 
279 0.357421 
280 0.357421 
281 0.355696 
282 0.355696 
283 0.356104 
284 0.356104 
285 0.356825 
286 0.356825 
287 0.356229 
288 0.356229 
289 0.355069 
290 0.355069 
291 0.354442 
292 0.354442 
293 0.353627 
294 0.353627 
295 0.357107 
296 0.357107 
297 0.355007 
298 0.355007 
299 0.354129 
300 0.354129 
301 0.353094 
302 0.353094 
303 0.353565 
304 0.353565 
305 0.353627 
306 0.353627 
307 0.353157 
308 0.353157 
309 0.353502 
310 0.353502 
311 0.354191 
312 0.354191 
313 0.353690 
314 0.353690 
315 0.354097 
316 0.354097 
317 0.354066 
318 0.354066 
319 0.359302 
320 0.359302 
321 0.358048 
322 0.358048 
323 0.356668 
324 0.356668 
325 0.356637 
326 0.356637 
327 0.357170 
328 0.357170 
329 0.357076 
330 0.357076 
331 0.357013 
332 0.357013 
333 0.357922 
334 0.357922 
335 0.357891 
336 0.357891 
337 0.357515 
338 0.357515 
339 0.357640 
340 0.357640 
341 0.362342 
342 0.362342 
343 0.372939 
344 0.372939 
345 0.390683 
346 0.390683 
347 0.399179 
348 0.399179 
349 0.407612 
350 0.407612 
351 0.411154 
352 0.411154 
353 0.412408 
354 0.412408 
355 0.410465 
356 0.410465 
357 0.409650 
358 0.409650 
359 0.410778 
360 0.410778 
361 0.410402 
362 0.410402 
363 0.407769 
364 0.407769 
365 0.405605 
366 0.405605 
367 0.403442 
368 0.403442 
369 0.406044 
370 0.406044 
371 0.405825 
372 0.405825 
373 0.405010 
374 0.405010 
375 0.403724 
376 0.403724 
377 0.402251 
378 0.402251 
379 0.398677 
380 0.398677 
381 0.395166 
382 0.395166 
383 0.393661 
384 0.393661 
385 0.394633 
386 0.394633 
387 0.395824 
388 0.395824 
389 0.397956 
390 0.397956 
391 0.403818 
392 0.403818 
393 0.408960 
394 0.408960 
395 0.408364 
396 0.408364 
397 0.411280 
398 0.411280 
399 0.409148 
400 0.409148 
401 0.414352 
402 0.414352 
403 0.416264 
404 0.416264 
405 0.418271 
406 0.418271 
407 0.422409 
408 0.422409 
409 0.428209 
410 0.428209 
411 0.436391 
412 0.436391 
413 0.446172 
414 0.446172 
415 0.460530 
416 0.460530 
417 0.472945 
418 0.472945 
419 0.498903 
420 0.498903 
421 0.512509 
422 0.512509 
423 0.525926 
424 0.525926 
425 0.538372 
426 0.538372 
427 0.554298 
428 0.554298 
429 0.567747 
430 0.567747 
431 0.578970 
432 0.578970 
433 0.596150 
434 0.596150 
435 0.606402 
436 0.606402 
437 0.616089 
438 0.616089 
439 0.627688 
440 0.627688 
441 0.632422 
442 0.632422 
443 0.638441 
444 0.638441 
445 0.655809 
446 0.655809 
447 0.658850 
448 0.658850 
449 0.666813 
450 0.666813 
451 0.675403 
452 0.675403 
453 0.680450 
454 0.680450 
455 0.684369 
456 0.684369 
457 0.691579 
458 0.691579 
459 0.698884 
460 0.698884 
461 0.704025 
462 0.704025 
463 0.709198 
464 0.709198 
465 0.712615 
466 0.712615 
467 0.715343 
468 0.715343 
469 0.727099 
470 0.727099 
471 0.727632 
472 0.727632 
473 0.728416 
474 0.728416 
475 0.729325 
476 0.729325 
477 0.730202 
478 0.730202 
479 0.729105 
480 0.729105 
481 0.727256 
482 0.727256 
483 0.727099 
484 0.727099 
485 0.726378 
486 0.726378 
487 0.724560 
488 0.724560 
489 0.724716 
490 0.724716 
491 0.724246 
492 0.724246 
493 0.724716 
494 0.724716 
495 0.716847 
496 0.716847 
497 0.716847 
498 0.716847 
499 0.723901 
500 0.723901 
501 0.729450 
502 0.729450 
503 0.735313 
504 0.735313 
505 0.740485 
506 0.740485 
507 0.745376 
508 0.745376 
509 0.747759 
510 0.747759 
511 0.752931 
512 0.752931 
513 0.759295 
514 0.759295 
515 0.763684 
516 0.763684 
517 0.782149 
518 0.782149 
519 0.819017 
520 0.819017 
521 0.827137 
522 0.827137 
523 0.858048 
524 0.858048 
525 0.873754 
526 0.873754 
527 0.886074 
528 0.886074 
529 0.897141 
530 0.897141 
531 0.907518 
532 0.907518 
533 0.913380 
534 0.913380 
535 0.916014 
536 0.916014 
537 0.919431 
538 0.919431 
539 0.920747 
540 0.920747 
541 0.922440 
542 0.922440 
543 0.922534 
544 0.922534 
545 0.955891 
546 0.955891 
547 0.955170 
548 0.955170 
549 0.955608 
550 0.955608 
551 0.955420 
552 0.955420 
553 0.954668 
554 0.954668 
555 0.954480 
556 0.954480 
557 0.954731 
558 0.954731 
559 0.953727 
560 0.953727 
561 0.954198 
562 0.954198 
563 0.953101 
564 0.953101 
565 0.953414 
566 0.953414 
567 0.953320 
568 0.953320 
569 0.945106 
570 0.945106 
571 0.945169 
572 0.945169 
573 0.945106 
574 0.945106 
575 0.944009 
576 0.944009 
577 0.943570 
578 0.943570 
579 0.943382 
580 0.943382 
581 0.944354 
582 0.944354 
583 0.944761 
584 0.944761 
585 0.945608 
586 0.945608 
587 0.944855 
588 0.944855 
589 0.945859 
590 0.945859 
591 0.945388 
592 0.945388 
593 0.947771 
594 0.947771 
595 0.962944 
596 0.962944 
597 0.966330 
598 0.966330 
599 0.969246 
600 0.969246 
601 0.971064 
602 0.971064 
603 0.971754 
604 0.971754 
605 0.972726 
606 0.972726 
607 0.973635 
608 0.973635 
609 0.975829 
610 0.975829 
611 0.975077 
612 0.975077 
613 0.975390 
614 0.975390 
615 0.975672 
616 0.975672 
617 0.974983 
618 0.974983 
619 0.980155 
620 0.980155 
621 0.980657 
622 0.980657 
623 0.978839 
624 0.978839 
625 0.979967 
626 0.979967 
627 0.979403 
628 0.979403 
629 0.980281 
630 0.980281 
631 0.980093 
632 0.980093 
633 0.980594 
634 0.980594 
635 0.980124 
636 0.980124 
637 0.981159 
638 0.981159 
639 0.981347 
640 0.981347 
641 0.982162 
642 0.982162 
643 0.981441 
644 0.981441 
645 0.980720 
646 0.980720 
647 0.979967 
648 0.979967 
649 0.980155 
650 0.980155 
651 0.980469 
652 0.980469 
653 0.980375 
654 0.980375 
655 0.979246 
656 0.979246 
657 0.978463 
658 0.978463 
659 0.978086 
660 0.978086 
661 0.977867 
662 0.977867 
663 0.977930 
664 0.977930 
665 0.977836 
666 0.977836 
667 0.977647 
668 0.977647 
669 0.978306 
670 0.978306 
671 0.978839 
672 0.978839 
673 0.978525 
674 0.978525 
675 0.978024 
676 0.978024 
677 0.977365 
678 0.977365 
679 0.977710 
680 0.977710 
681 0.978086 
682 0.978086 
683 0.977522 
684 0.977522 
685 0.977804 
686 0.977804 
687 0.978055 
688 0.978055 
689 0.977334 
690 0.977334 
691 0.977209 
692 0.977209 
693 0.976299 
694 0.976299 
695 0.977898 
696 0.977898 
697 0.977397 
698 0.977397 
699 0.977365 
700 0.977365 
701 0.977804 
702 0.977804 
703 0.977804 
704 0.977804 
705 0.977867 
706 0.977867 
707 0.978306 
708 0.978306 
709 0.978055 
710 0.978055 
711 0.978306 
712 0.978306 
713 0.977742 
714 0.977742 
715 0.978055 
716 0.978055 
717 0.978118 
718 0.978118 
719 0.977240 
720 0.977240 
721 0.976299 
722 0.976299 
723 0.976362 
724 0.976362 
725 0.976362 
726 0.976362 
727 0.976582 
728 0.976582 
729 0.976174 
730 0.976174 
731 0.976832 
732 0.976832 
733 0.977334 
734 0.977334 
735 0.977115 
736 0.977115 
737 0.976926 
738 0.976926 
739 0.976832 
740 0.976832 
741 0.976864 
742 0.976864 
743 0.977209 
744 0.977209 
745 0.976864 
746 0.976864 
747 0.976017 
748 0.976017 
749 0.975923 
750 0.975923 
751 0.976331 
752 0.976331 
753 0.976268 
754 0.976268 
755 0.976111 
756 0.976111 
757 0.975672 
758 0.975672 
759 0.976394 
760 0.976394 
761 0.976550 
762 0.976550 
763 0.976237 
764 0.976237 
765 0.976299 
766 0.976299 
767 0.975955 
768 0.975955 
769 0.976237 
770 0.976237 
771 0.975704 
772 0.975704 
773 0.974920 
774 0.974920 
775 0.974983 
776 0.974983 
777 0.975484 
778 0.975484 
779 0.975077 
780 0.975077 
781 0.974951 
782 0.974951 
783 0.975014 
784 0.975014 
785 0.974701 
786 0.974701 
787 0.974889 
788 0.974889 
789 0.974983 
790 0.974983 
791 0.974230 
792 0.974230 
793 0.974638 
794 0.974638 
795 0.975547 
796 0.975547 
797 0.975892 
798 0.975892 
799 0.975359 
800 0.975359 
801 0.973133 
802 0.973133 
803 0.973290 
804 0.973290 
805 0.973447 
806 0.973447 
807 0.972851 
808 0.972851 
809 0.972726 
810 0.972726 
811 0.973258 
812 0.973258 
813 0.972475 
814 0.972475 
815 0.972600 
816 0.972600 
817 0.972945 
818 0.972945 
819 0.970813 
820 0.970813 
821 0.970970 
822 0.970970 
823 0.971064 
824 0.971064 
825 0.970876 
826 0.970876 
827 0.971189 
828 0.971189 
829 0.971189 
830 0.971189 
831 0.971158 
832 0.971158 
833 0.971252 
834 0.971252 
835 0.971440 
836 0.971440 
837 0.971848 
838 0.971848 
839 0.972161 
840 0.972161 
841 0.972537 
842 0.972537 
843 0.972537 
844 0.972537 
845 0.972600 
846 0.972600 
847 0.972349 
848 0.972349 
849 0.972318 
850 0.972318 
851 0.971942 
852 0.971942 
853 0.972255 
854 0.972255 
855 0.972820 
856 0.972820 
857 0.972851 
858 0.972851 
859 0.972882 
860 0.972882 
861 0.972632 
862 0.972632 
863 0.972694 
864 0.972694 
865 0.972287 
866 0.972287 
867 0.972318 
868 0.972318 
869 0.971597 
870 0.971597 
871 0.970907 
872 0.970907 
873 0.971503 
874 0.971503 
875 0.972193 
876 0.972193 
877 0.972412 
878 0.972412 
879 0.972349 
880 0.972349 
881 0.972099 
882 0.972099 
883 0.972349 
884 0.972349 
885 0.972287 
886 0.972287 
887 0.972632 
888 0.972632 
889 0.972475 
890 0.972475 
891 0.972820 
892 0.972820 
893 0.972412 
894 0.972412 
895 0.972506 
896 0.972506 
897 0.972726 
898 0.972726 
899 0.972757 
900 0.972757 
901 0.972788 
902 0.972788 
903 0.972506 
904 0.972506 
905 0.972757 
906 0.972757 
907 0.972788 
908 0.972788 
909 0.972726 
910 0.972726 
911 0.972412 
912 0.972412 
913 0.972537 
914 0.972537 
915 0.972475 
916 0.972475 
917 0.972443 
918 0.972443 
919 0.972287 
920 0.972287 
921 0.972726 
922 0.972726 
923 0.972694 
924 0.972694 
925 0.972945 
926 0.972945 
927 0.972757 
928 0.972757 
929 0.973133 
930 0.973133 
931 0.973541 
932 0.973541 
933 0.973697 
934 0.973697 
935 0.973258 
936 0.973258 
937 0.973227 
938 0.973227 
939 0.972318 
940 0.972318 
941 0.972287 
942 0.972287 
943 0.972161 
944 0.972161 
945 0.971848 
946 0.971848 
947 0.971816 
948 0.971816 
949 0.971910 
950 0.971910 
951 0.972161 
952 0.972161 
953 0.972287 
954 0.972287 
955 0.971722 
956 0.971722 
957 0.972193 
958 0.972193 
959 0.972443 
960 0.972443 
961 0.972349 
962 0.972349 
963 0.972569 
964 0.972569 
965 0.972475 
966 0.972475 
967 0.972412 
968 0.972412 
969 0.972349 
970 0.972349 
971 0.972475 
972 0.972475 
973 0.972443 
974 0.972443 
975 0.972287 
976 0.972287 
977 0.972537 
978 0.972537 
979 0.971785 
980 0.971785 
981 0.971722 
982 0.971722 
983 0.972161 
984 0.972161 
985 0.972475 
986 0.972475 
987 0.972632 
988 0.972632 
989 0.972663 
990 0.972663 
991 0.972663 
992 0.972663 
993 0.972945 
994 0.972945 
995 0.972067 
996 0.972067 
997 0.972130 
998 0.972130 
999 0.972569 
1000 0.972569 
1001 0.973070 
1002 0.973070 
1003 0.973008 
1004 0.973008 
1005 0.972381 
1006 0.972381 
1007 0.972099 
1008 0.972099 
1009 0.972224 
1010 0.972224 
1011 0.971189 
1012 0.971189 
1013 0.971221 
1014 0.971221 
1015 0.970813 
1016 0.970813 
1017 0.971785 
1018 0.971785 
1019 0.971691 
1020 0.971691 
1021 0.971660 
1022 0.971660 
1023 0.971409 
1024 0.971409 
1025 0.971973 
1026 0.971973 
1027 0.972412 
1028 0.972412 
1029 0.972381 
1030 0.972381 
1031 0.972506 
1032 0.972506 
1033 0.972224 
1034 0.972224 
1035 0.972537 
1036 0.972537 
1037 0.972005 
1038 0.972005 
1039 0.971660 
1040 0.971660 
1041 0.971722 
1042 0.971722 
1043 0.972005 
1044 0.972005 
1045 0.972287 
1046 0.972287 
1047 0.971566 
1048 0.971566 
1049 0.971252 
1050 0.971252 
1051 0.971722 
1052 0.971722 
1053 0.971816 
1054 0.971816 
1055 0.972036 
1056 0.972036 
1057 0.972193 
1058 0.972193 
1059 0.972663 
1060 0.972663 
1061 0.973196 
1062 0.973196 
1063 0.973102 
1064 0.973102 
1065 0.972882 
1066 0.972882 
1067 0.973008 
1068 0.973008 
1069 0.972976 
1070 0.972976 
1071 0.972475 
1072 0.972475 
1073 0.972412 
1074 0.972412 
1075 0.972318 
1076 0.972318 
1077 0.972443 
1078 0.972443 
1079 0.972914 
1080 0.972914 
1081 0.972882 
1082 0.972882 
1083 0.972788 
1084 0.972788 
1085 0.973478 
1086 0.973478 
1087 0.973070 
1088 0.973070 
1089 0.972851 
1090 0.972851 
1091 0.973666 
1092 0.973666 
1093 0.973164 
1094 0.973164 
1095 0.972788 
1096 0.972788 
1097 0.972914 
1098 0.972914 
1099 0.972569 
1100 0.972569 
1101 0.972726 
1102 0.972726 
1103 0.972443 
1104 0.972443 
1105 0.971973 
1106 0.971973 
1107 0.971722 
1108 0.971722 
1109 0.972381 
1110 0.972381 
1111 0.971848 
1112 0.971848 
1113 0.971754 
1114 0.971754 
1115 0.971660 
1116 0.971660 
1117 0.971879 
1118 0.971879 
1119 0.971942 
1120 0.971942 
1121 0.971754 
1122 0.971754 
1123 0.972099 
1124 0.972099 
1125 0.972381 
1126 0.972381 
1127 0.972349 
1128 0.972349 
1129 0.972412 
1130 0.972412 
1131 0.972412 
1132 0.972412 
1133 0.972882 
1134 0.972882 
1135 0.972726 
1136 0.972726 
1137 0.972287 
1138 0.972287 
1139 0.972412 
1140 0.972412 
1141 0.972255 
1142 0.972255 
1143 0.972349 
1144 0.972349 
1145 0.972694 
1146 0.972694 
1147 0.972569 
1148 0.972569 
1149 0.971879 
1150 0.971879 
1151 0.972067 
1152 0.972067 
1153 0.972349 
1154 0.972349 
1155 0.972005 
1156 0.972005 
1157 0.971597 
1158 0.971597 
1159 0.971848 
1160 0.971848 
1161 0.970782 
1162 0.970782 
1163 0.971221 
1164 0.971221 
1165 0.971942 
1166 0.971942 
1167 0.971910 
1168 0.971910 
1169 0.972067 
1170 0.972067 
1171 0.971283 
1172 0.971283 
1173 0.972130 
1174 0.972130 
1175 0.972067 
1176 0.972067 
1177 0.971785 
1178 0.971785 
1179 0.971973 
1180 0.971973 
1181 0.971942 
1182 0.971942 
1183 0.971848 
1184 0.971848 
1185 0.970907 
1186 0.970907 
1187 0.970656 
1188 0.970656 
1189 0.971127 
1190 0.971127 
1191 0.971283 
1192 0.971283 
1193 0.970531 
1194 0.970531 
1195 0.970813 
1196 0.970813 
1197 0.970813 
1198 0.970813 
1199 0.971440 
1200 0.971440 
1201 0.971973 
1202 0.971973 
1203 0.971534 
1204 0.971534 
1205 0.971754 
1206 0.971754 
1207 0.972067 
1208 0.972067 
1209 0.971879 
1210 0.971879 
1211 0.971691 
1212 0.971691 
1213 0.971973 
1214 0.971973 
1215 0.971785 
1216 0.971785 
1217 0.971785 
1218 0.971785 
1219 0.971660 
1220 0.971660 
1221 0.971848 
1222 0.971848 
1223 0.971816 
1224 0.971816 
1225 0.971754 
1226 0.971754 
1227 0.971754 
1228 0.971754 
1229 0.971346 
1230 0.971346 
1231 0.972005 
1232 0.972005 
1233 0.971848 
1234 0.971848 
1235 0.971221 
1236 0.971221 
1237 0.970751 
1238 0.970751 
1239 0.970500 
1240 0.970500 
1241 0.970406 
1242 0.970406 
1243 0.971566 
1244 0.971566 
1245 0.971158 
1246 0.971158 
1247 0.971722 
1248 0.971722 
1249 0.971722 
1250 0.971722 
1251 0.971189 
1252 0.971189 
1253 0.970437 
1254 0.970437 
1255 0.970813 
1256 0.970813 
1257 0.971033 
1258 0.971033 
1259 0.970907 
1260 0.970907 
1261 0.972036 
1262 0.972036 
1263 0.971785 
1264 0.971785 
1265 0.971910 
1266 0.971910 
1267 0.972349 
1268 0.972349 
1269 0.971722 
1270 0.971722 
1271 0.971597 
1272 0.971597 
1273 0.971597 
1274 0.971597 
1275 0.971942 
1276 0.971942 
1277 0.971910 
1278 0.971910 
1279 0.971628 
1280 0.971628 
1281 0.971566 
1282 0.971566 
1283 0.972005 
1284 0.972005 
1285 0.971785 
1286 0.971785 
1287 0.971754 
1288 0.971754 
1289 0.971660 
1290 0.971660 
1291 0.971566 
1292 0.971566 
1293 0.971377 
1294 0.971377 
1295 0.971628 
1296 0.971628 
1297 0.972130 
1298 0.972130 
1299 0.972318 
1300 0.972318 
1301 0.972005 
1302 0.972005 
1303 0.971691 
1304 0.971691 
1305 0.972099 
1306 0.972099 
1307 0.971942 
1308 0.971942 
1309 0.971566 
1310 0.971566 
1311 0.972443 
1312 0.972443 
1313 0.972349 
1314 0.972349 
1315 0.972067 
1316 0.972067 
1317 0.972318 
1318 0.972318 
1319 0.972632 
1320 0.972632 
1321 0.972820 
1322 0.972820 
1323 0.972224 
1324 0.972224 
1325 0.972820 
1326 0.972820 
1327 0.972663 
1328 0.972663 
1329 0.972506 
1330 0.972506 
1331 0.972475 
1332 0.972475 
1333 0.972412 
1334 0.972412 
1335 0.971597 
1336 0.971597 
1337 0.972255 
1338 0.972255 
1339 0.972381 
1340 0.972381 
1341 0.971848 
1342 0.971848 
1343 0.972349 
1344 0.972349 
1345 0.972130 
1346 0.972130 
1347 0.972381 
1348 0.972381 
1349 0.972726 
1350 0.972726 
1351 0.972224 
1352 0.972224 
1353 0.972475 
1354 0.972475 
1355 0.972381 
1356 0.972381 
1357 0.972726 
1358 0.972726 
1359 0.973008 
1360 0.973008 
1361 0.971785 
1362 0.971785 
1363 0.972005 
1364 0.972005 
1365 0.971660 
1366 0.971660 
1367 0.971754 
1368 0.971754 
1369 0.972067 
1370 0.972067 
1371 0.972255 
1372 0.972255 
1373 0.972788 
1374 0.972788 
1375 0.972976 
1376 0.972976 
1377 0.972600 
1378 0.972600 
1379 0.972914 
1380 0.972914 
1381 0.972537 
1382 0.972537 
1383 0.972945 
1384 0.972945 
1385 0.973666 
1386 0.973666 
1387 0.973666 
1388 0.973666 
1389 0.973478 
1390 0.973478 
1391 0.973541 
1392 0.973541 
1393 0.973039 
1394 0.973039 
1395 0.973478 
1396 0.973478 
1397 0.973729 
1398 0.973729 
1399 0.973572 
1400 0.973572 
1401 0.973729 
1402 0.973729 
1403 0.973603 
1404 0.973603 
1405 0.973541 
1406 0.973541 
1407 0.973384 
1408 0.973384 
1409 0.973541 
1410 0.973541 
1411 0.972694 
1412 0.972694 
1413 0.972224 
1414 0.972224 
1415 0.972600 
1416 0.972600 
1417 0.973823 
1418 0.973823 
1419 0.973635 
1420 0.973635 
1421 0.973196 
1422 0.973196 
1423 0.973572 
1424 0.973572 
1425 0.974011 
1426 0.974011 
1427 0.974168 
1428 0.974168 
1429 0.974074 
1430 0.974074 
1431 0.973666 
1432 0.973666 
1433 0.973070 
1434 0.973070 
1435 0.972349 
1436 0.972349 
1437 0.973384 
1438 0.973384 
1439 0.973697 
1440 0.973697 
1441 0.973133 
1442 0.973133 
1443 0.972726 
1444 0.972726 
1445 0.972318 
1446 0.972318 
1447 0.972537 
1448 0.972537 
1449 0.973415 
1450 0.973415 
1451 0.974293 
1452 0.974293 
1453 0.973603 
1454 0.973603 
1455 0.972443 
1456 0.972443 
1457 0.973070 
1458 0.973070 
1459 0.974074 
1460 0.974074 
1461 0.971252 
1462 0.971252 
1463 0.972600 
1464 0.972600 
1465 0.972882 
1466 0.972882 
1467 0.972318 
1468 0.972318 
1469 0.974669 
1470 0.974669 
1471 0.975077 
1472 0.975077 
1473 0.975234 
1474 0.975234 
1475 0.974763 
1476 0.974763 
1477 0.975296 
1478 0.975296 
1479 0.976111 
1480 0.976111 
1481 0.974920 
1482 0.974920 
1483 0.973102 
1484 0.973102 
1485 0.974356 
1486 0.974356 
1487 0.974983 
1488 0.974983 
1489 0.975578 
1490 0.975578 
1491 0.974920 
1492 0.974920 
1493 0.975672 
1494 0.975672 
1495 0.976488 
1496 0.976488 
1497 0.977992 
1498 0.977992 
1499 0.977491 
1500 0.977491 
1501 0.978431 
1502 0.978431 
1503 0.979340 
1504 0.979340 
1505 0.979748 
1506 0.979748 
1507 0.980406 
1508 0.980406 
1509 0.980500 
1510 0.980500 
1511 0.982193 
1512 0.982193 
1513 0.981409 
1514 0.981409 
1515 0.982036 
1516 0.982036 
1517 0.981629 
1518 0.981629 
1519 0.983604 
1520 0.983604 
1521 0.985297 
1522 0.985297 
1523 0.983792 
1524 0.983792 
1525 0.985987 
1526 0.985987 
1527 0.984983 
1528 0.984983 
1529 0.985736 
1530 0.985736 
1531 0.986237 
1532 0.986237 
1533 0.984764 
1534 0.984764 
1535 0.985297 
1536 0.985297 
1537 0.985234 
1538 0.985234 
1539 0.984544 
1540 0.984544 
1541 0.985422 
1542 0.985422 
1543 0.983604 
1544 0.983604 
1545 0.984639 
1546 0.984639 
1547 0.983259 
1548 0.983259 
1549 0.983447 
1550 0.983447 
1551 0.984294 
1552 0.984294 
1553 0.983479 
1554 0.983479 
1555 0.984325 
1556 0.984325 
1557 0.984388 
1558 0.984388 
1559 0.985109 
1560 0.985109 
1561 0.985454 
1562 0.985454 
1563 0.983259 
1564 0.983259 
1565 0.982946 
1566 0.982946 
1567 0.982287 
1568 0.982287 
1569 0.980626 
1570 0.980626 
1571 0.980061 
1572 0.980061 
1573 0.980375 
1574 0.980375 
1575 0.982068 
1576 0.982068 
1577 0.979654 
1578 0.979654 
1579 0.980814 
1580 0.980814 
1581 0.980344 
1582 0.980344 
1583 0.981065 
1584 0.981065 
1585 0.979090 
1586 0.979090 
1587 0.978933 
1588 0.978933 
1589 0.978807 
1590 0.978807 
1591 0.979184 
1592 0.979184 
1593 0.979748 
1594 0.979748 
1595 0.979748 
1596 0.979748 
1597 0.978839 
1598 0.978839 
1599 0.979842 
1600 0.979842 
1601 0.979528 
1602 0.979528 
1603 0.980093 
1604 0.980093 
1605 0.979497 
1606 0.979497 
1607 0.981315 
1608 0.981315 
1609 0.983698 
1610 0.983698 
1611 0.983259 
1612 0.983259 
1613 0.985579 
1614 0.985579 
1615 0.984952 
1616 0.984952 
1617 0.985642 
1618 0.985642 
1619 0.985234 
1620 0.985234 
1621 0.986018 
1622 0.986018 
1623 0.985642 
1624 0.985642 
1625 0.985861 
1626 0.985861 
1627 0.985234 
1628 0.985234 
1629 0.984639 
1630 0.984639 
1631 0.985171 
1632 0.985171 
1633 0.985830 
1634 0.985830 
1635 0.985422 
1636 0.985422 
1637 0.984544 
1638 0.984544 
1639 0.985171 
1640 0.985171 
1641 0.988212 
1642 0.988212 
1643 0.987993 
1644 0.987993 
1645 0.987241 
1646 0.987241 
1647 0.988714 
1648 0.988714 
1649 0.987429 
1650 0.987429 
1651 0.987899 
1652 0.987899 
1653 0.985548 
1654 0.985548 
1655 0.986896 
1656 0.986896 
1657 0.986833 
1658 0.986833 
1659 0.986802 
1660 0.986802 
1661 0.987648 
1662 0.987648 
1663 0.986300 
1664 0.986300 
1665 0.984137 
1666 0.984137 
1667 0.987209 
1668 0.987209 
1669 0.986676 
1670 0.986676 
1671 0.984262 
1672 0.984262 
1673 0.984137 
1674 0.984137 
1675 0.984513 
1676 0.984513 
1677 0.984012 
1678 0.984012 
1679 0.980626 
1680 0.980626 
1681 0.980093 
1682 0.980093 
1683 0.980469 
1684 0.980469 
1685 0.976519 
1686 0.976519 
1687 0.975265 
1688 0.975265 
1689 0.975578 
1690 0.975578 
1691 0.971440 
1692 0.971440 
1693 0.972600 
1694 0.972600 
1695 0.974669 
1696 0.974669 
1697 0.975296 
1698 0.975296 
1699 0.975139 
1700 0.975139 
1701 0.976738 
1702 0.976738 
1703 0.976770 
1704 0.976770 
1705 0.977428 
1706 0.977428 
1707 0.974857 
1708 0.974857 
1709 0.973729 
1710 0.973729 
1711 0.972318 
1712 0.972318 
1713 0.972757 
1714 0.972757 
1715 0.971127 
1716 0.971127 
1717 0.966079 
1718 0.966079 
1719 0.962944 
1720 0.962944 
1721 0.962161 
1722 0.962161 
1723 0.963634 
1724 0.963634 
1725 0.972255 
1726 0.972255 
1727 0.975359 
1728 0.975359 
1729 0.977459 
1730 0.977459 
1731 0.964982 
1732 0.964982 
1733 0.951470 
1734 0.951470 
1735 0.934040 
1736 0.934040 
1737 0.935482 
1738 0.935482 
1739 0.939839 
1740 0.939839 
1741 0.934886 
1742 0.934886 
1743 0.909775 
1744 0.909775 
1745 0.895730 
1746 0.895730 
1747 0.784281 
1748 0.784281 
1749 0.768920 
1750 0.768920 
1751 0.764154 
1752 0.764154 
1753 0.709261 
1754 0.709261 
1755 0.705687 
1756 0.705687 
1757 0.698853 
1758 0.698853 
1759 0.699354 
1760 0.699354 
1761 0.703931 
1762 0.703931 
1763 0.691203 
1764 0.691203 
1765 0.686846 
1766 0.686846 
1767 0.720296 
1768 0.720296 
1769 0.725312 
1770 0.725312 
1771 0.750956 
1772 0.750956 
1773 0.787886 
1774 0.787886 
1775 0.811681 
1776 0.811681 
1777 0.840899 
1778 0.840899 
1779 0.851558 
1780 0.851558 
1781 0.848141 
1782 0.848141 
1783 0.842467 
1784 0.842467 
1785 0.818390 
1786 0.818390 
1787 0.817920 
1788 0.817920 
1789 0.807449 
1790 0.807449 
1791 0.789642 
1792 0.789642 
1793 0.774531 
1794 0.774531 
1795 0.755721 
1796 0.755721 
1797 0.734686 
1798 0.734686 
1799 0.737915 
1800 0.737915 
1801 0.750862 
1802 0.750862 
1803 0.764374 
1804 0.764374 
1805 0.774437 
1806 0.774437 
1807 0.780237 
1808 0.780237 
1809 0.783403 
1810 0.783403 
1811 0.750893 
1812 0.750893 
1813 0.750141 
1814 0.750141 
1815 0.748323 
1816 0.748323 
1817 0.748918 
1818 0.748918 
1819 0.748385 
1820 0.748385 
1821 0.742492 
1822 0.742492 
1823 0.734341 
1824 0.734341 
1825 0.728133 
1826 0.728133 
1827 0.723462 
1828 0.723462 
1829 0.719293 
1830 0.719293 
1831 0.715029 
1832 0.715029 
1833 0.715719 
1834 0.715719 
1835 0.664775 
1836 0.664775 
1837 0.661264 
1838 0.661264 
1839 0.646718 
1840 0.646718 
1841 0.630666 
1842 0.630666 
1843 0.616810 
1844 0.616810 
1845 0.600038 
1846 0.600038 
1847 0.584425 
1848 0.584425 
1849 0.564769 
1850 0.564769 
1851 0.555239 
1852 0.555239 
1853 0.541194 
1854 0.541194 
1855 0.550850 
1856 0.550850 
1857 0.568844 
1858 0.568844 
1859 0.590068 
1860 0.590068 
1861 0.592639 
1862 0.592639 
1863 0.618001 
1864 0.618001 
1865 0.614020 
1866 0.614020 
1867 0.624491 
1868 0.624491 
1869 0.658223 
1870 0.658223 
1871 0.671421 
1872 0.671421 
1873 0.684338 
1874 0.684338 
1875 0.721174 
1876 0.721174 
1877 0.734623 
1878 0.734623 
1879 0.740203 
1880 0.740203 
1881 0.763089 
1882 0.763089 
1883 0.687284 
1884 0.687284 
1885 0.634961 
1886 0.634961 
1887 0.630384 
1888 0.630384 
1889 0.637501 
1890 0.637501 
1891 0.631450 
1892 0.631450 
1893 0.652204 
1894 0.652204 
1895 0.660543 
1896 0.660543 
1897 0.635714 
1898 0.635714 
1899 0.650574 
1900 0.650574 
1901 0.673929 
1902 0.673929 
1903 0.693899 
1904 0.693899 
1905 0.742680 
1906 0.742680 
1907 0.763151 
1908 0.763151 
1909 0.785378 
1910 0.785378 
1911 0.821964 
1912 0.821964 
1913 0.841840 
1914 0.841840 
1915 0.854003 
1916 0.854003 
1917 0.865666 
1918 0.865666 
1919 0.866982 
1920 0.866982 
1921 0.872657 
1922 0.872657 
1923 0.871967 
1924 0.871967 
1925 0.747100 
1926 0.747100 
1927 0.684996 
1928 0.684996 
1929 0.627532 
1930 0.627532 
1931 0.595523 
1932 0.595523 
1933 0.487554 
1934 0.487554 
1935 0.439526 
1936 0.439526 
1937 0.420653 
1938 0.420653 
1939 0.396765 
1940 0.396765 
1941 0.367264 
1942 0.367264 
1943 0.362719 
1944 0.362719 
1945 0.354411 
1946 0.354411 
1947 0.334190 
1948 0.334190 
1949 0.316791 
1950 0.316791 
1951 0.294376 
1952 0.294376 
1953 0.265816 
1954 0.265816 
1955 0.240203 
1956 0.240203 
1957 0.212615 
1958 0.212615 
1959 0.193554 
1960 0.193554 
1961 0.141075 
1962 0.141075 
1963 0.131952 
1964 0.131952 
1965 0.123017 
1966 0.123017 
1967 0.114114 
1968 0.114114 
1969 0.106182 
1970 0.106182 
1971 0.090915 
1972 0.090915 
1973 0.087341 
1974 0.087341 
1975 0.087560 
1976 0.087560 
1977 0.085052 
1978 0.085052 
1979 0.084143 
1980 0.084143 
1981 0.080350 
1982 0.080350 
1983 0.072700 
1984 0.072700 
1985 0.064863 
1986 0.064863 
1987 0.061822 
1988 0.061822 
1989 0.060693 
1990 0.060693 
1991 0.059816 
1992 0.059816 
1993 0.059659 
1994 0.059659 
1995 0.059439 
1996 0.059439 
1997 0.061320 
1998 0.061320 
1999 0.067214 
2000 0.067214 
2001 0.095210 
2002 0.095210 
2003 0.132955 
2004 0.132955 
2005 0.170983 
2006 0.170983 
2007 0.228227 
2008 0.228227 
2009 0.282306 
2010 0.282306 
2011 0.389962 
2012 0.389962 
2013 0.416641 
2014 0.416641 
2015 0.499875 
2016 0.499875 
2017 0.570945 
2018 0.570945 
2019 0.689855 
2020 0.689855 
2021 0.749420 
2022 0.749420 
2023 0.799110 
2024 0.799110 
2025 0.839865 
2026 0.839865 
2027 0.861935 
2028 0.861935 
2029 0.882877 
2030 0.882877 
2031 0.897831 
2032 0.897831 
2033 0.909963 
2034 0.909963 
2035 0.953696 
2036 0.953696 
2037 0.947489 
2038 0.947489 
2039 0.928867 
2040 0.928867 
2041 0.822779 
2042 0.822779 
2043 0.636090 
2044 0.636090 
2045 0.556116 
2046 0.556116 
2047 0.513010 
2048 0.513010 
2049 0.456047 
2050 0.456047 
2051 0.422127 
2052 0.422127 
2053 0.389805 
2054 0.389805 
2055 0.344034 
2056 0.344034 
2057 0.316948 
2058 0.316948 
2059 0.288984 
2060 0.288984 
2061 0.235438 
2062 0.235438 
2063 0.210452 
2064 0.210452 
2065 0.190702 
2066 0.190702 
2067 0.161703 
2068 0.161703 
2069 0.144555 
2070 0.144555 
2071 0.118346 
2072 0.118346 
2073 0.100288 
2074 0.100288 
2075 0.086808 
2076 0.086808 
2077 0.077528 
2078 0.077528 
2079 0.074393 
2080 0.074393 
2081 0.070569 
2082 0.070569 
2083 0.068594 
2084 0.068594 
2085 0.067841 
2086 0.067841 
2087 0.066336 
2088 0.066336 
2089 0.064675 
2090 0.064675 
2091 0.064487 
2092 0.064487 
2093 0.064173 
2094 0.064173 
2095 0.064079 
2096 0.064079 
2097 0.064487 
2098 0.064487 
2099 0.065647 
2100 0.065647 
2101 0.070537 
2102 0.070537 
2103 0.082262 
2104 0.082262 
2105 0.094865 
2106 0.094865 
2107 0.109944 
2108 0.109944 
2109 0.141357 
2110 0.141357 
2111 0.185811 
2112 0.185811 
2113 0.212396 
2114 0.212396 
2115 0.340648 
2116 0.340648 
2117 0.648505 
2118 0.648505 
2119 0.833657 
2120 0.833657 
2121 0.898238 
2122 0.898238 
2123 0.943821 
2124 0.943821 
2125 0.959935 
2126 0.959935 
2127 0.977021 
2128 0.977021 
2129 0.987178 
2130 0.987178 
2131 0.989466 
2132 0.989466 
2133 0.989717 
2134 0.989717 
2135 0.992445 
2136 0.992445 
2137 0.992539 
2138 0.992539 
2139 0.992978 
2140 0.992978 
2141 0.993761 
2142 0.993761 
2143 0.994138 
2144 0.994138 
2145 0.994138 
2146 0.994138 
2147 0.993981 
2148 0.993981 
2149 0.994765 
2150 0.994765 
2151 0.994294 
2152 0.994294 
2153 0.993166 
2154 0.993166 
2155 0.993322 
2156 0.993322 
2157 0.989655 
2158 0.989655 
2159 0.987460 
2160 0.987460 
2161 0.956737 
2162 0.956737 
2163 0.950561 
2164 0.950561 
2165 0.948116 
2166 0.948116 
2167 0.949589 
2168 0.949589 
2169 0.954417 
2170 0.954417 
2171 0.957897 
2172 0.957897 
2173 0.958618 
2174 0.958618 
2175 0.902282 
2176 0.902282 
2177 0.785849 
2178 0.785849 
2179 0.536805 
2180 0.536805 
2181 0.330898 
2182 0.330898 
2183 0.273559 
2184 0.273559 
2185 0.142266 
2186 0.142266 
2187 0.120290 
2188 0.120290 
2189 0.114302 
2190 0.114302 
2191 0.104866 
2192 0.104866 
2193 0.095649 
2194 0.095649 
2195 0.087748 
2196 0.087748 
2197 0.080883 
2198 0.080883 
2199 0.073233 
2200 0.073233 
2201 0.068688 
2202 0.068688 
2203 0.068123 
2204 0.068123 
2205 0.069471 
2206 0.069471 
2207 0.071541 
2208 0.071541 
2209 0.070757 
2210 0.070757 
2211 0.091354 
2212 0.091354 
2213 0.091072 
2214 0.091072 
2215 0.090977 
2216 0.090977 
2217 0.089755 
2218 0.089755 
2219 0.089849 
2220 0.089849 
2221 0.088689 
2222 0.088689 
2223 0.085836 
2224 0.085836 
2225 0.086369 
2226 0.086369 
2227 0.086212 
2228 0.086212 
2229 0.087999 
2230 0.087999 
2231 0.088156 
2232 0.088156 
2233 0.087686 
2234 0.087686 
2235 0.086714 
2236 0.086714 
2237 0.085523 
2238 0.085523 
2239 0.084990 
2240 0.084990 
2241 0.084269 
2242 0.084269 
2243 0.085146 
2244 0.085146 
2245 0.085303 
2246 0.085303 
2247 0.085648 
2248 0.085648 
2249 0.086275 
2250 0.086275 
2251 0.087341 
2252 0.087341 
2253 0.088689 
2254 0.088689 
2255 0.087717 
2256 0.087717 
2257 0.088626 
2258 0.088626 
2259 0.090350 
2260 0.090350 
2261 0.090821 
2262 0.090821 
2263 0.090601 
2264 0.090601 
2265 0.093611 
2266 0.093611 
2267 0.103016 
2268 0.103016 
2269 0.117844 
2270 0.117844 
2271 0.143583 
2272 0.143583 
2273 0.168067 
2274 0.168067 
2275 0.189981 
2276 0.189981 
2277 0.222396 
2278 0.222396 
2279 0.236849 
2280 0.236849 
2281 0.242711 
2282 0.242711 
2283 0.252116 
2284 0.252116 
2285 0.311838 
2286 0.311838 
2287 0.312966 
2288 0.312966 
2289 0.314753 
2290 0.314753 
2291 0.314534 
2292 0.314534 
2293 0.312433 
2294 0.312433 
2295 0.298232 
2296 0.298232 
2297 0.295912 
2298 0.295912 
2299 0.298953 
2300 0.298953 
2301 0.293906 
2302 0.293906 
2303 0.275503 
2304 0.275503 
2305 0.264593 
2306 0.264593 
2307 0.246034 
2308 0.246034 
2309 0.238448 
2310 0.238448 
2311 0.240109 
2312 0.240109 
2313 0.241583 
2314 0.241583 
2315 0.236786 
2316 0.236786 
2317 0.225406 
2318 0.225406 
2319 0.211016 
2320 0.211016 
2321 0.192990 
2322 0.192990 
2323 0.182457 
2324 0.182457 
2325 0.164963 
2326 0.164963 
2327 0.158537 
2328 0.158537 
2329 0.147721 
2330 0.147721 
2331 0.137375 
2332 0.137375 
2333 0.136529 
2334 0.136529 
2335 0.160951 
2336 0.160951 
2337 0.150135 
2338 0.150135 
2339 0.142736 
2340 0.142736 
2341 0.131325 
2342 0.131325 
2343 0.125306 
2344 0.125306 
2345 0.122108 
2346 0.122108 
2347 0.117437 
2348 0.117437 
2349 0.124522 
2350 0.124522 
2351 0.141137 
2352 0.141137 
2353 0.147282 
2354 0.147282 
2355 0.148661 
2356 0.148661 
2357 0.147376 
2358 0.147376 
2359 0.140542 
2360 0.140542 
2361 0.133519 
2362 0.133519 
2363 0.131764 
2364 0.131764 
2365 0.129068 
2366 0.129068 
2367 0.123299 
2368 0.123299 
2369 0.119913 
2370 0.119913 
2371 0.120885 
2372 0.120885 
2373 0.111041 
2374 0.111041 
2375 0.106025 
2376 0.106025 
2377 0.098000 
2378 0.098000 
2379 0.091667 
2380 0.091667 
2381 0.087748 
2382 0.087748 
2383 0.101887 
2384 0.101887 
2385 0.206439 
2386 0.206439 
2387 0.236034 
2388 0.236034 
2389 0.275409 
2390 0.275409 
2391 0.295316 
2392 0.295316 
2393 0.317167 
2394 0.317167 
2395 0.396671 
2396 0.396671 
2397 0.495736 
2398 0.495736 
2399 0.554486 
2400 0.554486 
2401 0.610697 
2402 0.610697 
2403 0.666155 
2404 0.666155 
2405 0.686908 
2406 0.686908 
2407 0.688789 
2408 0.688789 
2409 0.604082 
2410 0.604082 
2411 0.446925 
2412 0.446925 
2413 0.297574 
2414 0.297574 
2415 0.167001 
2416 0.167001 
2417 0.119506 
2418 0.119506 
2419 0.074080 
2420 0.074080 
2421 0.056900 
2422 0.056900 
2423 0.056555 
2424 0.056555 
2425 0.061164 
2426 0.061164 
2427 0.062167 
2428 0.062167 
2429 0.062700 
2430 0.062700 
2431 0.063578 
2432 0.063578 
2433 0.099693 
2434 0.099693 
2435 0.204558 
2436 0.204558 
2437 0.223744 
2438 0.223744 
2439 0.235219 
2440 0.235219 
2441 0.235877 
2442 0.235877 
2443 0.237476 
2444 0.237476 
2445 0.232742 
2446 0.232742 
2447 0.228886 
2448 0.228886 
2449 0.224654 
2450 0.224654 
2451 0.215499 
2452 0.215499 
2453 0.204746 
2454 0.204746 
2455 0.190514 
2456 0.190514 
2457 0.165998 
2458 0.165998 
2459 0.148505 
2460 0.148505 
2461 0.136404 
2462 0.136404 
2463 0.121920 
2464 0.121920 
2465 0.116496 
2466 0.116496 
2467 0.106527 
2468 0.106527 
2469 0.098752 
2470 0.098752 
2471 0.099066 
2472 0.099066 
2473 0.100445 
2474 0.100445 
2475 0.106715 
2476 0.106715 
2477 0.127626 
2478 0.127626 
2479 0.141388 
2480 0.141388 
2481 0.146843 
2482 0.146843 
2483 0.149226 
2484 0.149226 
2485 0.154524 
2486 0.154524 
2487 0.147439 
2488 0.147439 
2489 0.139507 
2490 0.139507 
2491 0.138379 
2492 0.138379 
2493 0.132485 
2494 0.132485 
2495 0.130196 
2496 0.130196 
2497 0.129601 
2498 0.129601 
2499 0.124929 
2500 0.124929 
2501 0.118315 
2502 0.118315 
2503 0.114584 
2504 0.114584 
2505 0.107844 
2506 0.107844 
2507 0.116340 
2508 0.116340 
2509 0.140071 
2510 0.140071 
2511 0.186344 
2512 0.186344 
2513 0.213712 
2514 0.213712 
2515 0.236065 
2516 0.236065 
2517 0.249828 
2518 0.249828 
2519 0.267289 
2520 0.267289 
2521 0.266662 
2522 0.266662 
2523 0.283435 
2524 0.283435 
2525 0.294250 
2526 0.294250 
2527 0.297918 
2528 0.297918 
2529 0.297291 
2530 0.297291 
2531 0.296790 
2532 0.296790 
2533 0.297448 
2534 0.297448 
2535 0.278262 
2536 0.278262 
2537 0.278419 
2538 0.278419 
2539 0.276977 
2540 0.276977 
2541 0.206533 
2542 0.206533 
2543 0.185309 
2544 0.185309 
2545 0.157596 
2546 0.157596 
2547 0.140949 
2548 0.140949 
2549 0.129099 
2550 0.129099 
2551 0.124020 
2552 0.124020 
2553 0.110947 
2554 0.110947 
2555 0.108596 
2556 0.108596 
2557 0.103988 
2558 0.103988 
2559 0.105681 
2560 0.105681 
2561 0.142454 
2562 0.142454 
2563 0.142987 
2564 0.142987 
2565 0.143645 
2566 0.143645 
2567 0.142893 
2568 0.142893 
2569 0.143771 
2570 0.143771 
2571 0.143269 
2572 0.143269 
2573 0.144335 
2574 0.144335 
2575 0.145182 
2576 0.145182 
2577 0.146341 
2578 0.146341 
2579 0.148191 
2580 0.148191 
2581 0.149163 
2582 0.149163 
2583 0.149884 
2584 0.149884 
2585 0.157283 
2586 0.157283 
2587 0.154618 
2588 0.154618 
2589 0.155119 
2590 0.155119 
2591 0.155778 
2592 0.155778 
2593 0.156248 
2594 0.156248 
2595 0.156718 
2596 0.156718 
2597 0.155057 
2598 0.155057 
2599 0.157157 
2600 0.157157 
2601 0.158787 
2602 0.158787 
2603 0.160543 
2604 0.160543 
2605 0.161891 
2606 0.161891 
2607 0.163584 
2608 0.163584 
2609 0.165872 
2610 0.165872 
2611 0.190169 
2612 0.190169 
2613 0.190733 
2614 0.190733 
2615 0.191015 
2616 0.191015 
2617 0.191517 
2618 0.191517 
2619 0.192269 
2620 0.192269 
2621 0.194401 
2622 0.194401 
2623 0.197912 
2624 0.197912 
2625 0.217443 
2626 0.217443 
2627 0.241959 
2628 0.241959 
2629 0.269076 
2630 0.269076 
2631 0.292965 
2632 0.292965 
2633 0.300897 
2634 0.300897 
2635 0.288043 
2636 0.288043 
2637 0.302088 
2638 0.302088 
2639 0.323657 
2640 0.323657 
2641 0.349364 
2642 0.349364 
2643 0.401937 
2644 0.401937 
2645 0.440717 
2646 0.440717 
2647 0.460530 
2648 0.460530 
2649 0.520064 
2650 0.520064 
2651 0.585366 
2652 0.585366 
2653 0.639194 
2654 0.639194 
2655 0.702615 
2656 0.702615 
2657 0.721863 
2658 0.721863 
2659 0.742931 
2660 0.742931 
2661 0.762963 
2662 0.762963 
2663 0.766913 
2664 0.766913 
2665 0.757853 
2666 0.757853 
2667 0.741771 
2668 0.741771 
2669 0.723901 
2670 0.723901 
2671 0.707881 
2672 0.707881 
2673 0.676751 
2674 0.676751 
2675 0.662800 
2676 0.662800 
2677 0.637250 
2678 0.637250 
2679 0.603988 
2680 0.603988 
2681 0.441313 
2682 0.441313 
2683 0.402533 
2684 0.402533 
2685 0.262744 
2686 0.262744 
2687 0.259076 
2688 0.259076 
2689 0.263966 
2690 0.263966 
2691 0.261835 
2692 0.261835 
2693 0.259577 
2694 0.259577 
2695 0.251489 
2696 0.251489 
2697 0.242210 
2698 0.242210 
2699 0.233620 
2700 0.233620 
2701 0.230234 
2702 0.230234 
2703 0.225500 
2704 0.225500 
2705 0.219167 
2706 0.219167 
2707 0.217443 
2708 0.217443 
2709 0.217286 
2710 0.217286 
2711 0.214339 
2712 0.214339 
2713 0.214653 
2714 0.214653 
2715 0.210515 
2716 0.210515 
2717 0.206345 
2718 0.206345 
2719 0.189730 
2720 0.189730 
2721 0.173804 
2722 0.173804 
2723 0.171202 
2724 0.171202 
2725 0.169227 
2726 0.169227 
2727 0.178287 
2728 0.178287 
2729 0.189792 
2730 0.189792 
2731 0.205844 
2732 0.205844 
2733 0.227287 
2734 0.227287 
2735 0.242178 
2736 0.242178 
2737 0.255345 
2738 0.255345 
2739 0.265064 
2740 0.265064 
2741 0.264562 
2742 0.264562 
2743 0.266004 
2744 0.266004 
2745 0.270926 
2746 0.270926 
2747 0.277792 
2748 0.277792 
2749 0.285034 
2750 0.285034 
2751 0.291366 
2752 0.291366 
2753 0.293937 
2754 0.293937 
2755 0.299298 
2756 0.299298 
2757 0.300991 
2758 0.300991 
2759 0.302903 
2760 0.302903 
2761 0.347357 
2762 0.347357 
2763 0.344881 
2764 0.344881 
2765 0.346479 
2766 0.346479 
2767 0.343971 
2768 0.343971 
2769 0.340617 
2770 0.340617 
2771 0.343438 
2772 0.343438 
2773 0.341244 
2774 0.341244 
2775 0.336385 
2776 0.336385 
2777 0.338548 
2778 0.338548 
2779 0.343815 
2780 0.343815 
2781 0.350649 
2782 0.350649 
2783 0.350524 
2784 0.350524 
2785 0.393065 
2786 0.393065 
2787 0.395479 
2788 0.395479 
2789 0.393943 
2790 0.393943 
2791 0.394382 
2792 0.394382 
2793 0.396044 
2794 0.396044 
2795 0.396294 
2796 0.396294 
2797 0.397266 
2798 0.397266 
2799 0.396420 
2800 0.396420 
2801 0.402439 
2802 0.402439 
2803 0.404320 
2804 0.404320 
2805 0.406671 
2806 0.406671 
2807 0.409555 
2808 0.409555 
2809 0.411374 
2810 0.411374 
2811 0.435921 
2812 0.435921 
2813 0.435200 
2814 0.435200 
2815 0.436360 
2816 0.436360 
2817 0.439338 
2818 0.439338 
2819 0.439620 
2820 0.439620 
2821 0.440153 
2822 0.440153 
2823 0.444072 
2824 0.444072 
2825 0.443664 
2826 0.443664 
2827 0.445138 
2828 0.445138 
2829 0.448022 
2830 0.448022 
2831 0.447708 
2832 0.447708 
2833 0.448085 
2834 0.448085 
2835 0.435764 
2836 0.435764 
2837 0.431814 
2838 0.431814 
2839 0.432692 
2840 0.432692 
2841 0.434322 
2842 0.434322 
2843 0.436736 
2844 0.436736 
2845 0.437143 
2846 0.437143 
2847 0.439024 
2848 0.439024 
2849 0.438648 
2850 0.438648 
2851 0.441626 
2852 0.441626 
2853 0.447489 
2854 0.447489 
2855 0.454887 
2856 0.454887 
2857 0.462098 
2858 0.462098 
2859 0.460374 
2860 0.460374 
2861 0.484795 
2862 0.484795 
2863 0.481692 
2864 0.481692 
2865 0.479121 
2866 0.479121 
2867 0.481441 
2868 0.481441 
2869 0.483604 
2870 0.483604 
2871 0.483604 
2872 0.483604 
2873 0.482162 
2874 0.482162 
2875 0.480971 
2876 0.480971 
2877 0.477146 
2878 0.477146 
2879 0.481378 
2880 0.481378 
2881 0.486488 
2882 0.486488 
2883 0.485454 
2884 0.485454 
2885 0.489404 
2886 0.489404 
2887 0.485046 
2888 0.485046 
2889 0.479497 
2890 0.479497 
2891 0.478619 
2892 0.478619 
2893 0.475422 
2894 0.475422 
2895 0.471534 
2896 0.471534 
2897 0.468744 
2898 0.468744 
2899 0.468399 
2900 0.468399 
2901 0.462004 
2902 0.462004 
2903 0.459559 
2904 0.459559 
2905 0.459778 
2906 0.459778 
2907 0.459402 
2908 0.459402 
2909 0.459841 
2910 0.459841 
2911 0.465296 
2912 0.465296 
2913 0.464543 
2914 0.464543 
2915 0.465013 
2916 0.465013 
2917 0.468148 
2918 0.468148 
2919 0.468619 
2920 0.468619 
2921 0.474544 
2922 0.474544 
2923 0.477522 
2924 0.477522 
2925 0.480406 
2926 0.480406 
2927 0.483353 
2928 0.483353 
2929 0.489028 
2930 0.489028 
2931 0.492915 
2932 0.492915 
2933 0.495548 
2934 0.495548 
2935 0.521412 
2936 0.521412 
2937 0.518935 
2938 0.518935 
2939 0.519907 
2940 0.519907 
2941 0.519312 
2942 0.519312 
2943 0.517086 
2944 0.517086 
2945 0.518685 
2946 0.518685 
2947 0.521287 
2948 0.521287 
2949 0.524798 
2950 0.524798 
2951 0.530629 
2952 0.530629 
2953 0.534077 
2954 0.534077 
2955 0.522603 
2956 0.522603 
2957 0.434980 
2958 0.434980 
2959 0.402658 
2960 0.402658 
2961 0.448743 
2962 0.448743 
2963 0.522917 
2964 0.522917 
2965 0.588940 
2966 0.588940 
2967 0.787228 
2968 0.787228 
2969 0.849802 
2970 0.849802 
2971 0.895417 
2972 0.895417 
2973 0.936736 
2974 0.936736 
2975 0.956706 
2976 0.956706 
2977 0.963070 
2978 0.963070 
2979 0.966205 
2980 0.966205 
2981 0.968493 
2982 0.968493 
2983 0.974889 
2984 0.974889 
2985 0.988275 
2986 0.988275 
2987 0.987648 
2988 0.987648 
2989 0.988244 
2990 0.988244 
2991 0.987617 
2992 0.987617 
2993 0.988056 
2994 0.988056 
2995 0.988589 
2996 0.988589 
2997 0.987241 
2998 0.987241 
2999 0.988087 
3000 0.988087 
3001 0.988181 
3002 0.988181 
3003 0.988369 
3004 0.988369 
3005 0.987053 
3006 0.987053 
3007 0.987836 
3008 0.987836 
3009 0.987648 
3010 0.987648 
3011 0.985987 
3012 0.985987 
3013 0.985893 
3014 0.985893 
3015 0.986112 
3016 0.986112 
3017 0.986582 
3018 0.986582 
3019 0.985077 
3020 0.985077 
3021 0.984231 
3022 0.984231 
3023 0.985266 
3024 0.985266 
3025 0.984043 
3026 0.984043 
3027 0.982726 
3028 0.982726 
3029 0.982695 
3030 0.982695 
3031 0.982381 
3032 0.982381 
3033 0.983228 
3034 0.983228 
3035 0.983165 
3036 0.983165 
3037 0.982444 
3038 0.982444 
3039 0.983322 
3040 0.983322 
3041 0.983040 
3042 0.983040 
3043 0.982036 
3044 0.982036 
3045 0.981660 
3046 0.981660 
3047 0.981942 
3048 0.981942 
3049 0.982193 
3050 0.982193 
3051 0.982350 
3052 0.982350 
3053 0.982005 
3054 0.982005 
3055 0.981754 
3056 0.981754 
3057 0.980438 
3058 0.980438 
3059 0.980783 
3060 0.980783 
3061 0.979466 
3062 0.979466 
3063 0.979434 
3064 0.979434 
3065 0.978306 
3066 0.978306 
3067 0.977146 
3068 0.977146 
3069 0.977146 
3070 0.977146 
3071 0.978149 
3072 0.978149 
3073 0.978243 
3074 0.978243 
3075 0.977522 
3076 0.977522 
3077 0.976989 
3078 0.976989 
3079 0.978306 
3080 0.978306 
3081 0.977271 
3082 0.977271 
3083 0.978337 
3084 0.978337 
3085 0.975296 
3086 0.975296 
3087 0.973917 
3088 0.973917 
3089 0.973572 
3090 0.973572 
3091 0.973791 
3092 0.973791 
3093 0.974544 
3094 0.974544 
3095 0.973697 
3096 0.973697 
3097 0.972412 
3098 0.972412 
3099 0.972318 
3100 0.972318 
3101 0.972569 
3102 0.972569 
3103 0.973980 
3104 0.973980 
3105 0.975296 
3106 0.975296 
3107 0.975766 
3108 0.975766 
3109 0.976017 
3110 0.976017 
3111 0.976644 
3112 0.976644 
3113 0.975955 
3114 0.975955 
3115 0.975955 
3116 0.975955 
3117 0.975955 
3118 0.975955 
3119 0.975453 
3120 0.975453 
3121 0.975265 
3122 0.975265 
3123 0.975578 
3124 0.975578 
3125 0.974920 
3126 0.974920 
3127 0.974481 
3128 0.974481 
3129 0.973729 
3130 0.973729 
3131 0.972569 
3132 0.972569 
3133 0.973196 
3134 0.973196 
3135 0.971566 
3136 0.971566 
3137 0.971095 
3138 0.971095 
3139 0.969622 
3140 0.969622 
3141 0.967647 
3142 0.967647 
3143 0.966393 
3144 0.966393 
3145 0.964355 
3146 0.964355 
3147 0.962600 
3148 0.962600 
3149 0.962349 
3150 0.962349 
3151 0.962349 
3152 0.962349 
3153 0.962568 
3154 0.962568 
3155 0.961440 
3156 0.961440 
3157 0.960625 
3158 0.960625 
3159 0.961283 
3160 0.961283 
3161 0.960468 
3162 0.960468 
3163 0.960562 
3164 0.960562 
3165 0.959747 
3166 0.959747 
3167 0.959370 
3168 0.959370 
3169 0.959245 
3170 0.959245 
3171 0.959088 
3172 0.959088 
3173 0.958399 
3174 0.958399 
3175 0.958054 
3176 0.958054 
3177 0.958963 
3178 0.958963 
3179 0.958430 
3180 0.958430 
3181 0.958367 
3182 0.958367 
3183 0.957803 
3184 0.957803 
3185 0.958399 
3186 0.958399 
3187 0.958430 
3188 0.958430 
3189 0.959057 
3190 0.959057 
3191 0.958211 
3192 0.958211 
3193 0.958461 
3194 0.958461 
3195 0.957772 
3196 0.957772 
3197 0.957897 
3198 0.957897 
3199 0.958305 
3200 0.958305 
3201 0.958712 
3202 0.958712 
3203 0.958242 
3204 0.958242 
3205 0.957207 
3206 0.957207 
3207 0.957584 
3208 0.957584 
3209 0.957646 
3210 0.957646 
3211 0.957082 
3212 0.957082 
3213 0.957364 
3214 0.957364 
3215 0.958148 
3216 0.958148 
3217 0.958649 
3218 0.958649 
3219 0.958838 
3220 0.958838 
3221 0.958649 
3222 0.958649 
3223 0.958744 
3224 0.958744 
3225 0.959182 
3226 0.959182 
3227 0.958932 
3228 0.958932 
3229 0.958994 
3230 0.958994 
3231 0.958493 
3232 0.958493 
3233 0.958399 
3234 0.958399 
3235 0.956988 
3236 0.956988 
3237 0.957489 
3238 0.957489 
3239 0.958367 
3240 0.958367 
3241 0.958524 
3242 0.958524 
3243 0.957960 
3244 0.957960 
3245 0.958148 
3246 0.958148 
3247 0.958022 
3248 0.958022 
3249 0.958838 
3250 0.958838 
3251 0.958806 
3252 0.958806 
3253 0.958869 
3254 0.958869 
3255 0.959120 
3256 0.959120 
3257 0.958932 
3258 0.958932 
3259 0.958900 
3260 0.958900 
3261 0.959026 
3262 0.959026 
3263 0.958744 
3264 0.958744 
3265 0.959308 
3266 0.959308 
3267 0.959057 
3268 0.959057 
3269 0.959214 
3270 0.959214 
3271 0.959370 
3272 0.959370 
3273 0.959433 
3274 0.959433 
3275 0.959433 
3276 0.959433 
3277 0.959088 
3278 0.959088 
3279 0.959308 
3280 0.959308 
3281 0.959339 
3282 0.959339 
3283 0.959151 
3284 0.959151 
3285 0.956957 
3286 0.956957 
3287 0.956894 
3288 0.956894 
3289 0.957301 
3290 0.957301 
3291 0.957301 
3292 0.957301 
3293 0.957364 
3294 0.957364 
3295 0.957678 
3296 0.957678 
3297 0.957333 
3298 0.957333 
3299 0.956988 
3300 0.956988 
3301 0.957176 
3302 0.957176 
3303 0.957051 
3304 0.957051 
3305 0.957051 
3306 0.957051 
3307 0.956988 
3308 0.956988 
3309 0.957176 
3310 0.957176 
3311 0.959402 
3312 0.959402 
3313 0.959339 
3314 0.959339 
3315 0.959621 
3316 0.959621 
3317 0.959590 
3318 0.959590 
3319 0.959402 
3320 0.959402 
3321 0.959245 
3322 0.959245 
3323 0.959151 
3324 0.959151 
3325 0.958775 
3326 0.958775 
3327 0.958649 
3328 0.958649 
3329 0.958305 
3330 0.958305 
3331 0.958649 
3332 0.958649 
3333 0.958179 
3334 0.958179 
3335 0.958493 
3336 0.958493 
3337 0.957834 
3338 0.957834 
3339 0.957270 
3340 0.957270 
3341 0.958211 
3342 0.958211 
3343 0.958211 
3344 0.958211 
3345 0.958085 
3346 0.958085 
3347 0.957458 
3348 0.957458 
3349 0.956988 
3350 0.956988 
3351 0.957489 
3352 0.957489 
3353 0.957646 
3354 0.957646 
3355 0.957458 
3356 0.957458 
3357 0.957646 
3358 0.957646 
3359 0.957928 
3360 0.957928 
3361 0.957678 
3362 0.957678 
3363 0.958148 
3364 0.958148 
3365 0.958054 
3366 0.958054 
3367 0.958054 
3368 0.958054 
3369 0.958148 
3370 0.958148 
3371 0.958399 
3372 0.958399 
3373 0.958273 
3374 0.958273 
3375 0.958618 
3376 0.958618 
3377 0.958430 
3378 0.958430 
3379 0.958242 
3380 0.958242 
3381 0.958493 
3382 0.958493 
3383 0.958806 
3384 0.958806 
3385 0.957176 
3386 0.957176 
3387 0.956486 
3388 0.956486 
3389 0.956800 
3390 0.956800 
3391 0.957239 
3392 0.957239 
3393 0.956737 
3394 0.956737 
3395 0.956737 
3396 0.956737 
3397 0.956925 
3398 0.956925 
3399 0.957364 
3400 0.957364 
3401 0.957364 
3402 0.957364 
3403 0.957207 
3404 0.957207 
3405 0.957364 
3406 0.957364 
3407 0.957239 
3408 0.957239 
3409 0.957333 
3410 0.957333 
3411 0.956706 
3412 0.956706 
3413 0.956486 
3414 0.956486 
3415 0.956831 
3416 0.956831 
3417 0.956988 
3418 0.956988 
3419 0.957301 
3420 0.957301 
3421 0.957082 
3422 0.957082 
3423 0.956518 
3424 0.956518 
3425 0.956768 
3426 0.956768 
3427 0.957019 
3428 0.957019 
3429 0.957145 
3430 0.957145 
3431 0.956674 
3432 0.956674 
3433 0.957960 
3434 0.957960 
3435 0.959465 
3436 0.959465 
3437 0.959684 
3438 0.959684 
3439 0.959182 
3440 0.959182 
3441 0.958681 
3442 0.958681 
3443 0.958744 
3444 0.958744 
3445 0.958367 
3446 0.958367 
3447 0.958461 
3448 0.958461 
3449 0.958806 
3450 0.958806 
3451 0.958838 
3452 0.958838 
3453 0.958838 
3454 0.958838 
3455 0.958932 
3456 0.958932 
3457 0.958649 
3458 0.958649 
3459 0.959026 
3460 0.959026 
3461 0.958618 
3462 0.958618 
3463 0.958555 
3464 0.958555 
3465 0.958336 
3466 0.958336 
3467 0.958305 
3468 0.958305 
3469 0.958775 
3470 0.958775 
3471 0.958744 
3472 0.958744 
3473 0.958775 
3474 0.958775 
3475 0.958461 
3476 0.958461 
3477 0.959245 
3478 0.959245 
3479 0.959276 
3480 0.959276 
3481 0.959370 
3482 0.959370 
3483 0.959465 
3484 0.959465 
3485 0.958399 
3486 0.958399 
3487 0.958775 
3488 0.958775 
3489 0.958461 
3490 0.958461 
3491 0.958273 
3492 0.958273 
3493 0.958116 
3494 0.958116 
3495 0.958148 
3496 0.958148 
3497 0.958273 
3498 0.958273 
3499 0.958430 
3500 0.958430 
3501 0.958712 
3502 0.958712 
3503 0.959308 
3504 0.959308 
3505 0.959370 
3506 0.959370 
3507 0.959182 
3508 0.959182 
3509 0.959308 
3510 0.959308 
3511 0.959778 
3512 0.959778 
3513 0.960217 
3514 0.960217 
3515 0.960499 
3516 0.960499 
3517 0.959997 
3518 0.959997 
3519 0.959841 
3520 0.959841 
3521 0.959715 
3522 0.959715 
3523 0.960060 
3524 0.960060 
3525 0.960186 
3526 0.960186 
3527 0.959715 
3528 0.959715 
3529 0.960092 
3530 0.960092 
3531 0.960123 
3532 0.960123 
3533 0.959747 
3534 0.959747 
3535 0.959245 
3536 0.959245 
3537 0.959088 
3538 0.959088 
3539 0.959496 
3540 0.959496 
3541 0.959276 
3542 0.959276 
3543 0.959402 
3544 0.959402 
3545 0.959496 
3546 0.959496 
3547 0.959214 
3548 0.959214 
3549 0.958900 
3550 0.958900 
3551 0.959026 
3552 0.959026 
3553 0.959026 
3554 0.959026 
3555 0.958806 
3556 0.958806 
3557 0.958211 
3558 0.958211 
3559 0.958179 
3560 0.958179 
3561 0.958399 
3562 0.958399 
3563 0.957960 
3564 0.957960 
3565 0.958148 
3566 0.958148 
3567 0.957458 
3568 0.957458 
3569 0.958963 
3570 0.958963 
3571 0.958587 
3572 0.958587 
3573 0.959120 
3574 0.959120 
3575 0.958838 
3576 0.958838 
3577 0.958963 
3578 0.958963 
3579 0.958900 
3580 0.958900 
3581 0.958838 
3582 0.958838 
3583 0.958932 
3584 0.958932 
3585 0.958649 
3586 0.958649 
3587 0.958493 
3588 0.958493 
3589 0.958367 
3590 0.958367 
3591 0.958461 
3592 0.958461 
3593 0.958524 
3594 0.958524 
3595 0.959308 
3596 0.959308 
3597 0.959653 
3598 0.959653 
3599 0.959653 
3600 0.959653 
3601 0.959465 
3602 0.959465 
3603 0.959559 
3604 0.959559 
3605 0.959339 
3606 0.959339 
3607 0.959339 
3608 0.959339 
3609 0.959402 
3610 0.959402 
3611 0.959120 
3612 0.959120 
3613 0.959120 
3614 0.959120 
3615 0.958932 
3616 0.958932 
3617 0.958900 
3618 0.958900 
3619 0.958054 
3620 0.958054 
3621 0.958524 
3622 0.958524 
3623 0.958524 
3624 0.958524 
3625 0.959339 
3626 0.959339 
3627 0.959120 
3628 0.959120 
3629 0.958618 
3630 0.958618 
3631 0.958242 
3632 0.958242 
3633 0.958273 
3634 0.958273 
3635 0.958587 
3636 0.958587 
3637 0.958806 
3638 0.958806 
3639 0.958932 
3640 0.958932 
3641 0.958649 
3642 0.958649 
3643 0.958618 
3644 0.958618 
3645 0.960938 
3646 0.960938 
3647 0.961095 
3648 0.961095 
3649 0.960844 
3650 0.960844 
3651 0.960217 
3652 0.960217 
3653 0.960530 
3654 0.960530 
3655 0.960687 
3656 0.960687 
3657 0.960499 
3658 0.960499 
3659 0.960436 
3660 0.960436 
3661 0.960374 
3662 0.960374 
3663 0.960280 
3664 0.960280 
3665 0.959715 
3666 0.959715 
3667 0.959841 
3668 0.959841 
3669 0.958994 
3670 0.958994 
3671 0.959120 
3672 0.959120 
3673 0.958869 
3674 0.958869 
3675 0.959370 
3676 0.959370 
3677 0.958681 
3678 0.958681 
3679 0.958555 
3680 0.958555 
3681 0.959214 
3682 0.959214 
3683 0.959559 
3684 0.959559 
3685 0.958806 
3686 0.958806 
3687 0.958305 
3688 0.958305 
3689 0.958085 
3690 0.958085 
3691 0.957615 
3692 0.957615 
3693 0.957427 
3694 0.957427 
3695 0.958900 
3696 0.958900 
3697 0.958900 
3698 0.958900 
3699 0.958430 
3700 0.958430 
3701 0.959057 
3702 0.959057 
3703 0.959747 
3704 0.959747 
3705 0.959245 
3706 0.959245 
3707 0.959809 
3708 0.959809 
3709 0.960311 
3710 0.960311 
3711 0.959903 
3712 0.959903 
3713 0.959245 
3714 0.959245 
3715 0.959151 
3716 0.959151 
3717 0.958399 
3718 0.958399 
3719 0.959935 
3720 0.959935 
3721 0.959496 
3722 0.959496 
3723 0.959715 
3724 0.959715 
3725 0.959088 
3726 0.959088 
3727 0.959057 
3728 0.959057 
3729 0.958712 
3730 0.958712 
3731 0.958461 
3732 0.958461 
3733 0.958555 
3734 0.958555 
3735 0.958963 
3736 0.958963 
3737 0.958712 
3738 0.958712 
3739 0.958336 
3740 0.958336 
3741 0.957427 
3742 0.957427 
3743 0.957239 
3744 0.957239 
3745 0.956173 
3746 0.956173 
3747 0.956737 
3748 0.956737 
3749 0.956330 
3750 0.956330 
3751 0.956518 
3752 0.956518 
3753 0.956173 
3754 0.956173 
3755 0.956518 
3756 0.956518 
3757 0.956863 
3758 0.956863 
3759 0.957051 
3760 0.957051 
3761 0.957552 
3762 0.957552 
3763 0.956643 
3764 0.956643 
3765 0.957051 
3766 0.957051 
3767 0.956800 
3768 0.956800 
3769 0.958399 
3770 0.958399 
3771 0.958900 
3772 0.958900 
3773 0.958054 
3774 0.958054 
3775 0.957897 
3776 0.957897 
3777 0.958430 
3778 0.958430 
3779 0.958587 
3780 0.958587 
3781 0.958054 
3782 0.958054 
3783 0.957646 
3784 0.957646 
3785 0.957960 
3786 0.957960 
3787 0.958211 
3788 0.958211 
3789 0.957772 
3790 0.957772 
3791 0.958336 
3792 0.958336 
3793 0.957772 
3794 0.957772 
3795 0.957897 
3796 0.957897 
3797 0.957301 
3798 0.957301 
3799 0.957239 
3800 0.957239 
3801 0.956706 
3802 0.956706 
3803 0.956800 
3804 0.956800 
3805 0.956330 
3806 0.956330 
3807 0.957019 
3808 0.957019 
3809 0.955985 
3810 0.955985 
3811 0.956894 
3812 0.956894 
3813 0.956737 
3814 0.956737 
3815 0.957019 
3816 0.957019 
3817 0.956518 
3818 0.956518 
3819 0.960468 
3820 0.960468 
3821 0.959778 
3822 0.959778 
3823 0.960217 
3824 0.960217 
3825 0.960719 
3826 0.960719 
3827 0.960719 
3828 0.960719 
3829 0.960938 
3830 0.960938 
3831 0.960875 
3832 0.960875 
3833 0.960374 
3834 0.960374 
3835 0.960625 
3836 0.960625 
3837 0.960719 
3838 0.960719 
3839 0.960719 
3840 0.960719 
3841 0.960719 
3842 0.960719 
3843 0.960060 
3844 0.960060 
3845 0.961502 
3846 0.961502 
3847 0.961753 
3848 0.961753 
3849 0.961973 
3850 0.961973 
3851 0.962192 
3852 0.962192 
3853 0.962067 
3854 0.962067 
3855 0.961753 
3856 0.961753 
3857 0.961095 
3858 0.961095 
3859 0.960844 
3860 0.960844 
3861 0.961659 
3862 0.961659 
3863 0.962098 
3864 0.962098 
3865 0.961408 
3866 0.961408 
3867 0.961910 
3868 0.961910 
3869 0.961251 
3870 0.961251 
3871 0.961314 
3872 0.961314 
3873 0.961941 
3874 0.961941 
3875 0.961973 
3876 0.961973 
3877 0.962067 
3878 0.962067 
3879 0.961565 
3880 0.961565 
3881 0.961784 
3882 0.961784 
3883 0.961565 
3884 0.961565 
3885 0.961690 
3886 0.961690 
3887 0.961283 
3888 0.961283 
3889 0.961220 
3890 0.961220 
3891 0.961534 
3892 0.961534 
3893 0.960625 
3894 0.960625 
3895 0.958273 
3896 0.958273 
3897 0.959339 
3898 0.959339 
3899 0.959903 
3900 0.959903 
3901 0.960781 
3902 0.960781 
3903 0.960468 
3904 0.960468 
3905 0.961973 
3906 0.961973 
3907 0.961784 
3908 0.961784 
3909 0.961565 
3910 0.961565 
3911 0.962004 
3912 0.962004 
3913 0.961753 
3914 0.961753 
3915 0.961690 
3916 0.961690 
3917 0.961690 
3918 0.961690 
3919 0.963728 
3920 0.963728 
3921 0.963070 
3922 0.963070 
3923 0.963791 
3924 0.963791 
3925 0.963289 
3926 0.963289 
3927 0.963509 
3928 0.963509 
3929 0.963759 
3930 0.963759 
3931 0.963540 
3932 0.963540 
3933 0.963916 
3934 0.963916 
3935 0.964073 
3936 0.964073 
3937 0.963948 
3938 0.963948 
3939 0.964481 
3940 0.964481 
3941 0.964261 
3942 0.964261 
3943 0.964104 
3944 0.964104 
3945 0.961534 
3946 0.961534 
3947 0.961878 
3948 0.961878 
3949 0.962474 
3950 0.962474 
3951 0.962882 
3952 0.962882 
3953 0.962317 
3954 0.962317 
3955 0.962725 
3956 0.962725 
3957 0.962944 
3958 0.962944 
3959 0.962474 
3960 0.962474 
3961 0.962349 
3962 0.962349 
3963 0.962223 
3964 0.962223 
3965 0.962568 
3966 0.962568 
3967 0.962317 
3968 0.962317 
3969 0.962004 
3970 0.962004 
3971 0.962255 
3972 0.962255 
3973 0.962600 
3974 0.962600 
3975 0.963007 
3976 0.963007 
3977 0.962192 
3978 0.962192 
3979 0.962192 
3980 0.962192 
3981 0.962098 
3982 0.962098 
3983 0.961878 
3984 0.961878 
3985 0.961878 
3986 0.961878 
3987 0.961784 
3988 0.961784 
3989 0.961659 
3990 0.961659 
3991 0.961941 
3992 0.961941 
3993 0.962161 
3994 0.962161 
3995 0.961126 
3996 0.961126 
3997 0.961502 
3998 0.961502 
3999 0.961377 
4000 0.961377 
4001 0.962819 
4002 0.962819 
4003 0.962725 
4004 0.962725 
4005 0.962788 
4006 0.962788 
4007 0.962882 
4008 0.962882 
4009 0.962443 
4010 0.962443 
4011 0.962756 
4012 0.962756 
4013 0.962756 
4014 0.962756 
4015 0.962631 
4016 0.962631 
4017 0.962129 
4018 0.962129 
4019 0.961596 
4020 0.961596 
4021 0.961941 
4022 0.961941 
4023 0.961722 
4024 0.961722 
4025 0.961596 
4026 0.961596 
4027 0.962223 
4028 0.962223 
4029 0.961565 
4030 0.961565 
4031 0.962067 
4032 0.962067 
4033 0.962129 
4034 0.962129 
4035 0.962035 
4036 0.962035 
4037 0.962255 
4038 0.962255 
4039 0.962035 
4040 0.962035 
4041 0.961941 
4042 0.961941 
4043 0.961878 
4044 0.961878 
4045 0.960938 
4046 0.960938 
4047 0.961189 
4048 0.961189 
4049 0.961126 
4050 0.961126 
4051 0.961346 
4052 0.961346 
4053 0.961283 
4054 0.961283 
4055 0.961408 
4056 0.961408 
4057 0.962035 
4058 0.962035 
4059 0.961722 
4060 0.961722 
4061 0.961596 
4062 0.961596 
4063 0.961346 
4064 0.961346 
4065 0.961126 
4066 0.961126 
4067 0.961722 
4068 0.961722 
4069 0.960248 
4070 0.960248 
4071 0.961157 
4072 0.961157 
4073 0.961189 
4074 0.961189 
4075 0.961157 
4076 0.961157 
4077 0.961377 
4078 0.961377 
4079 0.961063 
4080 0.961063 
4081 0.960625 
4082 0.960625 
4083 0.960750 
4084 0.960750 
4085 0.960969 
4086 0.960969 
4087 0.960969 
4088 0.960969 
4089 0.960750 
4090 0.960750 
4091 0.960530 
4092 0.960530 
4093 0.960593 
4094 0.960593 
4095 0.963571 
4096 0.963571 
4097 0.963352 
4098 0.963352 
4099 0.963634 
4100 0.963634 
4101 0.963916 
4102 0.963916 
4103 0.963540 
4104 0.963540 
4105 0.963007 
4106 0.963007 
4107 0.963571 
4108 0.963571 
4109 0.963289 
4110 0.963289 
4111 0.963415 
4112 0.963415 
4113 0.963571 
4114 0.963571 
4115 0.963822 
4116 0.963822 
4117 0.963759 
4118 0.963759 
4119 0.965484 
4120 0.965484 
4121 0.965327 
4122 0.965327 
4123 0.965735 
4124 0.965735 
4125 0.966048 
4126 0.966048 
4127 0.966173 
4128 0.966173 
4129 0.965578 
4130 0.965578 
4131 0.965546 
4132 0.965546 
4133 0.965045 
4134 0.965045 
4135 0.965014 
4136 0.965014 
4137 0.965327 
4138 0.965327 
4139 0.965515 
4140 0.965515 
4141 0.965672 
4142 0.965672 
4143 0.965546 
4144 0.965546 
4145 0.966079 
4146 0.966079 
4147 0.966236 
4148 0.966236 
4149 0.966205 
4150 0.966205 
4151 0.966832 
4152 0.966832 
4153 0.967396 
4154 0.967396 
4155 0.966550 
4156 0.966550 
4157 0.966581 
4158 0.966581 
4159 0.965797 
4160 0.965797 
4161 0.964825 
4162 0.964825 
4163 0.964919 
4164 0.964919 
4165 0.964575 
4166 0.964575 
4167 0.965797 
4168 0.965797 
4169 0.964575 
4170 0.964575 
4171 0.963540 
4172 0.963540 
4173 0.964073 
4174 0.964073 
4175 0.963101 
4176 0.963101 
4177 0.961973 
4178 0.961973 
4179 0.962380 
4180 0.962380 
4181 0.962411 
4182 0.962411 
4183 0.961502 
4184 0.961502 
4185 0.962568 
4186 0.962568 
4187 0.963477 
4188 0.963477 
4189 0.965954 
4190 0.965954 
4191 0.967114 
4192 0.967114 
4193 0.968305 
4194 0.968305 
4195 0.971440 
4196 0.971440 
4197 0.970656 
4198 0.970656 
4199 0.970907 
4200 0.970907 
4201 0.970813 
4202 0.970813 
4203 0.970061 
4204 0.970061 
4205 0.970155 
4206 0.970155 
4207 0.972255 
4208 0.972255 
4209 0.972694 
4210 0.972694 
4211 0.973541 
4212 0.973541 
4213 0.975923 
4214 0.975923 
4215 0.975390 
4216 0.975390 
4217 0.972914 
4218 0.972914 
4219 0.973384 
4220 0.973384 
4221 0.976268 
4222 0.976268 
4223 0.976237 
4224 0.976237 
4225 0.977021 
4226 0.977021 
4227 0.975704 
4228 0.975704 
4229 0.975641 
4230 0.975641 
4231 0.975422 
4232 0.975422 
4233 0.975766 
4234 0.975766 
4235 0.976770 
4236 0.976770 
4237 0.978369 
4238 0.978369 
4239 0.978369 
4240 0.978369 
4241 0.977616 
4242 0.977616 
4243 0.974418 
4244 0.974418 
4245 0.973227 
4246 0.973227 
4247 0.972287 
4248 0.972287 
4249 0.973886 
4250 0.973886 
4251 0.974951 
4252 0.974951 
4253 0.974920 
4254 0.974920 
4255 0.974074 
4256 0.974074 
4257 0.976362 
4258 0.976362 
4259 0.979466 
4260 0.979466 
4261 0.975578 
4262 0.975578 
4263 0.978557 
4264 0.978557 
4265 0.978337 
4266 0.978337 
4267 0.981221 
4268 0.981221 
4269 0.981472 
4270 0.981472 
4271 0.981754 
4272 0.981754 
4273 0.981002 
4274 0.981002 
4275 0.983729 
4276 0.983729 
4277 0.984043 
4278 0.984043 
4279 0.984795 
4280 0.984795 
4281 0.983447 
4282 0.983447 
4283 0.983071 
4284 0.983071 
4285 0.983510 
4286 0.983510 
4287 0.984325 
4288 0.984325 
4289 0.982601 
4290 0.982601 
4291 0.983290 
4292 0.983290 
4293 0.982162 
4294 0.982162 
4295 0.983823 
4296 0.983823 
4297 0.984294 
4298 0.984294 
4299 0.983510 
4300 0.983510 
4301 0.985704 
4302 0.985704 
4303 0.986049 
4304 0.986049 
4305 0.986363 
4306 0.986363 
4307 0.985987 
4308 0.985987 
4309 0.986049 
4310 0.986049 
4311 0.987021 
4312 0.987021 
4313 0.986363 
4314 0.986363 
4315 0.985391 
4316 0.985391 
4317 0.984168 
4318 0.984168 
4319 0.984231 
4320 0.984231 
4321 0.984889 
4322 0.984889 
4323 0.986958 
4324 0.986958 
4325 0.985077 
4326 0.985077 
4327 0.985015 
4328 0.985015 
4329 0.984795 
4330 0.984795 
4331 0.983635 
4332 0.983635 
4333 0.984419 
4334 0.984419 
4335 0.984795 
4336 0.984795 
4337 0.985234 
4338 0.985234 
4339 0.984795 
4340 0.984795 
4341 0.985140 
4342 0.985140 
4343 0.985893 
4344 0.985893 
4345 0.984576 
4346 0.984576 
4347 0.984294 
4348 0.984294 
4349 0.983071 
4350 0.983071 
4351 0.984701 
4352 0.984701 
4353 0.982946 
4354 0.982946 
4355 0.983196 
4356 0.983196 
4357 0.985297 
4358 0.985297 
4359 0.985266 
4360 0.985266 
4361 0.986394 
4362 0.986394 
4363 0.985203 
4364 0.985203 
4365 0.985297 
4366 0.985297 
4367 0.984106 
4368 0.984106 
4369 0.984607 
4370 0.984607 
4371 0.984325 
4372 0.984325 
4373 0.983322 
4374 0.983322 
4375 0.982601 
4376 0.982601 
4377 0.982726 
4378 0.982726 
4379 0.982664 
4380 0.982664 
4381 0.981535 
4382 0.981535 
4383 0.977303 
4384 0.977303 
4385 0.975672 
4386 0.975672 
4387 0.972976 
4388 0.972976 
4389 0.971816 
4390 0.971816 
4391 0.969371 
4392 0.969371 
4393 0.963509 
4394 0.963509 
4395 0.946799 
4396 0.946799 
4397 0.938523 
4398 0.938523 
4399 0.924102 
4400 0.924102 
4401 0.907142 
4402 0.907142 
4403 0.898896 
4404 0.898896 
4405 0.887548 
4406 0.887548 
4407 0.887924 
4408 0.887924 
4409 0.865101 
4410 0.865101 
4411 0.823155 
4412 0.823155 
4413 0.837670 
4414 0.837670 
4415 0.859709 
4416 0.859709 
4417 0.942347 
4418 0.942347 
4419 0.977585 
4420 0.977585 
4421 0.985642 
4422 0.985642 
4423 0.984074 
4424 0.984074 
4425 0.984325 
4426 0.984325 
4427 0.983792 
4428 0.983792 
4429 0.983698 
4430 0.983698 
4431 0.982820 
4432 0.982820 
4433 0.982507 
4434 0.982507 
4435 0.980845 
4436 0.980845 
4437 0.981159 
4438 0.981159 
4439 0.980061 
4440 0.980061 
4441 0.978275 
4442 0.978275 
4443 0.975328 
4444 0.975328 
4445 0.975202 
4446 0.975202 
4447 0.973196 
4448 0.973196 
4449 0.970625 
4450 0.970625 
4451 0.966362 
4452 0.966362 
4453 0.964575 
4454 0.964575 
4455 0.963885 
4456 0.963885 
4457 0.960813 
4458 0.960813 
4459 0.957740 
4460 0.957740 
4461 0.954887 
4462 0.954887 
4463 0.952693 
4464 0.952693 
4465 0.951439 
4466 0.951439 
4467 0.949840 
4468 0.949840 
4469 0.947269 
4470 0.947269 
4471 0.955358 
4472 0.955358 
4473 0.958179 
4474 0.958179 
4475 0.960029 
4476 0.960029 
4477 0.962756 
4478 0.962756 
4479 0.963383 
4480 0.963383 
4481 0.965735 
4482 0.965735 
4483 0.958367 
4484 0.958367 
4485 0.957552 
4486 0.957552 
4487 0.936516 
4488 0.936516 
4489 0.927456 
4490 0.927456 
4491 0.925575 
4492 0.925575 
4493 0.932911 
4494 0.932911 
4495 0.924948 
4496 0.924948 
4497 0.927080 
4498 0.927080 
4499 0.932598 
4500 0.932598 
4501 0.945420 
4502 0.945420 
4503 0.957082 
4504 0.957082 
4505 0.961189 
4506 0.961189 
4507 0.974418 
4508 0.974418 
4509 0.977773 
4510 0.977773 
4511 0.979309 
4512 0.979309 
4513 0.978870 
4514 0.978870 
4515 0.980939 
4516 0.980939 
4517 0.982789 
4518 0.982789 
4519 0.980250 
4520 0.980250 
4521 0.981723 
4522 0.981723 
4523 0.982036 
4524 0.982036 
4525 0.983573 
4526 0.983573 
4527 0.983479 
4528 0.983479 
4529 0.982036 
4530 0.982036 
4531 0.983479 
4532 0.983479 
4533 0.981974 
4534 0.981974 
4535 0.981566 
4536 0.981566 
4537 0.981566 
4538 0.981566 
4539 0.980908 
4540 0.980908 
4541 0.983040 
4542 0.983040 
4543 0.982319 
4544 0.982319 
4545 0.982726 
4546 0.982726 
4547 0.981096 
4548 0.981096 
4549 0.982507 
4550 0.982507 
4551 0.981033 
4552 0.981033 
4553 0.978651 
4554 0.978651 
4555 0.976770 
4556 0.976770 
4557 0.977647 
4558 0.977647 
4559 0.980155 
4560 0.980155 
4561 0.978807 
4562 0.978807 
4563 0.976801 
4564 0.976801 
4565 0.978275 
4566 0.978275 
4567 0.978525 
4568 0.978525 
4569 0.979654 
4570 0.979654 
4571 0.978776 
4572 0.978776 
4573 0.978369 
4574 0.978369 
4575 0.978964 
4576 0.978964 
4577 0.979967 
4578 0.979967 
4579 0.980877 
4580 0.980877 
4581 0.980877 
4582 0.980877 
4583 0.982883 
4584 0.982883 
4585 0.980312 
4586 0.980312 
4587 0.980250 
4588 0.980250 
4589 0.978525 
4590 0.978525 
4591 0.978525 
4592 0.978525 
4593 0.978682 
4594 0.978682 
4595 0.977992 
4596 0.977992 
4597 0.978463 
4598 0.978463 
4599 0.977491 
4600 0.977491 
4601 0.976362 
4602 0.976362 
4603 0.973290 
4604 0.973290 
4605 0.972506 
4606 0.972506 
4607 0.974356 
4608 0.974356 
4609 0.975108 
4610 0.975108 
4611 0.977491 
4612 0.977491 
4613 0.975484 
4614 0.975484 
4615 0.978275 
4616 0.978275 
4617 0.978588 
4618 0.978588 
4619 0.978996 
4620 0.978996 
4621 0.980720 
4622 0.980720 
4623 0.976488 
4624 0.976488 
4625 0.977773 
4626 0.977773 
4627 0.978996 
4628 0.978996 
4629 0.979654 
4630 0.979654 
4631 0.978839 
4632 0.978839 
4633 0.977961 
4634 0.977961 
4635 0.979999 
4636 0.979999 
4637 0.982005 
4638 0.982005 
4639 0.980344 
4640 0.980344 
4641 0.981253 
4642 0.981253 
4643 0.980626 
4644 0.980626 
4645 0.978463 
4646 0.978463 
4647 0.982068 
4648 0.982068 
4649 0.981190 
4650 0.981190 
4651 0.980344 
4652 0.980344 
4653 0.981598 
4654 0.981598 
4655 0.980939 
4656 0.980939 
4657 0.980532 
4658 0.980532 
4659 0.983479 
4660 0.983479 
4661 0.982507 
4662 0.982507 
4663 0.985109 
4664 0.985109 
4665 0.986708 
4666 0.986708 
4667 0.985893 
4668 0.985893 
4669 0.985830 
4670 0.985830 
4671 0.986457 
4672 0.986457 
4673 0.986864 
4674 0.986864 
4675 0.983761 
4676 0.983761 
4677 0.982758 
4678 0.982758 
4679 0.979309 
4680 0.979309 
4681 0.979246 
4682 0.979246 
4683 0.980124 
4684 0.980124 
4685 0.979811 
4686 0.979811 
4687 0.975484 
4688 0.975484 
4689 0.970343 
4690 0.970343 
4691 0.968431 
4692 0.968431 
4693 0.962474 
4694 0.962474 
4695 0.961032 
4696 0.961032 
4697 0.963101 
4698 0.963101 
4699 0.967302 
4700 0.967302 
4701 0.968274 
4702 0.968274 
4703 0.969591 
4704 0.969591 
4705 0.971691 
4706 0.971691 
4707 0.970688 
4708 0.970688 
4709 0.973196 
4710 0.973196 
4711 0.981221 
4712 0.981221 
4713 0.983416 
4714 0.983416 
4715 0.983729 
4716 0.983729 
4717 0.986206 
4718 0.986206 
4719 0.988150 
4720 0.988150 
4721 0.988024 
4722 0.988024 
4723 0.988432 
4724 0.988432 
4725 0.986864 
4726 0.986864 
4727 0.985893 
4728 0.985893 
4729 0.984356 
4730 0.984356 
4731 0.982350 
4732 0.982350 
4733 0.981190 
4734 0.981190 
4735 0.980939 
4736 0.980939 
4737 0.981065 
4738 0.981065 
4739 0.984827 
4740 0.984827 
4741 0.986112 
4742 0.986112 
4743 0.985987 
4744 0.985987 
4745 0.985704 
4746 0.985704 
4747 0.983886 
4748 0.983886 
4749 0.961095 
4750 0.961095 
4751 0.950028 
4752 0.950028 
4753 0.852843 
4754 0.852843 
4755 0.744122 
4756 0.744122 
4757 0.649257 
4758 0.649257 
4759 0.412784 
4760 0.412784 
4761 0.337984 
4762 0.337984 
4763 0.299486 
4764 0.299486 
4765 0.255126 
4766 0.255126 
4767 0.230955 
4768 0.230955 
4769 0.181579 
4770 0.181579 
4771 0.164430 
4772 0.164430 
4773 0.144147 
4774 0.144147 
4775 0.133080 
4776 0.133080 
4777 0.114176 
4778 0.114176 
4779 0.102859 
4780 0.102859 
4781 0.088595 
4782 0.088595 
4783 0.068217 
4784 0.068217 
4785 0.060756 
4786 0.060756 
4787 0.056242 
4788 0.056242 
4789 0.054392 
4790 0.054392 
4791 0.052668 
4792 0.052668 
4793 0.052981 
4794 0.052981 
4795 0.048749 
4796 0.048749 
4797 0.048028 
4798 0.048028 
4799 0.047683 
4800 0.047683 
4801 0.047150 
4802 0.047150 
4803 0.045426 
4804 0.045426 
4805 0.044924 
4806 0.044924 
4807 0.045207 
4808 0.045207 
4809 0.044329 
4810 0.044329 
4811 0.046178 
4812 0.046178 
4813 0.047244 
4814 0.047244 
4815 0.048498 
4816 0.048498 
4817 0.050850 
4818 0.050850 
4819 0.072230 
4820 0.072230 
4821 0.071196 
4822 0.071196 
4823 0.072638 
4824 0.072638 
4825 0.072387 
4826 0.072387 
4827 0.073422 
4828 0.073422 
4829 0.073704 
4830 0.073704 
4831 0.072826 
4832 0.072826 
4833 0.076431 
4834 0.076431 
4835 0.076212 
4836 0.076212 
4837 0.077215 
4838 0.077215 
4839 0.079033 
4840 0.079033 
4841 0.079880 
4842 0.079880 
4843 0.079880 
4844 0.079880 
4845 0.081165 
4846 0.081165 
4847 0.081635 
4848 0.081635 
4849 0.082607 
4850 0.082607 
4851 0.084519 
4852 0.084519 
4853 0.086400 
4854 0.086400 
4855 0.087372 
4856 0.087372 
4857 0.087780 
4858 0.087780 
4859 0.084864 
4860 0.084864 
4861 0.085335 
4862 0.085335 
4863 0.085867 
4864 0.085867 
4865 0.084896 
4866 0.084896 
4867 0.086024 
4868 0.086024 
4869 0.086400 
4870 0.086400 
4871 0.088532 
4872 0.088532 
4873 0.089723 
4874 0.089723 
4875 0.089285 
4876 0.089285 
4877 0.088720 
4878 0.088720 
4879 0.090256 
4880 0.090256 
4881 0.089943 
4882 0.089943 
4883 0.081008 
4884 0.081008 
4885 0.081541 
4886 0.081541 
4887 0.082137 
4888 0.082137 
4889 0.082105 
4890 0.082105 
4891 0.081573 
4892 0.081573 
4893 0.082388 
4894 0.082388 
4895 0.084958 
4896 0.084958 
4897 0.086275 
4898 0.086275 
4899 0.086118 
4900 0.086118 
4901 0.089128 
4902 0.089128 
4903 0.088156 
4904 0.088156 
4905 0.087780 
4906 0.087780 
4907 0.089034 
4908 0.089034 
4909 0.076807 
4910 0.076807 
4911 0.074770 
4912 0.074770 
4913 0.074393 
4914 0.074393 
4915 0.076557 
4916 0.076557 
4917 0.115368 
4918 0.115368 
4919 0.148567 
4920 0.148567 
4921 0.177848 
4922 0.177848 
4923 0.185623 
4924 0.185623 
4925 0.196157 
4926 0.196157 
4927 0.216722 
4928 0.216722 
4929 0.250423 
4930 0.250423 
4931 0.269233 
4932 0.269233 
4933 0.303122 
4934 0.303122 
4935 0.367672 
4936 0.367672 
4937 0.391247 
4938 0.391247 
4939 0.502916 
4940 0.502916 
4941 0.582795 
4942 0.582795 
4943 0.636968 
4944 0.636968 
4945 0.686219 
4946 0.686219 
4947 0.720202 
4948 0.720202 
4949 0.729638 
4950 0.729638 
4951 0.737664 
4952 0.737664 
4953 0.735281 
4954 0.735281 
4955 0.669791 
4956 0.669791 
4957 0.572481 
4958 0.572481 
4959 0.226535 
4960 0.226535 
4961 0.154681 
4962 0.154681 
4963 0.117562 
4964 0.117562 
4965 0.087372 
4966 0.087372 
4967 0.103486 
4968 0.103486 
4969 0.135902 
4970 0.135902 
4971 0.192645 
4972 0.192645 
4973 0.238479 
4974 0.238479 
4975 0.269923 
4976 0.269923 
4977 0.301774 
4978 0.301774 
4979 0.312590 
4980 0.312590 
4981 0.313029 
4982 0.313029 
4983 0.317732 
4984 0.317732 
4985 0.313374 
4986 0.313374 
4987 0.307919 
4988 0.307919 
4989 0.295348 
4990 0.295348 
4991 0.280582 
4992 0.280582 
4993 0.267070 
4994 0.267070 
4995 0.242492 
4996 0.242492 
4997 0.226785 
4998 0.226785 
4999 0.212521 
5000 0.212521 
5001 0.186407 
5002 0.186407 
5003 0.162048 
5004 0.162048 
5005 0.139068 
5006 0.139068 
5007 0.112045 
5008 0.112045 
5009 0.116214 
5010 0.116214 
5011 0.106276 
5012 0.106276 
5013 0.094834 
5014 0.094834 
5015 0.091103 
5016 0.091103 
5017 0.084770 
5018 0.084770 
5019 0.080757 
5020 0.080757 
5021 0.099066 
5022 0.099066 
5023 0.111073 
5024 0.111073 
5025 0.114270 
5026 0.114270 
5027 0.116841 
5028 0.116841 
5029 0.114208 
5030 0.114208 
5031 0.108001 
5032 0.108001 
5033 0.103925 
5034 0.103925 
5035 0.099850 
5036 0.099850 
5037 0.098345 
5038 0.098345 
5039 0.097216 
5040 0.097216 
5041 0.096809 
5042 0.096809 
5043 0.091134 
5044 0.091134 
5045 0.087059 
5046 0.087059 
5047 0.083454 
5048 0.083454 
5049 0.088940 
5050 0.088940 
5051 0.104395 
5052 0.104395 
5053 0.120854 
5054 0.120854 
5055 0.144962 
5056 0.144962 
5057 0.167095 
5058 0.167095 
5059 0.216753 
5060 0.216753 
5061 0.253778 
5062 0.253778 
5063 0.297918 
5064 0.297918 
5065 0.336573 
5066 0.336573 
5067 0.403285 
5068 0.403285 
5069 0.458838 
5070 0.458838 
5071 0.508245 
5072 0.508245 
5073 0.558217 
5074 0.558217 
5075 0.589786 
5076 0.589786 
5077 0.613800 
5078 0.613800 
5079 0.640918 
5080 0.640918 
5081 0.668036 
5082 0.668036 
5083 0.719888 
5084 0.719888 
5085 0.680826 
5086 0.680826 
5087 0.588689 
5088 0.588689 
5089 0.426171 
5090 0.426171 
5091 0.337513 
5092 0.337513 
5093 0.320710 
5094 0.320710 
5095 0.303843 
5096 0.303843 
5097 0.287322 
5098 0.287322 
5099 0.276444 
5100 0.276444 
5101 0.272776 
5102 0.272776 
5103 0.268888 
5104 0.268888 
5105 0.267070 
5106 0.267070 
5107 0.275315 
5108 0.275315 
5109 0.364318 
5110 0.364318 
5111 0.352781 
5112 0.352781 
5113 0.337106 
5114 0.337106 
5115 0.319863 
5116 0.319863 
5117 0.306602 
5118 0.306602 
5119 0.298922 
5120 0.298922 
5121 0.290990 
5122 0.290990 
5123 0.289736 
5124 0.289736 
5125 0.294689 
5126 0.294689 
5127 0.301304 
5128 0.301304 
5129 0.302527 
5130 0.302527 
5131 0.303154 
5132 0.303154 
5133 0.403850 
5134 0.403850 
5135 0.401781 
5136 0.401781 
5137 0.401373 
5138 0.401373 
5139 0.401530 
5140 0.401530 
5141 0.399900 
5142 0.399900 
5143 0.399618 
5144 0.399618 
5145 0.398834 
5146 0.398834 
5147 0.398081 
5148 0.398081 
5149 0.397548 
5150 0.397548 
5151 0.397110 
5152 0.397110 
5153 0.396702 
5154 0.396702 
5155 0.395134 
5156 0.395134 
5157 0.395103 
5158 0.395103 
5159 0.377140 
5160 0.377140 
5161 0.373628 
5162 0.373628 
5163 0.374475 
5164 0.374475 
5165 0.374506 
5166 0.374506 
5167 0.373127 
5168 0.373127 
5169 0.373503 
5170 0.373503 
5171 0.376011 
5172 0.376011 
5173 0.378488 
5174 0.378488 
5175 0.379585 
5176 0.379585 
5177 0.382093 
5178 0.382093 
5179 0.384852 
5180 0.384852 
5181 0.385291 
5182 0.385291 
5183 0.316791 
5184 0.316791 
5185 0.316666 
5186 0.316666 
5187 0.323092 
5188 0.323092 
5189 0.326259 
5190 0.326259 
5191 0.327826 
5192 0.327826 
5193 0.327575 
5194 0.327575 
5195 0.297260 
5196 0.297260 
5197 0.295003 
5198 0.295003 
5199 0.296978 
5200 0.296978 
5201 0.304753 
5202 0.304753 
5203 0.306289 
5204 0.306289 
5205 0.309298 
5206 0.309298 
5207 0.308922 
5208 0.308922 
5209 0.309048 
5210 0.309048 
5211 0.310364 
5212 0.310364 
5213 0.312151 
5214 0.312151 
5215 0.312465 
5216 0.312465 
5217 0.312527 
5218 0.312527 
5219 0.000502 
5220 0.000502 
5221 0.030535 
5222 0.030535 
5223 0.067841 
5224 0.067841 
5225 0.091354 
5226 0.091354 
5227 0.110728 
5228 0.110728 
5229 0.123958 
5230 0.123958 
5231 0.146874 
5232 0.146874 
5233 0.167785 
5234 0.167785 
5235 0.182457 
5236 0.182457 
5237 0.193931 
5238 0.193931 
5239 0.205217 
5240 0.205217 
5241 0.212991 
5242 0.212991 
5243 0.223713 
5244 0.223713 
5245 0.320302 
5246 0.320302 
5247 0.322559 
5248 0.322559 
5249 0.325475 
5250 0.325475 
5251 0.331087 
5252 0.331087 
5253 0.336667 
5254 0.336667 
5255 0.342937 
5256 0.342937 
5257 0.359772 
5258 0.359772 
5259 0.379804 
5260 0.379804 
5261 0.403035 
5262 0.403035 
5263 0.439024 
5264 0.439024 
5265 0.452066 
5266 0.452066 
5267 0.424603 
5268 0.424603 
5269 0.195906 
5270 0.195906 
5271 0.206471 
5272 0.206471 
5273 0.207756 
5274 0.207756 
5275 0.212458 
5276 0.212458 
5277 0.213180 
5278 0.213180 
5279 0.213775 
5280 0.213775 
5281 0.212458 
5282 0.212458 
5283 0.207004 
5284 0.207004 
5285 0.207098 
5286 0.207098 
5287 0.203242 
5288 0.203242 
5289 0.224465 
5290 0.224465 
5291 0.263057 
5292 0.263057 
5293 0.316979 
5294 0.316979 
5295 0.376168 
5296 0.376168 
5297 0.443758 
5298 0.443758 
5299 0.512759 
5300 0.512759 
5301 0.555082 
5302 0.555082 
5303 0.638598 
5304 0.638598 
5305 0.699668 
5306 0.699668 
5307 0.738009 
5308 0.738009 
5309 0.769923 
5310 0.769923 
5311 0.800520 
5312 0.800520 
5313 0.821117 
5314 0.821117 
5315 0.836980 
5316 0.836980 
5317 0.855195 
5318 0.855195 
5319 0.925857 
5320 0.925857 
5321 0.926892 
5322 0.926892 
5323 0.930435 
5324 0.930435 
5325 0.935043 
5326 0.935043 
5327 0.939150 
5328 0.939150 
5329 0.939275 
5330 0.939275 
5331 0.941815 
5332 0.941815 
5333 0.943915 
5334 0.943915 
5335 0.944291 
5336 0.944291 
5337 0.947426 
5338 0.947426 
5339 0.947457 
5340 0.947457 
5341 0.947740 
5342 0.947740 
5343 0.947426 
5344 0.947426 
5345 0.896483 
5346 0.896483 
5347 0.907831 
5348 0.907831 
5349 0.910935 
5350 0.910935 
5351 0.914227 
5352 0.914227 
5353 0.920089 
5354 0.920089 
5355 0.922660 
5356 0.922660 
5357 0.924008 
5358 0.924008 
5359 0.927801 
5360 0.927801 
5361 0.928271 
5362 0.928271 
5363 0.890495 
5364 0.890495 
5365 0.864850 
5366 0.864850 
5367 0.757195 
5368 0.757195 
5369 0.622641 
5370 0.622641 
5371 0.627061 
5372 0.627061 
5373 0.620979 
5374 0.620979 
5375 0.617249 
5376 0.617249 
5377 0.607405 
5378 0.607405 
5379 0.588626 
5380 0.588626 
5381 0.570506 
5382 0.570506 
5383 0.549878 
5384 0.549878 
5385 0.541821 
5386 0.541821 
5387 0.543043 
5388 0.543043 
5389 0.550317 
5390 0.550317 
5391 0.552072 
5392 0.552072 
5393 0.559189 
5394 0.559189 
5395 0.573735 
5396 0.573735 
5397 0.585930 
5398 0.585930 
5399 0.590476 
5400 0.590476 
5401 0.589128 
5402 0.589128 
5403 0.584269 
5404 0.584269 
5405 0.581447 
5406 0.581447 
5407 0.578249 
5408 0.578249 
5409 0.571666 
5410 0.571666 
5411 0.564738 
5412 0.564738 
5413 0.561038 
5414 0.561038 
5415 0.557872 
5416 0.557872 
5417 0.563170 
5418 0.563170 
5419 0.572230 
5420 0.572230 
5421 0.583610 
5422 0.583610 
5423 0.595743 
5424 0.595743 
5425 0.611888 
5426 0.611888 
5427 0.618158 
5428 0.618158 
5429 0.621230 
5430 0.621230 
5431 0.628535 
5432 0.628535 
5433 0.633269 
5434 0.633269 
5435 0.646341 
5436 0.646341 
5437 0.659132 
5438 0.659132 
5439 0.665528 
5440 0.665528 
5441 0.671202 
5442 0.671202 
5443 0.680607 
5444 0.680607 
5445 0.691893 
5446 0.691893 
5447 0.695341 
5448 0.695341 
5449 0.699605 
5450 0.699605 
5451 0.702552 
5452 0.702552 
5453 0.707035 
5454 0.707035 
5455 0.709418 
5456 0.709418 
5457 0.710766 
5458 0.710766 
5459 0.710609 
5460 0.710609 
5461 0.712427 
5462 0.712427 
5463 0.723807 
5464 0.723807 
5465 0.737444 
5466 0.737444 
5467 0.747131 
5468 0.747131 
5469 0.818986 
5470 0.818986 
5471 0.821055 
5472 0.821055 
5473 0.818076 
5474 0.818076 
5475 0.817387 
5476 0.817387 
5477 0.817700 
5478 0.817700 
5479 0.818547 
5480 0.818547 
5481 0.817857 
5482 0.817857 
5483 0.818923 
5484 0.818923 
5485 0.825663 
5486 0.825663 
5487 0.827544 
5488 0.827544 
5489 0.827701 
5490 0.827701 
5491 0.832309 
5492 0.832309 
5493 0.837733 
5494 0.837733 
5495 0.908145 
5496 0.908145 
5497 0.925857 
5498 0.925857 
5499 0.962098 
5500 0.962098 
5501 0.970688 
5502 0.970688 
5503 0.972099 
5504 0.972099 
5505 0.972475 
5506 0.972475 
5507 0.971942 
5508 0.971942 
5509 0.974513 
5510 0.974513 
5511 0.976895 
5512 0.976895 
5513 0.977397 
5514 0.977397 
5515 0.977303 
5516 0.977303 
5517 0.976864 
5518 0.976864 
5519 0.978024 
5520 0.978024 
5521 0.977021 
5522 0.977021 
5523 0.976801 
5524 0.976801 
5525 0.976456 
5526 0.976456 
5527 0.975641 
5528 0.975641 
5529 0.976707 
5530 0.976707 
5531 0.976456 
5532 0.976456 
5533 0.976362 
5534 0.976362 
5535 0.976299 
5536 0.976299 
5537 0.975547 
5538 0.975547 
5539 0.975766 
5540 0.975766 
5541 0.974575 
5542 0.974575 
5543 0.976111 
5544 0.976111 
5545 0.976895 
5546 0.976895 
5547 0.977083 
5548 0.977083 
5549 0.976613 
5550 0.976613 
5551 0.976582 
5552 0.976582 
5553 0.976017 
5554 0.976017 
5555 0.975641 
5556 0.975641 
5557 0.975422 
5558 0.975422 
5559 0.974826 
5560 0.974826 
5561 0.974387 
5562 0.974387 
5563 0.974293 
5564 0.974293 
5565 0.973227 
5566 0.973227 
5567 0.971691 
5568 0.971691 
5569 0.971315 
5570 0.971315 
5571 0.971001 
5572 0.971001 
5573 0.971221 
5574 0.971221 
5575 0.970280 
5576 0.970280 
5577 0.970782 
5578 0.970782 
5579 0.970656 
5580 0.970656 
5581 0.967866 
5582 0.967866 
5583 0.968086 
5584 0.968086 
5585 0.968023 
5586 0.968023 
5587 0.967145 
5588 0.967145 
5589 0.968556 
5590 0.968556 
5591 0.969120 
5592 0.969120 
5593 0.970468 
5594 0.970468 
5595 0.972788 
5596 0.972788 
5597 0.973384 
5598 0.973384 
5599 0.973415 
5600 0.973415 
5601 0.973541 
5602 0.973541 
5603 0.973415 
5604 0.973415 
5605 0.973603 
5606 0.973603 
5607 0.972349 
5608 0.972349 
5609 0.972067 
5610 0.972067 
5611 0.971660 
5612 0.971660 
5613 0.970061 
5614 0.970061 
5615 0.970186 
5616 0.970186 
5617 0.971566 
5618 0.971566 
5619 0.968305 
5620 0.968305 
5621 0.968117 
5622 0.968117 
5623 0.967271 
5624 0.967271 
5625 0.967521 
5626 0.967521 
5627 0.967929 
5628 0.967929 
5629 0.968807 
5630 0.968807 
5631 0.967741 
5632 0.967741 
5633 0.968681 
5634 0.968681 
5635 0.969998 
5636 0.969998 
5637 0.970029 
5638 0.970029 
5639 0.970280 
5640 0.970280 
5641 0.971001 
5642 0.971001 
5643 0.971409 
5644 0.971409 
5645 0.971315 
5646 0.971315 
5647 0.971315 
5648 0.971315 
5649 0.971127 
5650 0.971127 
5651 0.970970 
5652 0.970970 
5653 0.970813 
5654 0.970813 
5655 0.970970 
5656 0.970970 
5657 0.971283 
5658 0.971283 
5659 0.971910 
5660 0.971910 
5661 0.972349 
5662 0.972349 
5663 0.971754 
5664 0.971754 
5665 0.971754 
5666 0.971754 
5667 0.972537 
5668 0.972537 
5669 0.971848 
5670 0.971848 
5671 0.972443 
5672 0.972443 
5673 0.972067 
5674 0.972067 
5675 0.971722 
5676 0.971722 
5677 0.971973 
5678 0.971973 
5679 0.972569 
5680 0.972569 
5681 0.972161 
5682 0.972161 
5683 0.972036 
5684 0.972036 
5685 0.972005 
5686 0.972005 
5687 0.972820 
5688 0.972820 
5689 0.972381 
5690 0.972381 
5691 0.972976 
5692 0.972976 
5693 0.972820 
5694 0.972820 
5695 0.972318 
5696 0.972318 
5697 0.972130 
5698 0.972130 
5699 0.971942 
5700 0.971942 
5701 0.972976 
5702 0.972976 
5703 0.972506 
5704 0.972506 
5705 0.972600 
5706 0.972600 
5707 0.973008 
5708 0.973008 
5709 0.973102 
5710 0.973102 
5711 0.973039 
5712 0.973039 
5713 0.972537 
5714 0.972537 
5715 0.973760 
5716 0.973760 
5717 0.973635 
5718 0.973635 
5719 0.973196 
5720 0.973196 
5721 0.972475 
5722 0.972475 
5723 0.972945 
5724 0.972945 
5725 0.972349 
5726 0.972349 
5727 0.972537 
5728 0.972537 
5729 0.973133 
5730 0.973133 
5731 0.973258 
5732 0.973258 
5733 0.973008 
5734 0.973008 
5735 0.973447 
5736 0.973447 
Time taken: 376.680618
