1 0.124709 
2 0.124709 
3 0.145299 
4 0.145299 
5 0.168998 
6 0.168998 
7 0.204351 
8 0.204351 
9 0.223776 
10 0.223776 
11 0.241647 
12 0.241647 
13 0.242813 
14 0.242813 
15 0.235431 
16 0.235431 
17 0.242424 
18 0.242424 
19 0.240093 
20 0.240093 
21 0.237374 
22 0.237374 
23 0.240482 
24 0.240482 
25 0.239705 
26 0.239705 
27 0.246309 
28 0.246309 
29 0.250971 
30 0.250971 
31 0.256022 
32 0.256022 
33 0.260295 
34 0.260295 
35 0.268065 
36 0.268065 
37 0.264180 
38 0.264180 
39 0.261461 
40 0.261461 
41 0.257187 
42 0.257187 
43 0.251360 
44 0.251360 
45 0.252525 
46 0.252525 
47 0.249417 
48 0.249417 
49 0.245921 
50 0.245921 
51 0.245921 
52 0.245921 
53 0.240870 
54 0.240870 
55 0.242813 
56 0.242813 
57 0.236985 
58 0.236985 
59 0.235820 
60 0.235820 
61 0.234266 
62 0.234266 
63 0.235820 
64 0.235820 
65 0.236208 
66 0.236208 
67 0.235043 
68 0.235043 
69 0.238151 
70 0.238151 
71 0.238151 
72 0.238151 
73 0.240093 
74 0.240093 
75 0.239705 
76 0.239705 
77 0.237762 
78 0.237762 
79 0.238539 
80 0.238539 
81 0.240870 
82 0.240870 
83 0.250971 
84 0.250971 
85 0.284771 
86 0.284771 
87 0.305750 
88 0.305750 
89 0.326729 
90 0.326729 
91 0.352370 
92 0.352370 
93 0.370629 
94 0.370629 
95 0.383061 
96 0.383061 
97 0.385781 
98 0.385781 
99 0.393162 
100 0.393162 
101 0.395493 
102 0.395493 
103 0.400544 
104 0.400544 
105 0.398213 
106 0.398213 
107 0.403652 
108 0.403652 
109 0.413753 
110 0.413753 
111 0.416472 
112 0.416472 
113 0.426962 
114 0.426962 
115 0.444056 
116 0.444056 
117 0.448329 
118 0.448329 
119 0.453768 
120 0.453768 
121 0.461538 
122 0.461538 
123 0.464258 
124 0.464258 
125 0.463869 
126 0.463869 
127 0.457265 
128 0.457265 
129 0.446775 
130 0.446775 
131 0.441725 
132 0.441725 
133 0.437063 
134 0.437063 
135 0.440948 
136 0.440948 
137 0.436286 
138 0.436286 
139 0.427350 
140 0.427350 
141 0.424242 
142 0.424242 
143 0.413364 
144 0.413364 
145 0.407925 
146 0.407925 
147 0.405983 
148 0.405983 
149 0.401321 
150 0.401321 
151 0.391997 
152 0.391997 
153 0.389277 
154 0.389277 
155 0.386946 
156 0.386946 
157 0.379953 
158 0.379953 
159 0.377622 
160 0.377622 
161 0.374126 
162 0.374126 
163 0.373737 
164 0.373737 
165 0.371406 
166 0.371406 
167 0.372183 
168 0.372183 
169 0.370629 
170 0.370629 
171 0.369852 
172 0.369852 
173 0.366356 
174 0.366356 
175 0.364413 
176 0.364413 
177 0.360528 
178 0.360528 
179 0.356255 
180 0.356255 
181 0.357032 
182 0.357032 
183 0.354701 
184 0.354701 
185 0.351981 
186 0.351981 
187 0.349650 
188 0.349650 
189 0.349262 
190 0.349262 
191 0.345765 
192 0.345765 
193 0.344211 
194 0.344211 
195 0.342269 
196 0.342269 
197 0.343046 
198 0.343046 
199 0.343434 
200 0.343434 
201 0.342269 
202 0.342269 
203 0.343046 
204 0.343046 
205 0.339549 
206 0.339549 
207 0.338772 
208 0.338772 
209 0.339161 
210 0.339161 
211 0.337218 
212 0.337218 
213 0.335664 
214 0.335664 
215 0.336441 
216 0.336441 
217 0.337218 
218 0.337218 
219 0.352370 
220 0.352370 
221 0.350427 
222 0.350427 
223 0.347708 
224 0.347708 
225 0.346542 
226 0.346542 
227 0.345377 
228 0.345377 
229 0.345377 
230 0.345377 
231 0.341880 
232 0.341880 
233 0.340715 
234 0.340715 
235 0.342657 
236 0.342657 
237 0.342269 
238 0.342269 
239 0.340715 
240 0.340715 
241 0.343046 
242 0.343046 
243 0.341103 
244 0.341103 
245 0.337995 
246 0.337995 
247 0.339161 
248 0.339161 
249 0.341492 
250 0.341492 
251 0.341492 
252 0.341492 
253 0.339549 
254 0.339549 
255 0.337995 
256 0.337995 
257 0.337218 
258 0.337218 
259 0.337218 
260 0.337218 
261 0.334887 
262 0.334887 
263 0.335276 
264 0.335276 
265 0.334887 
266 0.334887 
267 0.333722 
268 0.333722 
269 0.341880 
270 0.341880 
271 0.341492 
272 0.341492 
273 0.337607 
274 0.337607 
275 0.338772 
276 0.338772 
277 0.336441 
278 0.336441 
279 0.336830 
280 0.336830 
281 0.335664 
282 0.335664 
283 0.334499 
284 0.334499 
285 0.335276 
286 0.335276 
287 0.334499 
288 0.334499 
289 0.332945 
290 0.332945 
291 0.332556 
292 0.332556 
293 0.332945 
294 0.332945 
295 0.327894 
296 0.327894 
297 0.327506 
298 0.327506 
299 0.327506 
300 0.327506 
301 0.327506 
302 0.327506 
303 0.328283 
304 0.328283 
305 0.329060 
306 0.329060 
307 0.329448 
308 0.329448 
309 0.330614 
310 0.330614 
311 0.329448 
312 0.329448 
313 0.330225 
314 0.330225 
315 0.330614 
316 0.330614 
317 0.329837 
318 0.329837 
319 0.331002 
320 0.331002 
321 0.330225 
322 0.330225 
323 0.329060 
324 0.329060 
325 0.330225 
326 0.330225 
327 0.328671 
328 0.328671 
329 0.328283 
330 0.328283 
331 0.329060 
332 0.329060 
333 0.329060 
334 0.329060 
335 0.329060 
336 0.329060 
337 0.327506 
338 0.327506 
339 0.329448 
340 0.329448 
341 0.338772 
342 0.338772 
343 0.350816 
344 0.350816 
345 0.368687 
346 0.368687 
347 0.374126 
348 0.374126 
349 0.386558 
350 0.386558 
351 0.385004 
352 0.385004 
353 0.383838 
354 0.383838 
355 0.381896 
356 0.381896 
357 0.384227 
358 0.384227 
359 0.387335 
360 0.387335 
361 0.388112 
362 0.388112 
363 0.383838 
364 0.383838 
365 0.379953 
366 0.379953 
367 0.380342 
368 0.380342 
369 0.379953 
370 0.379953 
371 0.380730 
372 0.380730 
373 0.381119 
374 0.381119 
375 0.379565 
376 0.379565 
377 0.381507 
378 0.381507 
379 0.376845 
380 0.376845 
381 0.374126 
382 0.374126 
383 0.371406 
384 0.371406 
385 0.370629 
386 0.370629 
387 0.369464 
388 0.369464 
389 0.369464 
390 0.369464 
391 0.376068 
392 0.376068 
393 0.379565 
394 0.379565 
395 0.375680 
396 0.375680 
397 0.378399 
398 0.378399 
399 0.378011 
400 0.378011 
401 0.383838 
402 0.383838 
403 0.385781 
404 0.385781 
405 0.389277 
406 0.389277 
407 0.393551 
408 0.393551 
409 0.397436 
410 0.397436 
411 0.405983 
412 0.405983 
413 0.420357 
414 0.420357 
415 0.433955 
416 0.433955 
417 0.445221 
418 0.445221 
419 0.474359 
420 0.474359 
421 0.493396 
422 0.493396 
423 0.505439 
424 0.505439 
425 0.518260 
426 0.518260 
427 0.533023 
428 0.533023 
429 0.546620 
430 0.546620 
431 0.562160 
432 0.562160 
433 0.574592 
434 0.574592 
435 0.586247 
436 0.586247 
437 0.599068 
438 0.599068 
439 0.610334 
440 0.610334 
441 0.610723 
442 0.610723 
443 0.619270 
444 0.619270 
445 0.628982 
446 0.628982 
447 0.635198 
448 0.635198 
449 0.640637 
450 0.640637 
451 0.649961 
452 0.649961 
453 0.650350 
454 0.650350 
455 0.654623 
456 0.654623 
457 0.662393 
458 0.662393 
459 0.672106 
460 0.672106 
461 0.682595 
462 0.682595 
463 0.687257 
464 0.687257 
465 0.688423 
466 0.688423 
467 0.694639 
468 0.694639 
469 0.707459 
470 0.707459 
471 0.704351 
472 0.704351 
473 0.705517 
474 0.705517 
475 0.708236 
476 0.708236 
477 0.710956 
478 0.710956 
479 0.709790 
480 0.709790 
481 0.708625 
482 0.708625 
483 0.703963 
484 0.703963 
485 0.703186 
486 0.703186 
487 0.705128 
488 0.705128 
489 0.704740 
490 0.704740 
491 0.707071 
492 0.707071 
493 0.704740 
494 0.704740 
495 0.696581 
496 0.696581 
497 0.694250 
498 0.694250 
499 0.707848 
500 0.707848 
501 0.715229 
502 0.715229 
503 0.719891 
504 0.719891 
505 0.728438 
506 0.728438 
507 0.727661 
508 0.727661 
509 0.731935 
510 0.731935 
511 0.742424 
512 0.742424 
513 0.745921 
514 0.745921 
515 0.750194 
516 0.750194 
517 0.763015 
518 0.763015 
519 0.798368 
520 0.798368 
521 0.806915 
522 0.806915 
523 0.842269 
524 0.842269 
525 0.865967 
526 0.865967 
527 0.885392 
528 0.885392 
529 0.902098 
530 0.902098 
531 0.916084 
532 0.916084 
533 0.919192 
534 0.919192 
535 0.923854 
536 0.923854 
537 0.930847 
538 0.930847 
539 0.930070 
540 0.930070 
541 0.932012 
542 0.932012 
543 0.933955 
544 0.933955 
545 0.964646 
546 0.964646 
547 0.968531 
548 0.968531 
549 0.967366 
550 0.967366 
551 0.965812 
552 0.965812 
553 0.963481 
554 0.963481 
555 0.959984 
556 0.959984 
557 0.962315 
558 0.962315 
559 0.961927 
560 0.961927 
561 0.961150 
562 0.961150 
563 0.962704 
564 0.962704 
565 0.965035 
566 0.965035 
567 0.963092 
568 0.963092 
569 0.956099 
570 0.956099 
571 0.957265 
572 0.957265 
573 0.955711 
574 0.955711 
575 0.954157 
576 0.954157 
577 0.951049 
578 0.951049 
579 0.951049 
580 0.951049 
581 0.952214 
582 0.952214 
583 0.949883 
584 0.949883 
585 0.953380 
586 0.953380 
587 0.951437 
588 0.951437 
589 0.950272 
590 0.950272 
591 0.951049 
592 0.951049 
593 0.952991 
594 0.952991 
595 0.964646 
596 0.964646 
597 0.970474 
598 0.970474 
599 0.972028 
600 0.972028 
601 0.971251 
602 0.971251 
603 0.970474 
604 0.970474 
605 0.973193 
606 0.973193 
607 0.970862 
608 0.970862 
609 0.972805 
610 0.972805 
611 0.970862 
612 0.970862 
613 0.972416 
614 0.972416 
615 0.971639 
616 0.971639 
617 0.973582 
618 0.973582 
619 0.975913 
620 0.975913 
621 0.971639 
622 0.971639 
623 0.974359 
624 0.974359 
625 0.975136 
626 0.975136 
627 0.972416 
628 0.972416 
629 0.972805 
630 0.972805 
631 0.968920 
632 0.968920 
633 0.969697 
634 0.969697 
635 0.970862 
636 0.970862 
637 0.971251 
638 0.971251 
639 0.973193 
640 0.973193 
641 0.971251 
642 0.971251 
643 0.968531 
644 0.968531 
645 0.972805 
646 0.972805 
647 0.973582 
648 0.973582 
649 0.972028 
650 0.972028 
651 0.966200 
652 0.966200 
653 0.967754 
654 0.967754 
655 0.965812 
656 0.965812 
657 0.970085 
658 0.970085 
659 0.970862 
660 0.970862 
661 0.970474 
662 0.970474 
663 0.971251 
664 0.971251 
665 0.967754 
666 0.967754 
667 0.971251 
668 0.971251 
669 0.966977 
670 0.966977 
671 0.970085 
672 0.970085 
673 0.967366 
674 0.967366 
675 0.969697 
676 0.969697 
677 0.967754 
678 0.967754 
679 0.969697 
680 0.969697 
681 0.968531 
682 0.968531 
683 0.967366 
684 0.967366 
685 0.964258 
686 0.964258 
687 0.965423 
688 0.965423 
689 0.966977 
690 0.966977 
691 0.965812 
692 0.965812 
693 0.966200 
694 0.966200 
695 0.968531 
696 0.968531 
697 0.965812 
698 0.965812 
699 0.969697 
700 0.969697 
701 0.968920 
702 0.968920 
703 0.969308 
704 0.969308 
705 0.968920 
706 0.968920 
707 0.970862 
708 0.970862 
709 0.971251 
710 0.971251 
711 0.971639 
712 0.971639 
713 0.974747 
714 0.974747 
715 0.972416 
716 0.972416 
717 0.969308 
718 0.969308 
719 0.970474 
720 0.970474 
721 0.971639 
722 0.971639 
723 0.972416 
724 0.972416 
725 0.970862 
726 0.970862 
727 0.972028 
728 0.972028 
729 0.970862 
730 0.970862 
731 0.970862 
732 0.970862 
733 0.971251 
734 0.971251 
735 0.970862 
736 0.970862 
737 0.971639 
738 0.971639 
739 0.970085 
740 0.970085 
741 0.970862 
742 0.970862 
743 0.970474 
744 0.970474 
745 0.968920 
746 0.968920 
747 0.970862 
748 0.970862 
749 0.970085 
750 0.970085 
751 0.968920 
752 0.968920 
753 0.970085 
754 0.970085 
755 0.969697 
756 0.969697 
757 0.969308 
758 0.969308 
759 0.968920 
760 0.968920 
761 0.969697 
762 0.969697 
763 0.970862 
764 0.970862 
765 0.969697 
766 0.969697 
767 0.969697 
768 0.969697 
769 0.971251 
770 0.971251 
771 0.970474 
772 0.970474 
773 0.970862 
774 0.970862 
775 0.971251 
776 0.971251 
777 0.970862 
778 0.970862 
779 0.969697 
780 0.969697 
781 0.970085 
782 0.970085 
783 0.969697 
784 0.969697 
785 0.969697 
786 0.969697 
787 0.968531 
788 0.968531 
789 0.970474 
790 0.970474 
791 0.967754 
792 0.967754 
793 0.968531 
794 0.968531 
795 0.968531 
796 0.968531 
797 0.967754 
798 0.967754 
799 0.966200 
800 0.966200 
801 0.966200 
802 0.966200 
803 0.966200 
804 0.966200 
805 0.967366 
806 0.967366 
807 0.968531 
808 0.968531 
809 0.966589 
810 0.966589 
811 0.966589 
812 0.966589 
813 0.965812 
814 0.965812 
815 0.963481 
816 0.963481 
817 0.965423 
818 0.965423 
819 0.971639 
820 0.971639 
821 0.970474 
822 0.970474 
823 0.968920 
824 0.968920 
825 0.966977 
826 0.966977 
827 0.965812 
828 0.965812 
829 0.964258 
830 0.964258 
831 0.963481 
832 0.963481 
833 0.963869 
834 0.963869 
835 0.963869 
836 0.963869 
837 0.964646 
838 0.964646 
839 0.965812 
840 0.965812 
841 0.965035 
842 0.965035 
843 0.965035 
844 0.965035 
845 0.964646 
846 0.964646 
847 0.966589 
848 0.966589 
849 0.968531 
850 0.968531 
851 0.968920 
852 0.968920 
853 0.968531 
854 0.968531 
855 0.965812 
856 0.965812 
857 0.966589 
858 0.966589 
859 0.966977 
860 0.966977 
861 0.967366 
862 0.967366 
863 0.966977 
864 0.966977 
865 0.967366 
866 0.967366 
867 0.968143 
868 0.968143 
869 0.970085 
870 0.970085 
871 0.970862 
872 0.970862 
873 0.969697 
874 0.969697 
875 0.970474 
876 0.970474 
877 0.971251 
878 0.971251 
879 0.967366 
880 0.967366 
881 0.967366 
882 0.967366 
883 0.968531 
884 0.968531 
885 0.968143 
886 0.968143 
887 0.969308 
888 0.969308 
889 0.969697 
890 0.969697 
891 0.968531 
892 0.968531 
893 0.969697 
894 0.969697 
895 0.968531 
896 0.968531 
897 0.968920 
898 0.968920 
899 0.968143 
900 0.968143 
901 0.968531 
902 0.968531 
903 0.968143 
904 0.968143 
905 0.970085 
906 0.970085 
907 0.970862 
908 0.970862 
909 0.970085 
910 0.970085 
911 0.970474 
912 0.970474 
913 0.971639 
914 0.971639 
915 0.970862 
916 0.970862 
917 0.970474 
918 0.970474 
919 0.970862 
920 0.970862 
921 0.970862 
922 0.970862 
923 0.970862 
924 0.970862 
925 0.970862 
926 0.970862 
927 0.970085 
928 0.970085 
929 0.967366 
930 0.967366 
931 0.967754 
932 0.967754 
933 0.967754 
934 0.967754 
935 0.970085 
936 0.970085 
937 0.970474 
938 0.970474 
939 0.970085 
940 0.970085 
941 0.971251 
942 0.971251 
943 0.969308 
944 0.969308 
945 0.969308 
946 0.969308 
947 0.968531 
948 0.968531 
949 0.968531 
950 0.968531 
951 0.968920 
952 0.968920 
953 0.969308 
954 0.969308 
955 0.970474 
956 0.970474 
957 0.968920 
958 0.968920 
959 0.967366 
960 0.967366 
961 0.967366 
962 0.967366 
963 0.966977 
964 0.966977 
965 0.968920 
966 0.968920 
967 0.969308 
968 0.969308 
969 0.968531 
970 0.968531 
971 0.969697 
972 0.969697 
973 0.968920 
974 0.968920 
975 0.968531 
976 0.968531 
977 0.969308 
978 0.969308 
979 0.969308 
980 0.969308 
981 0.968920 
982 0.968920 
983 0.970085 
984 0.970085 
985 0.968531 
986 0.968531 
987 0.968920 
988 0.968920 
989 0.968531 
990 0.968531 
991 0.968143 
992 0.968143 
993 0.968531 
994 0.968531 
995 0.968531 
996 0.968531 
997 0.968143 
998 0.968143 
999 0.969308 
1000 0.969308 
1001 0.969697 
1002 0.969697 
1003 0.969697 
1004 0.969697 
1005 0.970862 
1006 0.970862 
1007 0.970085 
1008 0.970085 
1009 0.968920 
1010 0.968920 
1011 0.968920 
1012 0.968920 
1013 0.968531 
1014 0.968531 
1015 0.969697 
1016 0.969697 
1017 0.968920 
1018 0.968920 
1019 0.969308 
1020 0.969308 
1021 0.968920 
1022 0.968920 
1023 0.968531 
1024 0.968531 
1025 0.969697 
1026 0.969697 
1027 0.967754 
1028 0.967754 
1029 0.968531 
1030 0.968531 
1031 0.968143 
1032 0.968143 
1033 0.968531 
1034 0.968531 
1035 0.969697 
1036 0.969697 
1037 0.968920 
1038 0.968920 
1039 0.968531 
1040 0.968531 
1041 0.968531 
1042 0.968531 
1043 0.968143 
1044 0.968143 
1045 0.969697 
1046 0.969697 
1047 0.969308 
1048 0.969308 
1049 0.967366 
1050 0.967366 
1051 0.968531 
1052 0.968531 
1053 0.969308 
1054 0.969308 
1055 0.968920 
1056 0.968920 
1057 0.969308 
1058 0.969308 
1059 0.970085 
1060 0.970085 
1061 0.969697 
1062 0.969697 
1063 0.970474 
1064 0.970474 
1065 0.971251 
1066 0.971251 
1067 0.971639 
1068 0.971639 
1069 0.970862 
1070 0.970862 
1071 0.972028 
1072 0.972028 
1073 0.970474 
1074 0.970474 
1075 0.971251 
1076 0.971251 
1077 0.971251 
1078 0.971251 
1079 0.971639 
1080 0.971639 
1081 0.972028 
1082 0.972028 
1083 0.970862 
1084 0.970862 
1085 0.969697 
1086 0.969697 
1087 0.967754 
1088 0.967754 
1089 0.968143 
1090 0.968143 
1091 0.968143 
1092 0.968143 
1093 0.968143 
1094 0.968143 
1095 0.968531 
1096 0.968531 
1097 0.966977 
1098 0.966977 
1099 0.966977 
1100 0.966977 
1101 0.970085 
1102 0.970085 
1103 0.968920 
1104 0.968920 
1105 0.968531 
1106 0.968531 
1107 0.969308 
1108 0.969308 
1109 0.970474 
1110 0.970474 
1111 0.970862 
1112 0.970862 
1113 0.971639 
1114 0.971639 
1115 0.971251 
1116 0.971251 
1117 0.971251 
1118 0.971251 
1119 0.971639 
1120 0.971639 
1121 0.972805 
1122 0.972805 
1123 0.970862 
1124 0.970862 
1125 0.971639 
1126 0.971639 
1127 0.969697 
1128 0.969697 
1129 0.971251 
1130 0.971251 
1131 0.971639 
1132 0.971639 
1133 0.970085 
1134 0.970085 
1135 0.971251 
1136 0.971251 
1137 0.970085 
1138 0.970085 
1139 0.968920 
1140 0.968920 
1141 0.968531 
1142 0.968531 
1143 0.967754 
1144 0.967754 
1145 0.967366 
1146 0.967366 
1147 0.966977 
1148 0.966977 
1149 0.966977 
1150 0.966977 
1151 0.966200 
1152 0.966200 
1153 0.966200 
1154 0.966200 
1155 0.965423 
1156 0.965423 
1157 0.968143 
1158 0.968143 
1159 0.966977 
1160 0.966977 
1161 0.967366 
1162 0.967366 
1163 0.967366 
1164 0.967366 
1165 0.968531 
1166 0.968531 
1167 0.969308 
1168 0.969308 
1169 0.969697 
1170 0.969697 
1171 0.969697 
1172 0.969697 
1173 0.968920 
1174 0.968920 
1175 0.970474 
1176 0.970474 
1177 0.968143 
1178 0.968143 
1179 0.968531 
1180 0.968531 
1181 0.968531 
1182 0.968531 
1183 0.968143 
1184 0.968143 
1185 0.968531 
1186 0.968531 
1187 0.971251 
1188 0.971251 
1189 0.968920 
1190 0.968920 
1191 0.968531 
1192 0.968531 
1193 0.968143 
1194 0.968143 
1195 0.968531 
1196 0.968531 
1197 0.967366 
1198 0.967366 
1199 0.967366 
1200 0.967366 
1201 0.968920 
1202 0.968920 
1203 0.967754 
1204 0.967754 
1205 0.968143 
1206 0.968143 
1207 0.968531 
1208 0.968531 
1209 0.968143 
1210 0.968143 
1211 0.968143 
1212 0.968143 
1213 0.969308 
1214 0.969308 
1215 0.969697 
1216 0.969697 
1217 0.968531 
1218 0.968531 
1219 0.969697 
1220 0.969697 
1221 0.969308 
1222 0.969308 
1223 0.970474 
1224 0.970474 
1225 0.969697 
1226 0.969697 
1227 0.970474 
1228 0.970474 
1229 0.969308 
1230 0.969308 
1231 0.970474 
1232 0.970474 
1233 0.967754 
1234 0.967754 
1235 0.968143 
1236 0.968143 
1237 0.969697 
1238 0.969697 
1239 0.967754 
1240 0.967754 
1241 0.967366 
1242 0.967366 
1243 0.968143 
1244 0.968143 
1245 0.968531 
1246 0.968531 
1247 0.968143 
1248 0.968143 
1249 0.969697 
1250 0.969697 
1251 0.969308 
1252 0.969308 
1253 0.968920 
1254 0.968920 
1255 0.968920 
1256 0.968920 
1257 0.967366 
1258 0.967366 
1259 0.968531 
1260 0.968531 
1261 0.968531 
1262 0.968531 
1263 0.968920 
1264 0.968920 
1265 0.970085 
1266 0.970085 
1267 0.968143 
1268 0.968143 
1269 0.968920 
1270 0.968920 
1271 0.968920 
1272 0.968920 
1273 0.968143 
1274 0.968143 
1275 0.967754 
1276 0.967754 
1277 0.965812 
1278 0.965812 
1279 0.966589 
1280 0.966589 
1281 0.967366 
1282 0.967366 
1283 0.968143 
1284 0.968143 
1285 0.967366 
1286 0.967366 
1287 0.966977 
1288 0.966977 
1289 0.966589 
1290 0.966589 
1291 0.966977 
1292 0.966977 
1293 0.966977 
1294 0.966977 
1295 0.966589 
1296 0.966589 
1297 0.967366 
1298 0.967366 
1299 0.967754 
1300 0.967754 
1301 0.966200 
1302 0.966200 
1303 0.966589 
1304 0.966589 
1305 0.967754 
1306 0.967754 
1307 0.968143 
1308 0.968143 
1309 0.968531 
1310 0.968531 
1311 0.971251 
1312 0.971251 
1313 0.970474 
1314 0.970474 
1315 0.969697 
1316 0.969697 
1317 0.968920 
1318 0.968920 
1319 0.970085 
1320 0.970085 
1321 0.969697 
1322 0.969697 
1323 0.969308 
1324 0.969308 
1325 0.969697 
1326 0.969697 
1327 0.968143 
1328 0.968143 
1329 0.968920 
1330 0.968920 
1331 0.969697 
1332 0.969697 
1333 0.969697 
1334 0.969697 
1335 0.965812 
1336 0.965812 
1337 0.968143 
1338 0.968143 
1339 0.966977 
1340 0.966977 
1341 0.967754 
1342 0.967754 
1343 0.968143 
1344 0.968143 
1345 0.966977 
1346 0.966977 
1347 0.968920 
1348 0.968920 
1349 0.968920 
1350 0.968920 
1351 0.969697 
1352 0.969697 
1353 0.970085 
1354 0.970085 
1355 0.970474 
1356 0.970474 
1357 0.971639 
1358 0.971639 
1359 0.970862 
1360 0.970862 
1361 0.970085 
1362 0.970085 
1363 0.969697 
1364 0.969697 
1365 0.970862 
1366 0.970862 
1367 0.970474 
1368 0.970474 
1369 0.969308 
1370 0.969308 
1371 0.966589 
1372 0.966589 
1373 0.967754 
1374 0.967754 
1375 0.968143 
1376 0.968143 
1377 0.969697 
1378 0.969697 
1379 0.970085 
1380 0.970085 
1381 0.969697 
1382 0.969697 
1383 0.970085 
1384 0.970085 
1385 0.968531 
1386 0.968531 
1387 0.966200 
1388 0.966200 
1389 0.965035 
1390 0.965035 
1391 0.966977 
1392 0.966977 
1393 0.966589 
1394 0.966589 
1395 0.966589 
1396 0.966589 
1397 0.967366 
1398 0.967366 
1399 0.965812 
1400 0.965812 
1401 0.966977 
1402 0.966977 
1403 0.967366 
1404 0.967366 
1405 0.966200 
1406 0.966200 
1407 0.966200 
1408 0.966200 
1409 0.967366 
1410 0.967366 
1411 0.967754 
1412 0.967754 
1413 0.968920 
1414 0.968920 
1415 0.968920 
1416 0.968920 
1417 0.970862 
1418 0.970862 
1419 0.970474 
1420 0.970474 
1421 0.966977 
1422 0.966977 
1423 0.965812 
1424 0.965812 
1425 0.966977 
1426 0.966977 
1427 0.969308 
1428 0.969308 
1429 0.964646 
1430 0.964646 
1431 0.966200 
1432 0.966200 
1433 0.961927 
1434 0.961927 
1435 0.962704 
1436 0.962704 
1437 0.965423 
1438 0.965423 
1439 0.964258 
1440 0.964258 
1441 0.965035 
1442 0.965035 
1443 0.963481 
1444 0.963481 
1445 0.966200 
1446 0.966200 
1447 0.968531 
1448 0.968531 
1449 0.968143 
1450 0.968143 
1451 0.963869 
1452 0.963869 
1453 0.966977 
1454 0.966977 
1455 0.968920 
1456 0.968920 
1457 0.970085 
1458 0.970085 
1459 0.970474 
1460 0.970474 
1461 0.970474 
1462 0.970474 
1463 0.973193 
1464 0.973193 
1465 0.972416 
1466 0.972416 
1467 0.970085 
1468 0.970085 
1469 0.974747 
1470 0.974747 
1471 0.973193 
1472 0.973193 
1473 0.972805 
1474 0.972805 
1475 0.973582 
1476 0.973582 
1477 0.974747 
1478 0.974747 
1479 0.971251 
1480 0.971251 
1481 0.968920 
1482 0.968920 
1483 0.978244 
1484 0.978244 
1485 0.971251 
1486 0.971251 
1487 0.969697 
1488 0.969697 
1489 0.976690 
1490 0.976690 
1491 0.972805 
1492 0.972805 
1493 0.969697 
1494 0.969697 
1495 0.972805 
1496 0.972805 
1497 0.975913 
1498 0.975913 
1499 0.975136 
1500 0.975136 
1501 0.970862 
1502 0.970862 
1503 0.972805 
1504 0.972805 
1505 0.974747 
1506 0.974747 
1507 0.975524 
1508 0.975524 
1509 0.978632 
1510 0.978632 
1511 0.975136 
1512 0.975136 
1513 0.975913 
1514 0.975913 
1515 0.981740 
1516 0.981740 
1517 0.983294 
1518 0.983294 
1519 0.977078 
1520 0.977078 
1521 0.980186 
1522 0.980186 
1523 0.979021 
1524 0.979021 
1525 0.980186 
1526 0.980186 
1527 0.983683 
1528 0.983683 
1529 0.982517 
1530 0.982517 
1531 0.983294 
1532 0.983294 
1533 0.977467 
1534 0.977467 
1535 0.980186 
1536 0.980186 
1537 0.979021 
1538 0.979021 
1539 0.980186 
1540 0.980186 
1541 0.975913 
1542 0.975913 
1543 0.975524 
1544 0.975524 
1545 0.977856 
1546 0.977856 
1547 0.974747 
1548 0.974747 
1549 0.983683 
1550 0.983683 
1551 0.978244 
1552 0.978244 
1553 0.981352 
1554 0.981352 
1555 0.978632 
1556 0.978632 
1557 0.980186 
1558 0.980186 
1559 0.987956 
1560 0.987956 
1561 0.975913 
1562 0.975913 
1563 0.977856 
1564 0.977856 
1565 0.974359 
1566 0.974359 
1567 0.976301 
1568 0.976301 
1569 0.970474 
1570 0.970474 
1571 0.973193 
1572 0.973193 
1573 0.970474 
1574 0.970474 
1575 0.969308 
1576 0.969308 
1577 0.971639 
1578 0.971639 
1579 0.974359 
1580 0.974359 
1581 0.975913 
1582 0.975913 
1583 0.972416 
1584 0.972416 
1585 0.970474 
1586 0.970474 
1587 0.971639 
1588 0.971639 
1589 0.972805 
1590 0.972805 
1591 0.969697 
1592 0.969697 
1593 0.973193 
1594 0.973193 
1595 0.967366 
1596 0.967366 
1597 0.966977 
1598 0.966977 
1599 0.967366 
1600 0.967366 
1601 0.970474 
1602 0.970474 
1603 0.972805 
1604 0.972805 
1605 0.977078 
1606 0.977078 
1607 0.972028 
1608 0.972028 
1609 0.970862 
1610 0.970862 
1611 0.973193 
1612 0.973193 
1613 0.980963 
1614 0.980963 
1615 0.975913 
1616 0.975913 
1617 0.982129 
1618 0.982129 
1619 0.978244 
1620 0.978244 
1621 0.976301 
1622 0.976301 
1623 0.974359 
1624 0.974359 
1625 0.978632 
1626 0.978632 
1627 0.976690 
1628 0.976690 
1629 0.978244 
1630 0.978244 
1631 0.977467 
1632 0.977467 
1633 0.970474 
1634 0.970474 
1635 0.974359 
1636 0.974359 
1637 0.978632 
1638 0.978632 
1639 0.980963 
1640 0.980963 
1641 0.975913 
1642 0.975913 
1643 0.970085 
1644 0.970085 
1645 0.980186 
1646 0.980186 
1647 0.979798 
1648 0.979798 
1649 0.975136 
1650 0.975136 
1651 0.976301 
1652 0.976301 
1653 0.979021 
1654 0.979021 
1655 0.982517 
1656 0.982517 
1657 0.983683 
1658 0.983683 
1659 0.981740 
1660 0.981740 
1661 0.979021 
1662 0.979021 
1663 0.977856 
1664 0.977856 
1665 0.979798 
1666 0.979798 
1667 0.975136 
1668 0.975136 
1669 0.972028 
1670 0.972028 
1671 0.978244 
1672 0.978244 
1673 0.980186 
1674 0.980186 
1675 0.977856 
1676 0.977856 
1677 0.978632 
1678 0.978632 
1679 0.965812 
1680 0.965812 
1681 0.963869 
1682 0.963869 
1683 0.966589 
1684 0.966589 
1685 0.968143 
1686 0.968143 
1687 0.965812 
1688 0.965812 
1689 0.967754 
1690 0.967754 
1691 0.972028 
1692 0.972028 
1693 0.965812 
1694 0.965812 
1695 0.967366 
1696 0.967366 
1697 0.970085 
1698 0.970085 
1699 0.971639 
1700 0.971639 
1701 0.972416 
1702 0.972416 
1703 0.975913 
1704 0.975913 
1705 0.976301 
1706 0.976301 
1707 0.972416 
1708 0.972416 
1709 0.968143 
1710 0.968143 
1711 0.970085 
1712 0.970085 
1713 0.961150 
1714 0.961150 
1715 0.968531 
1716 0.968531 
1717 0.968531 
1718 0.968531 
1719 0.965035 
1720 0.965035 
1721 0.964258 
1722 0.964258 
1723 0.968531 
1724 0.968531 
1725 0.976690 
1726 0.976690 
1727 0.975913 
1728 0.975913 
1729 0.980963 
1730 0.980963 
1731 0.966200 
1732 0.966200 
1733 0.956876 
1734 0.956876 
1735 0.932012 
1736 0.932012 
1737 0.943279 
1738 0.943279 
1739 0.950272 
1740 0.950272 
1741 0.942113 
1742 0.942113 
1743 0.915695 
1744 0.915695 
1745 0.898601 
1746 0.898601 
1747 0.783217 
1748 0.783217 
1749 0.765346 
1750 0.765346 
1751 0.758741 
1752 0.758741 
1753 0.706682 
1754 0.706682 
1755 0.693862 
1756 0.693862 
1757 0.689588 
1758 0.689588 
1759 0.689588 
1760 0.689588 
1761 0.688811 
1762 0.688811 
1763 0.674437 
1764 0.674437 
1765 0.674437 
1766 0.674437 
1767 0.709790 
1768 0.709790 
1769 0.709013 
1770 0.709013 
1771 0.740093 
1772 0.740093 
1773 0.775447 
1774 0.775447 
1775 0.804584 
1776 0.804584 
1777 0.828283 
1778 0.828283 
1779 0.841492 
1780 0.841492 
1781 0.826729 
1782 0.826729 
1783 0.820124 
1784 0.820124 
1785 0.805361 
1786 0.805361 
1787 0.799922 
1788 0.799922 
1789 0.787879 
1790 0.787879 
1791 0.776612 
1792 0.776612 
1793 0.755633 
1794 0.755633 
1795 0.731158 
1796 0.731158 
1797 0.724165 
1798 0.724165 
1799 0.731546 
1800 0.731546 
1801 0.749417 
1802 0.749417 
1803 0.755245 
1804 0.755245 
1805 0.766123 
1806 0.766123 
1807 0.778555 
1808 0.778555 
1809 0.787102 
1810 0.787102 
1811 0.751748 
1812 0.751748 
1813 0.742813 
1814 0.742813 
1815 0.755633 
1816 0.755633 
1817 0.754079 
1818 0.754079 
1819 0.752137 
1820 0.752137 
1821 0.749806 
1822 0.749806 
1823 0.744367 
1824 0.744367 
1825 0.729992 
1826 0.729992 
1827 0.721445 
1828 0.721445 
1829 0.717172 
1830 0.717172 
1831 0.710567 
1832 0.710567 
1833 0.720280 
1834 0.720280 
1835 0.664724 
1836 0.664724 
1837 0.658897 
1838 0.658897 
1839 0.644522 
1840 0.644522 
1841 0.629371 
1842 0.629371 
1843 0.609169 
1844 0.609169 
1845 0.599456 
1846 0.599456 
1847 0.582751 
1848 0.582751 
1849 0.559052 
1850 0.559052 
1851 0.541181 
1852 0.541181 
1853 0.528361 
1854 0.528361 
1855 0.536519 
1856 0.536519 
1857 0.556721 
1858 0.556721 
1859 0.576535 
1860 0.576535 
1861 0.587801 
1862 0.587801 
1863 0.608392 
1864 0.608392 
1865 0.591298 
1866 0.591298 
1867 0.613054 
1868 0.613054 
1869 0.644522 
1870 0.644522 
1871 0.651904 
1872 0.651904 
1873 0.669775 
1874 0.669775 
1875 0.712898 
1876 0.712898 
1877 0.723776 
1878 0.723776 
1879 0.729992 
1880 0.729992 
1881 0.752137 
1882 0.752137 
1883 0.675602 
1884 0.675602 
1885 0.615773 
1886 0.615773 
1887 0.613054 
1888 0.613054 
1889 0.613442 
1890 0.613442 
1891 0.619270 
1892 0.619270 
1893 0.639472 
1894 0.639472 
1895 0.652681 
1896 0.652681 
1897 0.634810 
1898 0.634810 
1899 0.646076 
1900 0.646076 
1901 0.676768 
1902 0.676768 
1903 0.692696 
1904 0.692696 
1905 0.740093 
1906 0.740093 
1907 0.761849 
1908 0.761849 
1909 0.781663 
1910 0.781663 
1911 0.826340 
1912 0.826340 
1913 0.838772 
1914 0.838772 
1915 0.854701 
1916 0.854701 
1917 0.869464 
1918 0.869464 
1919 0.876845 
1920 0.876845 
1921 0.877622 
1922 0.877622 
1923 0.876068 
1924 0.876068 
1925 0.735431 
1926 0.735431 
1927 0.667444 
1928 0.667444 
1929 0.601399 
1930 0.601399 
1931 0.569542 
1932 0.569542 
1933 0.465035 
1934 0.465035 
1935 0.423465 
1936 0.423465 
1937 0.411033 
1938 0.411033 
1939 0.383061 
1940 0.383061 
1941 0.356643 
1942 0.356643 
1943 0.352758 
1944 0.352758 
1945 0.341880 
1946 0.341880 
1947 0.326340 
1948 0.326340 
1949 0.310023 
1950 0.310023 
1951 0.286325 
1952 0.286325 
1953 0.263792 
1954 0.263792 
1955 0.236597 
1956 0.236597 
1957 0.206294 
1958 0.206294 
1959 0.186092 
1960 0.186092 
1961 0.116550 
1962 0.116550 
1963 0.111500 
1964 0.111500 
1965 0.100622 
1966 0.100622 
1967 0.093240 
1968 0.093240 
1969 0.081974 
1970 0.081974 
1971 0.065268 
1972 0.065268 
1973 0.057110 
1974 0.057110 
1975 0.057110 
1976 0.057110 
1977 0.054779 
1978 0.054779 
1979 0.050894 
1980 0.050894 
1981 0.048563 
1982 0.048563 
1983 0.037685 
1984 0.037685 
1985 0.030692 
1986 0.030692 
1987 0.029138 
1988 0.029138 
1989 0.027584 
1990 0.027584 
1991 0.028749 
1992 0.028749 
1993 0.027972 
1994 0.027972 
1995 0.027972 
1996 0.027972 
1997 0.029138 
1998 0.029138 
1999 0.031469 
2000 0.031469 
2001 0.055167 
2002 0.055167 
2003 0.087024 
2004 0.087024 
2005 0.120435 
2006 0.120435 
2007 0.179099 
2008 0.179099 
2009 0.233100 
2010 0.233100 
2011 0.342269 
2012 0.342269 
2013 0.377622 
2014 0.377622 
2015 0.477467 
2016 0.477467 
2017 0.541181 
2018 0.541181 
2019 0.670552 
2020 0.670552 
2021 0.732712 
2022 0.732712 
2023 0.811577 
2024 0.811577 
2025 0.851204 
2026 0.851204 
2027 0.870241 
2028 0.870241 
2029 0.884227 
2030 0.884227 
2031 0.903652 
2032 0.903652 
2033 0.915695 
2034 0.915695 
2035 0.966977 
2036 0.966977 
2037 0.966977 
2038 0.966977 
2039 0.947552 
2040 0.947552 
2041 0.838772 
2042 0.838772 
2043 0.626263 
2044 0.626263 
2045 0.547397 
2046 0.547397 
2047 0.498446 
2048 0.498446 
2049 0.449495 
2050 0.449495 
2051 0.414530 
2052 0.414530 
2053 0.376068 
2054 0.376068 
2055 0.331391 
2056 0.331391 
2057 0.307304 
2058 0.307304 
2059 0.275447 
2060 0.275447 
2061 0.220280 
2062 0.220280 
2063 0.198135 
2064 0.198135 
2065 0.180653 
2066 0.180653 
2067 0.153846 
2068 0.153846 
2069 0.133256 
2070 0.133256 
2071 0.102176 
2072 0.102176 
2073 0.077700 
2074 0.077700 
2075 0.061772 
2076 0.061772 
2077 0.047397 
2078 0.047397 
2079 0.042735 
2080 0.042735 
2081 0.036519 
2082 0.036519 
2083 0.034965 
2084 0.034965 
2085 0.033800 
2086 0.033800 
2087 0.036131 
2088 0.036131 
2089 0.036519 
2090 0.036519 
2091 0.035354 
2092 0.035354 
2093 0.035742 
2094 0.035742 
2095 0.036131 
2096 0.036131 
2097 0.036519 
2098 0.036519 
2099 0.036519 
2100 0.036519 
2101 0.040793 
2102 0.040793 
2103 0.053613 
2104 0.053613 
2105 0.065268 
2106 0.065268 
2107 0.079254 
2108 0.079254 
2109 0.112665 
2110 0.112665 
2111 0.149961 
2112 0.149961 
2113 0.172494 
2114 0.172494 
2115 0.296426 
2116 0.296426 
2117 0.642968 
2118 0.642968 
2119 0.848485 
2120 0.848485 
2121 0.908702 
2122 0.908702 
2123 0.958819 
2124 0.958819 
2125 0.970862 
2126 0.970862 
2127 0.986791 
2128 0.986791 
2129 0.993396 
2130 0.993396 
2131 0.993784 
2132 0.993784 
2133 0.994561 
2134 0.994561 
2135 0.994173 
2136 0.994173 
2137 0.994173 
2138 0.994173 
2139 0.994561 
2140 0.994561 
2141 0.995338 
2142 0.995338 
2143 0.992619 
2144 0.992619 
2145 0.994950 
2146 0.994950 
2147 0.996115 
2148 0.996115 
2149 0.995726 
2150 0.995726 
2151 0.997280 
2152 0.997280 
2153 0.995338 
2154 0.995338 
2155 0.994173 
2156 0.994173 
2157 0.992619 
2158 0.992619 
2159 0.992619 
2160 0.992619 
2161 0.979021 
2162 0.979021 
2163 0.975524 
2164 0.975524 
2165 0.971251 
2166 0.971251 
2167 0.976301 
2168 0.976301 
2169 0.979021 
2170 0.979021 
2171 0.983683 
2172 0.983683 
2173 0.984071 
2174 0.984071 
2175 0.940948 
2176 0.940948 
2177 0.826729 
2178 0.826729 
2179 0.550894 
2180 0.550894 
2181 0.308081 
2182 0.308081 
2183 0.254468 
2184 0.254468 
2185 0.111111 
2186 0.111111 
2187 0.098679 
2188 0.098679 
2189 0.089355 
2190 0.089355 
2191 0.076146 
2192 0.076146 
2193 0.064491 
2194 0.064491 
2195 0.055556 
2196 0.055556 
2197 0.046232 
2198 0.046232 
2199 0.039627 
2200 0.039627 
2201 0.031857 
2202 0.031857 
2203 0.027972 
2204 0.027972 
2205 0.029915 
2206 0.029915 
2207 0.030692 
2208 0.030692 
2209 0.029915 
2210 0.029915 
2211 0.061383 
2212 0.061383 
2213 0.058275 
2214 0.058275 
2215 0.057498 
2216 0.057498 
2217 0.055167 
2218 0.055167 
2219 0.055167 
2220 0.055167 
2221 0.053613 
2222 0.053613 
2223 0.052059 
2224 0.052059 
2225 0.052059 
2226 0.052059 
2227 0.052448 
2228 0.052448 
2229 0.052448 
2230 0.052448 
2231 0.051671 
2232 0.051671 
2233 0.052059 
2234 0.052059 
2235 0.044289 
2236 0.044289 
2237 0.044678 
2238 0.044678 
2239 0.043901 
2240 0.043901 
2241 0.043124 
2242 0.043124 
2243 0.045066 
2244 0.045066 
2245 0.045843 
2246 0.045843 
2247 0.046232 
2248 0.046232 
2249 0.045843 
2250 0.045843 
2251 0.047009 
2252 0.047009 
2253 0.047009 
2254 0.047009 
2255 0.046620 
2256 0.046620 
2257 0.048563 
2258 0.048563 
2259 0.050894 
2260 0.050894 
2261 0.052448 
2262 0.052448 
2263 0.051282 
2264 0.051282 
2265 0.054779 
2266 0.054779 
2267 0.065268 
2268 0.065268 
2269 0.080031 
2270 0.080031 
2271 0.108392 
2272 0.108392 
2273 0.129371 
2274 0.129371 
2275 0.154235 
2276 0.154235 
2277 0.184149 
2278 0.184149 
2279 0.199301 
2280 0.199301 
2281 0.201632 
2282 0.201632 
2283 0.210956 
2284 0.210956 
2285 0.266123 
2286 0.266123 
2287 0.265346 
2288 0.265346 
2289 0.271950 
2290 0.271950 
2291 0.274670 
2292 0.274670 
2293 0.269231 
2294 0.269231 
2295 0.258353 
2296 0.258353 
2297 0.260295 
2298 0.260295 
2299 0.266511 
2300 0.266511 
2301 0.257187 
2302 0.257187 
2303 0.241259 
2304 0.241259 
2305 0.229215 
2306 0.229215 
2307 0.212898 
2308 0.212898 
2309 0.205905 
2310 0.205905 
2311 0.207071 
2312 0.207071 
2313 0.200078 
2314 0.200078 
2315 0.200078 
2316 0.200078 
2317 0.179876 
2318 0.179876 
2319 0.168221 
2320 0.168221 
2321 0.145299 
2322 0.145299 
2323 0.134810 
2324 0.134810 
2325 0.116162 
2326 0.116162 
2327 0.112665 
2328 0.112665 
2329 0.102564 
2330 0.102564 
2331 0.091686 
2332 0.091686 
2333 0.087801 
2334 0.087801 
2335 0.118881 
2336 0.118881 
2337 0.106449 
2338 0.106449 
2339 0.097902 
2340 0.097902 
2341 0.085859 
2342 0.085859 
2343 0.076923 
2344 0.076923 
2345 0.075758 
2346 0.075758 
2347 0.071096 
2348 0.071096 
2349 0.083916 
2350 0.083916 
2351 0.093629 
2352 0.093629 
2353 0.097125 
2354 0.097125 
2355 0.099845 
2356 0.099845 
2357 0.097514 
2358 0.097514 
2359 0.095183 
2360 0.095183 
2361 0.097902 
2362 0.097902 
2363 0.095960 
2364 0.095960 
2365 0.097125 
2366 0.097125 
2367 0.087801 
2368 0.087801 
2369 0.085082 
2370 0.085082 
2371 0.088190 
2372 0.088190 
2373 0.076923 
2374 0.076923 
2375 0.069153 
2376 0.069153 
2377 0.060995 
2378 0.060995 
2379 0.052448 
2380 0.052448 
2381 0.045066 
2382 0.045066 
2383 0.069930 
2384 0.069930 
2385 0.168998 
2386 0.168998 
2387 0.196193 
2388 0.196193 
2389 0.239316 
2390 0.239316 
2391 0.261461 
2392 0.261461 
2393 0.285548 
2394 0.285548 
2395 0.364802 
2396 0.364802 
2397 0.456876 
2398 0.456876 
2399 0.514374 
2400 0.514374 
2401 0.574204 
2402 0.574204 
2403 0.646465 
2404 0.646465 
2405 0.676768 
2406 0.676768 
2407 0.683372 
2408 0.683372 
2409 0.602564 
2410 0.602564 
2411 0.428516 
2412 0.428516 
2413 0.258741 
2414 0.258741 
2415 0.133644 
2416 0.133644 
2417 0.086636 
2418 0.086636 
2419 0.041958 
2420 0.041958 
2421 0.019037 
2422 0.019037 
2423 0.016706 
2424 0.016706 
2425 0.017871 
2426 0.017871 
2427 0.017871 
2428 0.017871 
2429 0.017871 
2430 0.017871 
2431 0.021368 
2432 0.021368 
2433 0.060606 
2434 0.060606 
2435 0.170940 
2436 0.170940 
2437 0.187257 
2438 0.187257 
2439 0.194639 
2440 0.194639 
2441 0.200078 
2442 0.200078 
2443 0.198524 
2444 0.198524 
2445 0.196970 
2446 0.196970 
2447 0.196193 
2448 0.196193 
2449 0.189977 
2450 0.189977 
2451 0.179876 
2452 0.179876 
2453 0.168998 
2454 0.168998 
2455 0.158508 
2456 0.158508 
2457 0.131313 
2458 0.131313 
2459 0.114608 
2460 0.114608 
2461 0.090521 
2462 0.090521 
2463 0.074204 
2464 0.074204 
2465 0.067599 
2466 0.067599 
2467 0.060218 
2468 0.060218 
2469 0.050894 
2470 0.050894 
2471 0.047009 
2472 0.047009 
2473 0.048174 
2474 0.048174 
2475 0.059052 
2476 0.059052 
2477 0.079254 
2478 0.079254 
2479 0.093240 
2480 0.093240 
2481 0.097514 
2482 0.097514 
2483 0.102564 
2484 0.102564 
2485 0.111111 
2486 0.111111 
2487 0.110723 
2488 0.110723 
2489 0.102953 
2490 0.102953 
2491 0.104118 
2492 0.104118 
2493 0.098291 
2494 0.098291 
2495 0.097902 
2496 0.097902 
2497 0.097514 
2498 0.097514 
2499 0.092852 
2500 0.092852 
2501 0.082362 
2502 0.082362 
2503 0.080808 
2504 0.080808 
2505 0.075758 
2506 0.075758 
2507 0.090909 
2508 0.090909 
2509 0.113054 
2510 0.113054 
2511 0.153846 
2512 0.153846 
2513 0.178710 
2514 0.178710 
2515 0.193862 
2516 0.193862 
2517 0.205128 
2518 0.205128 
2519 0.222611 
2520 0.222611 
2521 0.229992 
2522 0.229992 
2523 0.249806 
2524 0.249806 
2525 0.265346 
2526 0.265346 
2527 0.265346 
2528 0.265346 
2529 0.265346 
2530 0.265346 
2531 0.267288 
2532 0.267288 
2533 0.264569 
2534 0.264569 
2535 0.243201 
2536 0.243201 
2537 0.245144 
2538 0.245144 
2539 0.246698 
2540 0.246698 
2541 0.180653 
2542 0.180653 
2543 0.158120 
2544 0.158120 
2545 0.134033 
2546 0.134033 
2547 0.113442 
2548 0.113442 
2549 0.097902 
2550 0.097902 
2551 0.085470 
2552 0.085470 
2553 0.072261 
2554 0.072261 
2555 0.066434 
2556 0.066434 
2557 0.057498 
2558 0.057498 
2559 0.058275 
2560 0.058275 
2561 0.094406 
2562 0.094406 
2563 0.091298 
2564 0.091298 
2565 0.088967 
2566 0.088967 
2567 0.084693 
2568 0.084693 
2569 0.087801 
2570 0.087801 
2571 0.090909 
2572 0.090909 
2573 0.092852 
2574 0.092852 
2575 0.093240 
2576 0.093240 
2577 0.093629 
2578 0.093629 
2579 0.095183 
2580 0.095183 
2581 0.095960 
2582 0.095960 
2583 0.096737 
2584 0.096737 
2585 0.104895 
2586 0.104895 
2587 0.101010 
2588 0.101010 
2589 0.102564 
2590 0.102564 
2591 0.104507 
2592 0.104507 
2593 0.104895 
2594 0.104895 
2595 0.106838 
2596 0.106838 
2597 0.106061 
2598 0.106061 
2599 0.107226 
2600 0.107226 
2601 0.108392 
2602 0.108392 
2603 0.109169 
2604 0.109169 
2605 0.107226 
2606 0.107226 
2607 0.109169 
2608 0.109169 
2609 0.110723 
2610 0.110723 
2611 0.140249 
2612 0.140249 
2613 0.139083 
2614 0.139083 
2615 0.139472 
2616 0.139472 
2617 0.143745 
2618 0.143745 
2619 0.144134 
2620 0.144134 
2621 0.147242 
2622 0.147242 
2623 0.150738 
2624 0.150738 
2625 0.171717 
2626 0.171717 
2627 0.196193 
2628 0.196193 
2629 0.224942 
2630 0.224942 
2631 0.244367 
2632 0.244367 
2633 0.253302 
2634 0.253302 
2635 0.242424 
2636 0.242424 
2637 0.270008 
2638 0.270008 
2639 0.296426 
2640 0.296426 
2641 0.324398 
2642 0.324398 
2643 0.386169 
2644 0.386169 
2645 0.421523 
2646 0.421523 
2647 0.439782 
2648 0.439782 
2649 0.493396 
2650 0.493396 
2651 0.565657 
2652 0.565657 
2653 0.619658 
2654 0.619658 
2655 0.678710 
2656 0.678710 
2657 0.703574 
2658 0.703574 
2659 0.724553 
2660 0.724553 
2661 0.752914 
2662 0.752914 
2663 0.766123 
2664 0.766123 
2665 0.753302 
2666 0.753302 
2667 0.747475 
2668 0.747475 
2669 0.733100 
2670 0.733100 
2671 0.722611 
2672 0.722611 
2673 0.690365 
2674 0.690365 
2675 0.676379 
2676 0.676379 
2677 0.643745 
2678 0.643745 
2679 0.605284 
2680 0.605284 
2681 0.433178 
2682 0.433178 
2683 0.393162 
2684 0.393162 
2685 0.245144 
2686 0.245144 
2687 0.237374 
2688 0.237374 
2689 0.240093 
2690 0.240093 
2691 0.239705 
2692 0.239705 
2693 0.235431 
2694 0.235431 
2695 0.230381 
2696 0.230381 
2697 0.210567 
2698 0.210567 
2699 0.203186 
2700 0.203186 
2701 0.195804 
2702 0.195804 
2703 0.193085 
2704 0.193085 
2705 0.184926 
2706 0.184926 
2707 0.185315 
2708 0.185315 
2709 0.186480 
2710 0.186480 
2711 0.183372 
2712 0.183372 
2713 0.182984 
2714 0.182984 
2715 0.179487 
2716 0.179487 
2717 0.176768 
2718 0.176768 
2719 0.154623 
2720 0.154623 
2721 0.144134 
2722 0.144134 
2723 0.141414 
2724 0.141414 
2725 0.137141 
2726 0.137141 
2727 0.153458 
2728 0.153458 
2729 0.165501 
2730 0.165501 
2731 0.183761 
2732 0.183761 
2733 0.206682 
2734 0.206682 
2735 0.220280 
2736 0.220280 
2737 0.232712 
2738 0.232712 
2739 0.230381 
2740 0.230381 
2741 0.232323 
2742 0.232323 
2743 0.234266 
2744 0.234266 
2745 0.237762 
2746 0.237762 
2747 0.242424 
2748 0.242424 
2749 0.247475 
2750 0.247475 
2751 0.250583 
2752 0.250583 
2753 0.253302 
2754 0.253302 
2755 0.258353 
2756 0.258353 
2757 0.264957 
2758 0.264957 
2759 0.261461 
2760 0.261461 
2761 0.308081 
2762 0.308081 
2763 0.308858 
2764 0.308858 
2765 0.312743 
2766 0.312743 
2767 0.311577 
2768 0.311577 
2769 0.308081 
2770 0.308081 
2771 0.310412 
2772 0.310412 
2773 0.306527 
2774 0.306527 
2775 0.304196 
2776 0.304196 
2777 0.301865 
2778 0.301865 
2779 0.308469 
2780 0.308469 
2781 0.311966 
2782 0.311966 
2783 0.314685 
2784 0.314685 
2785 0.355089 
2786 0.355089 
2787 0.356643 
2788 0.356643 
2789 0.356643 
2790 0.356643 
2791 0.358586 
2792 0.358586 
2793 0.357032 
2794 0.357032 
2795 0.355866 
2796 0.355866 
2797 0.359751 
2798 0.359751 
2799 0.356643 
2800 0.356643 
2801 0.362471 
2802 0.362471 
2803 0.363636 
2804 0.363636 
2805 0.366356 
2806 0.366356 
2807 0.368687 
2808 0.368687 
2809 0.371018 
2810 0.371018 
2811 0.397436 
2812 0.397436 
2813 0.400155 
2814 0.400155 
2815 0.399378 
2816 0.399378 
2817 0.399767 
2818 0.399767 
2819 0.402098 
2820 0.402098 
2821 0.401709 
2822 0.401709 
2823 0.404040 
2824 0.404040 
2825 0.405206 
2826 0.405206 
2827 0.407925 
2828 0.407925 
2829 0.411810 
2830 0.411810 
2831 0.414530 
2832 0.414530 
2833 0.415695 
2834 0.415695 
2835 0.397436 
2836 0.397436 
2837 0.398601 
2838 0.398601 
2839 0.395105 
2840 0.395105 
2841 0.394716 
2842 0.394716 
2843 0.398990 
2844 0.398990 
2845 0.400544 
2846 0.400544 
2847 0.401709 
2848 0.401709 
2849 0.399767 
2850 0.399767 
2851 0.402875 
2852 0.402875 
2853 0.411033 
2854 0.411033 
2855 0.421523 
2856 0.421523 
2857 0.425408 
2858 0.425408 
2859 0.427350 
2860 0.427350 
2861 0.458042 
2862 0.458042 
2863 0.456488 
2864 0.456488 
2865 0.457653 
2866 0.457653 
2867 0.457653 
2868 0.457653 
2869 0.461538 
2870 0.461538 
2871 0.458819 
2872 0.458819 
2873 0.453380 
2874 0.453380 
2875 0.451826 
2876 0.451826 
2877 0.449495 
2878 0.449495 
2879 0.454934 
2880 0.454934 
2881 0.459596 
2882 0.459596 
2883 0.462704 
2884 0.462704 
2885 0.456876 
2886 0.456876 
2887 0.456488 
2888 0.456488 
2889 0.449106 
2890 0.449106 
2891 0.447941 
2892 0.447941 
2893 0.446775 
2894 0.446775 
2895 0.444833 
2896 0.444833 
2897 0.439394 
2898 0.439394 
2899 0.440559 
2900 0.440559 
2901 0.434343 
2902 0.434343 
2903 0.434343 
2904 0.434343 
2905 0.437451 
2906 0.437451 
2907 0.434343 
2908 0.434343 
2909 0.433566 
2910 0.433566 
2911 0.435509 
2912 0.435509 
2913 0.437451 
2914 0.437451 
2915 0.437840 
2916 0.437840 
2917 0.440171 
2918 0.440171 
2919 0.440171 
2920 0.440171 
2921 0.444056 
2922 0.444056 
2923 0.445221 
2924 0.445221 
2925 0.445998 
2926 0.445998 
2927 0.449883 
2928 0.449883 
2929 0.452214 
2930 0.452214 
2931 0.458430 
2932 0.458430 
2933 0.464258 
2934 0.464258 
2935 0.494172 
2936 0.494172 
2937 0.494561 
2938 0.494561 
2939 0.499611 
2940 0.499611 
2941 0.502331 
2942 0.502331 
2943 0.499223 
2944 0.499223 
2945 0.498834 
2946 0.498834 
2947 0.505439 
2948 0.505439 
2949 0.506604 
2950 0.506604 
2951 0.513209 
2952 0.513209 
2953 0.518260 
2954 0.518260 
2955 0.506993 
2956 0.506993 
2957 0.404429 
2958 0.404429 
2959 0.381896 
2960 0.381896 
2961 0.426185 
2962 0.426185 
2963 0.501166 
2964 0.501166 
2965 0.567988 
2966 0.567988 
2967 0.783994 
2968 0.783994 
2969 0.863636 
2970 0.863636 
2971 0.909868 
2972 0.909868 
2973 0.948329 
2974 0.948329 
2975 0.963481 
2976 0.963481 
2977 0.968531 
2978 0.968531 
2979 0.971639 
2980 0.971639 
2981 0.973193 
2982 0.973193 
2983 0.979409 
2984 0.979409 
2985 0.984460 
2986 0.984460 
2987 0.986014 
2988 0.986014 
2989 0.983294 
2990 0.983294 
2991 0.981352 
2992 0.981352 
2993 0.984460 
2994 0.984460 
2995 0.987179 
2996 0.987179 
2997 0.982129 
2998 0.982129 
2999 0.982129 
3000 0.982129 
3001 0.980963 
3002 0.980963 
3003 0.982517 
3004 0.982517 
3005 0.984848 
3006 0.984848 
3007 0.977078 
3008 0.977078 
3009 0.979021 
3010 0.979021 
3011 0.981740 
3012 0.981740 
3013 0.983294 
3014 0.983294 
3015 0.981352 
3016 0.981352 
3017 0.985237 
3018 0.985237 
3019 0.986014 
3020 0.986014 
3021 0.982517 
3022 0.982517 
3023 0.978632 
3024 0.978632 
3025 0.977467 
3026 0.977467 
3027 0.983683 
3028 0.983683 
3029 0.980186 
3030 0.980186 
3031 0.975524 
3032 0.975524 
3033 0.976301 
3034 0.976301 
3035 0.986014 
3036 0.986014 
3037 0.980575 
3038 0.980575 
3039 0.979409 
3040 0.979409 
3041 0.982906 
3042 0.982906 
3043 0.980575 
3044 0.980575 
3045 0.981352 
3046 0.981352 
3047 0.979021 
3048 0.979021 
3049 0.981740 
3050 0.981740 
3051 0.979798 
3052 0.979798 
3053 0.982129 
3054 0.982129 
3055 0.977078 
3056 0.977078 
3057 0.981740 
3058 0.981740 
3059 0.976690 
3060 0.976690 
3061 0.982129 
3062 0.982129 
3063 0.979021 
3064 0.979021 
3065 0.976690 
3066 0.976690 
3067 0.981740 
3068 0.981740 
3069 0.980186 
3070 0.980186 
3071 0.980575 
3072 0.980575 
3073 0.981740 
3074 0.981740 
3075 0.977856 
3076 0.977856 
3077 0.977856 
3078 0.977856 
3079 0.977856 
3080 0.977856 
3081 0.974747 
3082 0.974747 
3083 0.974747 
3084 0.974747 
3085 0.973582 
3086 0.973582 
3087 0.977078 
3088 0.977078 
3089 0.972416 
3090 0.972416 
3091 0.971251 
3092 0.971251 
3093 0.972028 
3094 0.972028 
3095 0.970862 
3096 0.970862 
3097 0.973582 
3098 0.973582 
3099 0.974359 
3100 0.974359 
3101 0.974747 
3102 0.974747 
3103 0.975136 
3104 0.975136 
3105 0.977078 
3106 0.977078 
3107 0.975524 
3108 0.975524 
3109 0.974747 
3110 0.974747 
3111 0.971251 
3112 0.971251 
3113 0.970474 
3114 0.970474 
3115 0.971639 
3116 0.971639 
3117 0.972805 
3118 0.972805 
3119 0.970862 
3120 0.970862 
3121 0.971251 
3122 0.971251 
3123 0.969308 
3124 0.969308 
3125 0.973970 
3126 0.973970 
3127 0.971251 
3128 0.971251 
3129 0.967366 
3130 0.967366 
3131 0.967366 
3132 0.967366 
3133 0.966589 
3134 0.966589 
3135 0.968531 
3136 0.968531 
3137 0.972028 
3138 0.972028 
3139 0.971639 
3140 0.971639 
3141 0.968920 
3142 0.968920 
3143 0.966589 
3144 0.966589 
3145 0.967366 
3146 0.967366 
3147 0.966200 
3148 0.966200 
3149 0.967366 
3150 0.967366 
3151 0.965812 
3152 0.965812 
3153 0.961538 
3154 0.961538 
3155 0.964646 
3156 0.964646 
3157 0.966200 
3158 0.966200 
3159 0.961538 
3160 0.961538 
3161 0.958430 
3162 0.958430 
3163 0.956876 
3164 0.956876 
3165 0.958819 
3166 0.958819 
3167 0.957265 
3168 0.957265 
3169 0.959596 
3170 0.959596 
3171 0.959984 
3172 0.959984 
3173 0.959984 
3174 0.959984 
3175 0.960373 
3176 0.960373 
3177 0.959984 
3178 0.959984 
3179 0.959984 
3180 0.959984 
3181 0.958042 
3182 0.958042 
3183 0.958819 
3184 0.958819 
3185 0.958430 
3186 0.958430 
3187 0.958430 
3188 0.958430 
3189 0.959207 
3190 0.959207 
3191 0.959596 
3192 0.959596 
3193 0.956488 
3194 0.956488 
3195 0.955711 
3196 0.955711 
3197 0.956099 
3198 0.956099 
3199 0.957265 
3200 0.957265 
3201 0.959984 
3202 0.959984 
3203 0.958819 
3204 0.958819 
3205 0.958819 
3206 0.958819 
3207 0.959207 
3208 0.959207 
3209 0.958819 
3210 0.958819 
3211 0.959207 
3212 0.959207 
3213 0.961150 
3214 0.961150 
3215 0.960761 
3216 0.960761 
3217 0.959984 
3218 0.959984 
3219 0.959207 
3220 0.959207 
3221 0.958819 
3222 0.958819 
3223 0.959207 
3224 0.959207 
3225 0.959984 
3226 0.959984 
3227 0.958819 
3228 0.958819 
3229 0.958819 
3230 0.958819 
3231 0.958042 
3232 0.958042 
3233 0.959984 
3234 0.959984 
3235 0.959207 
3236 0.959207 
3237 0.959207 
3238 0.959207 
3239 0.959596 
3240 0.959596 
3241 0.959207 
3242 0.959207 
3243 0.960373 
3244 0.960373 
3245 0.958819 
3246 0.958819 
3247 0.959207 
3248 0.959207 
3249 0.959207 
3250 0.959207 
3251 0.961538 
3252 0.961538 
3253 0.961538 
3254 0.961538 
3255 0.961150 
3256 0.961150 
3257 0.961150 
3258 0.961150 
3259 0.960761 
3260 0.960761 
3261 0.959207 
3262 0.959207 
3263 0.960373 
3264 0.960373 
3265 0.961150 
3266 0.961150 
3267 0.961150 
3268 0.961150 
3269 0.960373 
3270 0.960373 
3271 0.961538 
3272 0.961538 
3273 0.961927 
3274 0.961927 
3275 0.961538 
3276 0.961538 
3277 0.960373 
3278 0.960373 
3279 0.959984 
3280 0.959984 
3281 0.959596 
3282 0.959596 
3283 0.959596 
3284 0.959596 
3285 0.962315 
3286 0.962315 
3287 0.961927 
3288 0.961927 
3289 0.961927 
3290 0.961927 
3291 0.962315 
3292 0.962315 
3293 0.961927 
3294 0.961927 
3295 0.961538 
3296 0.961538 
3297 0.961538 
3298 0.961538 
3299 0.961538 
3300 0.961538 
3301 0.961927 
3302 0.961927 
3303 0.961150 
3304 0.961150 
3305 0.961150 
3306 0.961150 
3307 0.960761 
3308 0.960761 
3309 0.960373 
3310 0.960373 
3311 0.957653 
3312 0.957653 
3313 0.958042 
3314 0.958042 
3315 0.958042 
3316 0.958042 
3317 0.958042 
3318 0.958042 
3319 0.957653 
3320 0.957653 
3321 0.958430 
3322 0.958430 
3323 0.958430 
3324 0.958430 
3325 0.957265 
3326 0.957265 
3327 0.957265 
3328 0.957265 
3329 0.957653 
3330 0.957653 
3331 0.957265 
3332 0.957265 
3333 0.956488 
3334 0.956488 
3335 0.958430 
3336 0.958430 
3337 0.957653 
3338 0.957653 
3339 0.959207 
3340 0.959207 
3341 0.958430 
3342 0.958430 
3343 0.958430 
3344 0.958430 
3345 0.958430 
3346 0.958430 
3347 0.958042 
3348 0.958042 
3349 0.957653 
3350 0.957653 
3351 0.958819 
3352 0.958819 
3353 0.958819 
3354 0.958819 
3355 0.959207 
3356 0.959207 
3357 0.959207 
3358 0.959207 
3359 0.958819 
3360 0.958819 
3361 0.959596 
3362 0.959596 
3363 0.959596 
3364 0.959596 
3365 0.959596 
3366 0.959596 
3367 0.957653 
3368 0.957653 
3369 0.958042 
3370 0.958042 
3371 0.959207 
3372 0.959207 
3373 0.959984 
3374 0.959984 
3375 0.960373 
3376 0.960373 
3377 0.960373 
3378 0.960373 
3379 0.959984 
3380 0.959984 
3381 0.959596 
3382 0.959596 
3383 0.959596 
3384 0.959596 
3385 0.959596 
3386 0.959596 
3387 0.961150 
3388 0.961150 
3389 0.961150 
3390 0.961150 
3391 0.960761 
3392 0.960761 
3393 0.960373 
3394 0.960373 
3395 0.959984 
3396 0.959984 
3397 0.958819 
3398 0.958819 
3399 0.958430 
3400 0.958430 
3401 0.958430 
3402 0.958430 
3403 0.957653 
3404 0.957653 
3405 0.958819 
3406 0.958819 
3407 0.959207 
3408 0.959207 
3409 0.958819 
3410 0.958819 
3411 0.959207 
3412 0.959207 
3413 0.959596 
3414 0.959596 
3415 0.959207 
3416 0.959207 
3417 0.959207 
3418 0.959207 
3419 0.958819 
3420 0.958819 
3421 0.958819 
3422 0.958819 
3423 0.959207 
3424 0.959207 
3425 0.958819 
3426 0.958819 
3427 0.959207 
3428 0.959207 
3429 0.959207 
3430 0.959207 
3431 0.958430 
3432 0.958430 
3433 0.959207 
3434 0.959207 
3435 0.955322 
3436 0.955322 
3437 0.956099 
3438 0.956099 
3439 0.956488 
3440 0.956488 
3441 0.957265 
3442 0.957265 
3443 0.956488 
3444 0.956488 
3445 0.956876 
3446 0.956876 
3447 0.956099 
3448 0.956099 
3449 0.956488 
3450 0.956488 
3451 0.956488 
3452 0.956488 
3453 0.956876 
3454 0.956876 
3455 0.956488 
3456 0.956488 
3457 0.955711 
3458 0.955711 
3459 0.955711 
3460 0.955711 
3461 0.958042 
3462 0.958042 
3463 0.959207 
3464 0.959207 
3465 0.958430 
3466 0.958430 
3467 0.958430 
3468 0.958430 
3469 0.958819 
3470 0.958819 
3471 0.959207 
3472 0.959207 
3473 0.959207 
3474 0.959207 
3475 0.959207 
3476 0.959207 
3477 0.958819 
3478 0.958819 
3479 0.956099 
3480 0.956099 
3481 0.957653 
3482 0.957653 
3483 0.955711 
3484 0.955711 
3485 0.955322 
3486 0.955322 
3487 0.955322 
3488 0.955322 
3489 0.954157 
3490 0.954157 
3491 0.956099 
3492 0.956099 
3493 0.956488 
3494 0.956488 
3495 0.955322 
3496 0.955322 
3497 0.956099 
3498 0.956099 
3499 0.956099 
3500 0.956099 
3501 0.956099 
3502 0.956099 
3503 0.956876 
3504 0.956876 
3505 0.955711 
3506 0.955711 
3507 0.955711 
3508 0.955711 
3509 0.956876 
3510 0.956876 
3511 0.956876 
3512 0.956876 
3513 0.955711 
3514 0.955711 
3515 0.955322 
3516 0.955322 
3517 0.954934 
3518 0.954934 
3519 0.956099 
3520 0.956099 
3521 0.956099 
3522 0.956099 
3523 0.956488 
3524 0.956488 
3525 0.956099 
3526 0.956099 
3527 0.955322 
3528 0.955322 
3529 0.955322 
3530 0.955322 
3531 0.956488 
3532 0.956488 
3533 0.956876 
3534 0.956876 
3535 0.958430 
3536 0.958430 
3537 0.957653 
3538 0.957653 
3539 0.958042 
3540 0.958042 
3541 0.956488 
3542 0.956488 
3543 0.956876 
3544 0.956876 
3545 0.956099 
3546 0.956099 
3547 0.956488 
3548 0.956488 
3549 0.956876 
3550 0.956876 
3551 0.956488 
3552 0.956488 
3553 0.956488 
3554 0.956488 
3555 0.955711 
3556 0.955711 
3557 0.954934 
3558 0.954934 
3559 0.955711 
3560 0.955711 
3561 0.958042 
3562 0.958042 
3563 0.958042 
3564 0.958042 
3565 0.956099 
3566 0.956099 
3567 0.957265 
3568 0.957265 
3569 0.958819 
3570 0.958819 
3571 0.960373 
3572 0.960373 
3573 0.959984 
3574 0.959984 
3575 0.959984 
3576 0.959984 
3577 0.959207 
3578 0.959207 
3579 0.959596 
3580 0.959596 
3581 0.959207 
3582 0.959207 
3583 0.958042 
3584 0.958042 
3585 0.958042 
3586 0.958042 
3587 0.958042 
3588 0.958042 
3589 0.956488 
3590 0.956488 
3591 0.956876 
3592 0.956876 
3593 0.957653 
3594 0.957653 
3595 0.956876 
3596 0.956876 
3597 0.957265 
3598 0.957265 
3599 0.956488 
3600 0.956488 
3601 0.957265 
3602 0.957265 
3603 0.956099 
3604 0.956099 
3605 0.956876 
3606 0.956876 
3607 0.957653 
3608 0.957653 
3609 0.958042 
3610 0.958042 
3611 0.958042 
3612 0.958042 
3613 0.958042 
3614 0.958042 
3615 0.958042 
3616 0.958042 
3617 0.956488 
3618 0.956488 
3619 0.957265 
3620 0.957265 
3621 0.957653 
3622 0.957653 
3623 0.957265 
3624 0.957265 
3625 0.957653 
3626 0.957653 
3627 0.958042 
3628 0.958042 
3629 0.956099 
3630 0.956099 
3631 0.955711 
3632 0.955711 
3633 0.956099 
3634 0.956099 
3635 0.956099 
3636 0.956099 
3637 0.956099 
3638 0.956099 
3639 0.955711 
3640 0.955711 
3641 0.955711 
3642 0.955711 
3643 0.956099 
3644 0.956099 
3645 0.962315 
3646 0.962315 
3647 0.961538 
3648 0.961538 
3649 0.960373 
3650 0.960373 
3651 0.959596 
3652 0.959596 
3653 0.961150 
3654 0.961150 
3655 0.961927 
3656 0.961927 
3657 0.960373 
3658 0.960373 
3659 0.959207 
3660 0.959207 
3661 0.959596 
3662 0.959596 
3663 0.959984 
3664 0.959984 
3665 0.958819 
3666 0.958819 
3667 0.958042 
3668 0.958042 
3669 0.959207 
3670 0.959207 
3671 0.960761 
3672 0.960761 
3673 0.960761 
3674 0.960761 
3675 0.960761 
3676 0.960761 
3677 0.958430 
3678 0.958430 
3679 0.957653 
3680 0.957653 
3681 0.956876 
3682 0.956876 
3683 0.956876 
3684 0.956876 
3685 0.958819 
3686 0.958819 
3687 0.958042 
3688 0.958042 
3689 0.958042 
3690 0.958042 
3691 0.957653 
3692 0.957653 
3693 0.957265 
3694 0.957265 
3695 0.958430 
3696 0.958430 
3697 0.959984 
3698 0.959984 
3699 0.957265 
3700 0.957265 
3701 0.959984 
3702 0.959984 
3703 0.959596 
3704 0.959596 
3705 0.959207 
3706 0.959207 
3707 0.958430 
3708 0.958430 
3709 0.958430 
3710 0.958430 
3711 0.960761 
3712 0.960761 
3713 0.958042 
3714 0.958042 
3715 0.960373 
3716 0.960373 
3717 0.956488 
3718 0.956488 
3719 0.959596 
3720 0.959596 
3721 0.958430 
3722 0.958430 
3723 0.956488 
3724 0.956488 
3725 0.955322 
3726 0.955322 
3727 0.954545 
3728 0.954545 
3729 0.957265 
3730 0.957265 
3731 0.955711 
3732 0.955711 
3733 0.959984 
3734 0.959984 
3735 0.959207 
3736 0.959207 
3737 0.958430 
3738 0.958430 
3739 0.957265 
3740 0.957265 
3741 0.956488 
3742 0.956488 
3743 0.960373 
3744 0.960373 
3745 0.955711 
3746 0.955711 
3747 0.954545 
3748 0.954545 
3749 0.955711 
3750 0.955711 
3751 0.956876 
3752 0.956876 
3753 0.958430 
3754 0.958430 
3755 0.955711 
3756 0.955711 
3757 0.955711 
3758 0.955711 
3759 0.956488 
3760 0.956488 
3761 0.956099 
3762 0.956099 
3763 0.956876 
3764 0.956876 
3765 0.957653 
3766 0.957653 
3767 0.957653 
3768 0.957653 
3769 0.957265 
3770 0.957265 
3771 0.956488 
3772 0.956488 
3773 0.954545 
3774 0.954545 
3775 0.955711 
3776 0.955711 
3777 0.956488 
3778 0.956488 
3779 0.956099 
3780 0.956099 
3781 0.958430 
3782 0.958430 
3783 0.956876 
3784 0.956876 
3785 0.955711 
3786 0.955711 
3787 0.954157 
3788 0.954157 
3789 0.953768 
3790 0.953768 
3791 0.955322 
3792 0.955322 
3793 0.957265 
3794 0.957265 
3795 0.960761 
3796 0.960761 
3797 0.959984 
3798 0.959984 
3799 0.959207 
3800 0.959207 
3801 0.957653 
3802 0.957653 
3803 0.956099 
3804 0.956099 
3805 0.956099 
3806 0.956099 
3807 0.954934 
3808 0.954934 
3809 0.956488 
3810 0.956488 
3811 0.955322 
3812 0.955322 
3813 0.954157 
3814 0.954157 
3815 0.956488 
3816 0.956488 
3817 0.955711 
3818 0.955711 
3819 0.954157 
3820 0.954157 
3821 0.955322 
3822 0.955322 
3823 0.955711 
3824 0.955711 
3825 0.954934 
3826 0.954934 
3827 0.955322 
3828 0.955322 
3829 0.954545 
3830 0.954545 
3831 0.955322 
3832 0.955322 
3833 0.956876 
3834 0.956876 
3835 0.956488 
3836 0.956488 
3837 0.955322 
3838 0.955322 
3839 0.956099 
3840 0.956099 
3841 0.955322 
3842 0.955322 
3843 0.955322 
3844 0.955322 
3845 0.956099 
3846 0.956099 
3847 0.954545 
3848 0.954545 
3849 0.954157 
3850 0.954157 
3851 0.956099 
3852 0.956099 
3853 0.954545 
3854 0.954545 
3855 0.953380 
3856 0.953380 
3857 0.954934 
3858 0.954934 
3859 0.953768 
3860 0.953768 
3861 0.955322 
3862 0.955322 
3863 0.954934 
3864 0.954934 
3865 0.954545 
3866 0.954545 
3867 0.954934 
3868 0.954934 
3869 0.954545 
3870 0.954545 
3871 0.955711 
3872 0.955711 
3873 0.956488 
3874 0.956488 
3875 0.954545 
3876 0.954545 
3877 0.953768 
3878 0.953768 
3879 0.956099 
3880 0.956099 
3881 0.956488 
3882 0.956488 
3883 0.955711 
3884 0.955711 
3885 0.955711 
3886 0.955711 
3887 0.957653 
3888 0.957653 
3889 0.955322 
3890 0.955322 
3891 0.957653 
3892 0.957653 
3893 0.956099 
3894 0.956099 
3895 0.954157 
3896 0.954157 
3897 0.954157 
3898 0.954157 
3899 0.954545 
3900 0.954545 
3901 0.954157 
3902 0.954157 
3903 0.954545 
3904 0.954545 
3905 0.954157 
3906 0.954157 
3907 0.954157 
3908 0.954157 
3909 0.954934 
3910 0.954934 
3911 0.954157 
3912 0.954157 
3913 0.954545 
3914 0.954545 
3915 0.955322 
3916 0.955322 
3917 0.954157 
3918 0.954157 
3919 0.956099 
3920 0.956099 
3921 0.955322 
3922 0.955322 
3923 0.956488 
3924 0.956488 
3925 0.955322 
3926 0.955322 
3927 0.954545 
3928 0.954545 
3929 0.956099 
3930 0.956099 
3931 0.956876 
3932 0.956876 
3933 0.955711 
3934 0.955711 
3935 0.955711 
3936 0.955711 
3937 0.954934 
3938 0.954934 
3939 0.955711 
3940 0.955711 
3941 0.957265 
3942 0.957265 
3943 0.957653 
3944 0.957653 
3945 0.956488 
3946 0.956488 
3947 0.955711 
3948 0.955711 
3949 0.956488 
3950 0.956488 
3951 0.956099 
3952 0.956099 
3953 0.955711 
3954 0.955711 
3955 0.956876 
3956 0.956876 
3957 0.956488 
3958 0.956488 
3959 0.958430 
3960 0.958430 
3961 0.958042 
3962 0.958042 
3963 0.956099 
3964 0.956099 
3965 0.955322 
3966 0.955322 
3967 0.955711 
3968 0.955711 
3969 0.959207 
3970 0.959207 
3971 0.958430 
3972 0.958430 
3973 0.958042 
3974 0.958042 
3975 0.955322 
3976 0.955322 
3977 0.955711 
3978 0.955711 
3979 0.954934 
3980 0.954934 
3981 0.958042 
3982 0.958042 
3983 0.957265 
3984 0.957265 
3985 0.956488 
3986 0.956488 
3987 0.956488 
3988 0.956488 
3989 0.957265 
3990 0.957265 
3991 0.957265 
3992 0.957265 
3993 0.956876 
3994 0.956876 
3995 0.954545 
3996 0.954545 
3997 0.955711 
3998 0.955711 
3999 0.956099 
4000 0.956099 
4001 0.957265 
4002 0.957265 
4003 0.956488 
4004 0.956488 
4005 0.955711 
4006 0.955711 
4007 0.955711 
4008 0.955711 
4009 0.957265 
4010 0.957265 
4011 0.956488 
4012 0.956488 
4013 0.955322 
4014 0.955322 
4015 0.955711 
4016 0.955711 
4017 0.955322 
4018 0.955322 
4019 0.956488 
4020 0.956488 
4021 0.956876 
4022 0.956876 
4023 0.956488 
4024 0.956488 
4025 0.956876 
4026 0.956876 
4027 0.957653 
4028 0.957653 
4029 0.957265 
4030 0.957265 
4031 0.957653 
4032 0.957653 
4033 0.957653 
4034 0.957653 
4035 0.956488 
4036 0.956488 
4037 0.956488 
4038 0.956488 
4039 0.957653 
4040 0.957653 
4041 0.957653 
4042 0.957653 
4043 0.956876 
4044 0.956876 
4045 0.955711 
4046 0.955711 
4047 0.956876 
4048 0.956876 
4049 0.956099 
4050 0.956099 
4051 0.955322 
4052 0.955322 
4053 0.956099 
4054 0.956099 
4055 0.956488 
4056 0.956488 
4057 0.955711 
4058 0.955711 
4059 0.956099 
4060 0.956099 
4061 0.955711 
4062 0.955711 
4063 0.955711 
4064 0.955711 
4065 0.957265 
4066 0.957265 
4067 0.957265 
4068 0.957265 
4069 0.955711 
4070 0.955711 
4071 0.954934 
4072 0.954934 
4073 0.955322 
4074 0.955322 
4075 0.955711 
4076 0.955711 
4077 0.956876 
4078 0.956876 
4079 0.957653 
4080 0.957653 
4081 0.956488 
4082 0.956488 
4083 0.956099 
4084 0.956099 
4085 0.956876 
4086 0.956876 
4087 0.956488 
4088 0.956488 
4089 0.956876 
4090 0.956876 
4091 0.956488 
4092 0.956488 
4093 0.955711 
4094 0.955711 
4095 0.960373 
4096 0.960373 
4097 0.959596 
4098 0.959596 
4099 0.957653 
4100 0.957653 
4101 0.958042 
4102 0.958042 
4103 0.958430 
4104 0.958430 
4105 0.956876 
4106 0.956876 
4107 0.957265 
4108 0.957265 
4109 0.955322 
4110 0.955322 
4111 0.957265 
4112 0.957265 
4113 0.956876 
4114 0.956876 
4115 0.956876 
4116 0.956876 
4117 0.956876 
4118 0.956876 
4119 0.958819 
4120 0.958819 
4121 0.958430 
4122 0.958430 
4123 0.957265 
4124 0.957265 
4125 0.957265 
4126 0.957265 
4127 0.958430 
4128 0.958430 
4129 0.959207 
4130 0.959207 
4131 0.957653 
4132 0.957653 
4133 0.958430 
4134 0.958430 
4135 0.958430 
4136 0.958430 
4137 0.959596 
4138 0.959596 
4139 0.959207 
4140 0.959207 
4141 0.959207 
4142 0.959207 
4143 0.961150 
4144 0.961150 
4145 0.960761 
4146 0.960761 
4147 0.961927 
4148 0.961927 
4149 0.962704 
4150 0.962704 
4151 0.963481 
4152 0.963481 
4153 0.963869 
4154 0.963869 
4155 0.962315 
4156 0.962315 
4157 0.963092 
4158 0.963092 
4159 0.963869 
4160 0.963869 
4161 0.963092 
4162 0.963092 
4163 0.961927 
4164 0.961927 
4165 0.961150 
4166 0.961150 
4167 0.963092 
4168 0.963092 
4169 0.956099 
4170 0.956099 
4171 0.958042 
4172 0.958042 
4173 0.955322 
4174 0.955322 
4175 0.958042 
4176 0.958042 
4177 0.953380 
4178 0.953380 
4179 0.958042 
4180 0.958042 
4181 0.956876 
4182 0.956876 
4183 0.955322 
4184 0.955322 
4185 0.958819 
4186 0.958819 
4187 0.952991 
4188 0.952991 
4189 0.961927 
4190 0.961927 
4191 0.958819 
4192 0.958819 
4193 0.961538 
4194 0.961538 
4195 0.963481 
4196 0.963481 
4197 0.963481 
4198 0.963481 
4199 0.966200 
4200 0.966200 
4201 0.964258 
4202 0.964258 
4203 0.962315 
4204 0.962315 
4205 0.959596 
4206 0.959596 
4207 0.965035 
4208 0.965035 
4209 0.967366 
4210 0.967366 
4211 0.966200 
4212 0.966200 
4213 0.966977 
4214 0.966977 
4215 0.970085 
4216 0.970085 
4217 0.963092 
4218 0.963092 
4219 0.965423 
4220 0.965423 
4221 0.966200 
4222 0.966200 
4223 0.970085 
4224 0.970085 
4225 0.971639 
4226 0.971639 
4227 0.973193 
4228 0.973193 
4229 0.970862 
4230 0.970862 
4231 0.967754 
4232 0.967754 
4233 0.972416 
4234 0.972416 
4235 0.970474 
4236 0.970474 
4237 0.974359 
4238 0.974359 
4239 0.972028 
4240 0.972028 
4241 0.968531 
4242 0.968531 
4243 0.973582 
4244 0.973582 
4245 0.972416 
4246 0.972416 
4247 0.975136 
4248 0.975136 
4249 0.966977 
4250 0.966977 
4251 0.973970 
4252 0.973970 
4253 0.970085 
4254 0.970085 
4255 0.968531 
4256 0.968531 
4257 0.970085 
4258 0.970085 
4259 0.972028 
4260 0.972028 
4261 0.974359 
4262 0.974359 
4263 0.973970 
4264 0.973970 
4265 0.972805 
4266 0.972805 
4267 0.982517 
4268 0.982517 
4269 0.983294 
4270 0.983294 
4271 0.977856 
4272 0.977856 
4273 0.978244 
4274 0.978244 
4275 0.979409 
4276 0.979409 
4277 0.976690 
4278 0.976690 
4279 0.978632 
4280 0.978632 
4281 0.975524 
4282 0.975524 
4283 0.980186 
4284 0.980186 
4285 0.976301 
4286 0.976301 
4287 0.977856 
4288 0.977856 
4289 0.973970 
4290 0.973970 
4291 0.976690 
4292 0.976690 
4293 0.979409 
4294 0.979409 
4295 0.981352 
4296 0.981352 
4297 0.978632 
4298 0.978632 
4299 0.981352 
4300 0.981352 
4301 0.977856 
4302 0.977856 
4303 0.982906 
4304 0.982906 
4305 0.980186 
4306 0.980186 
4307 0.979021 
4308 0.979021 
4309 0.982129 
4310 0.982129 
4311 0.980186 
4312 0.980186 
4313 0.979409 
4314 0.979409 
4315 0.976301 
4316 0.976301 
4317 0.975524 
4318 0.975524 
4319 0.972805 
4320 0.972805 
4321 0.975136 
4322 0.975136 
4323 0.976690 
4324 0.976690 
4325 0.978632 
4326 0.978632 
4327 0.978632 
4328 0.978632 
4329 0.979021 
4330 0.979021 
4331 0.976690 
4332 0.976690 
4333 0.975136 
4334 0.975136 
4335 0.972028 
4336 0.972028 
4337 0.978632 
4338 0.978632 
4339 0.980575 
4340 0.980575 
4341 0.975524 
4342 0.975524 
4343 0.975136 
4344 0.975136 
4345 0.977078 
4346 0.977078 
4347 0.977856 
4348 0.977856 
4349 0.977078 
4350 0.977078 
4351 0.975913 
4352 0.975913 
4353 0.976690 
4354 0.976690 
4355 0.978632 
4356 0.978632 
4357 0.973193 
4358 0.973193 
4359 0.973582 
4360 0.973582 
4361 0.979409 
4362 0.979409 
4363 0.976690 
4364 0.976690 
4365 0.978244 
4366 0.978244 
4367 0.980186 
4368 0.980186 
4369 0.980575 
4370 0.980575 
4371 0.979021 
4372 0.979021 
4373 0.980186 
4374 0.980186 
4375 0.977078 
4376 0.977078 
4377 0.980963 
4378 0.980963 
4379 0.979021 
4380 0.979021 
4381 0.973582 
4382 0.973582 
4383 0.963869 
4384 0.963869 
4385 0.967754 
4386 0.967754 
4387 0.963481 
4388 0.963481 
4389 0.964258 
4390 0.964258 
4391 0.962704 
4392 0.962704 
4393 0.947552 
4394 0.947552 
4395 0.936286 
4396 0.936286 
4397 0.930458 
4398 0.930458 
4399 0.918415 
4400 0.918415 
4401 0.895882 
4402 0.895882 
4403 0.890443 
4404 0.890443 
4405 0.881119 
4406 0.881119 
4407 0.882284 
4408 0.882284 
4409 0.857420 
4410 0.857420 
4411 0.812354 
4412 0.812354 
4413 0.827117 
4414 0.827117 
4415 0.849650 
4416 0.849650 
4417 0.944056 
4418 0.944056 
4419 0.980575 
4420 0.980575 
4421 0.977467 
4422 0.977467 
4423 0.984071 
4424 0.984071 
4425 0.984848 
4426 0.984848 
4427 0.978632 
4428 0.978632 
4429 0.975913 
4430 0.975913 
4431 0.972416 
4432 0.972416 
4433 0.978632 
4434 0.978632 
4435 0.978244 
4436 0.978244 
4437 0.979798 
4438 0.979798 
4439 0.977078 
4440 0.977078 
4441 0.975136 
4442 0.975136 
4443 0.972805 
4444 0.972805 
4445 0.972416 
4446 0.972416 
4447 0.969308 
4448 0.969308 
4449 0.968143 
4450 0.968143 
4451 0.961538 
4452 0.961538 
4453 0.965812 
4454 0.965812 
4455 0.957265 
4456 0.957265 
4457 0.953380 
4458 0.953380 
4459 0.951049 
4460 0.951049 
4461 0.945221 
4462 0.945221 
4463 0.939394 
4464 0.939394 
4465 0.940948 
4466 0.940948 
4467 0.938617 
4468 0.938617 
4469 0.936674 
4470 0.936674 
4471 0.945610 
4472 0.945610 
4473 0.951049 
4474 0.951049 
4475 0.956876 
4476 0.956876 
4477 0.959596 
4478 0.959596 
4479 0.961538 
4480 0.961538 
4481 0.965812 
4482 0.965812 
4483 0.961538 
4484 0.961538 
4485 0.963869 
4486 0.963869 
4487 0.947164 
4488 0.947164 
4489 0.939005 
4490 0.939005 
4491 0.933955 
4492 0.933955 
4493 0.939782 
4494 0.939782 
4495 0.932789 
4496 0.932789 
4497 0.940171 
4498 0.940171 
4499 0.940171 
4500 0.940171 
4501 0.952214 
4502 0.952214 
4503 0.954545 
4504 0.954545 
4505 0.959984 
4506 0.959984 
4507 0.972805 
4508 0.972805 
4509 0.979021 
4510 0.979021 
4511 0.979021 
4512 0.979021 
4513 0.977856 
4514 0.977856 
4515 0.978632 
4516 0.978632 
4517 0.977078 
4518 0.977078 
4519 0.980186 
4520 0.980186 
4521 0.979409 
4522 0.979409 
4523 0.977467 
4524 0.977467 
4525 0.978244 
4526 0.978244 
4527 0.979021 
4528 0.979021 
4529 0.977467 
4530 0.977467 
4531 0.977467 
4532 0.977467 
4533 0.977467 
4534 0.977467 
4535 0.975136 
4536 0.975136 
4537 0.973582 
4538 0.973582 
4539 0.971639 
4540 0.971639 
4541 0.974359 
4542 0.974359 
4543 0.973582 
4544 0.973582 
4545 0.976690 
4546 0.976690 
4547 0.979798 
4548 0.979798 
4549 0.977467 
4550 0.977467 
4551 0.977856 
4552 0.977856 
4553 0.972416 
4554 0.972416 
4555 0.970085 
4556 0.970085 
4557 0.968920 
4558 0.968920 
4559 0.974359 
4560 0.974359 
4561 0.967754 
4562 0.967754 
4563 0.970474 
4564 0.970474 
4565 0.969308 
4566 0.969308 
4567 0.972805 
4568 0.972805 
4569 0.973193 
4570 0.973193 
4571 0.970085 
4572 0.970085 
4573 0.968531 
4574 0.968531 
4575 0.965812 
4576 0.965812 
4577 0.966200 
4578 0.966200 
4579 0.965423 
4580 0.965423 
4581 0.973970 
4582 0.973970 
4583 0.974359 
4584 0.974359 
4585 0.975524 
4586 0.975524 
4587 0.970862 
4588 0.970862 
4589 0.970862 
4590 0.970862 
4591 0.978244 
4592 0.978244 
4593 0.979798 
4594 0.979798 
4595 0.965035 
4596 0.965035 
4597 0.968531 
4598 0.968531 
4599 0.970085 
4600 0.970085 
4601 0.965423 
4602 0.965423 
4603 0.971251 
4604 0.971251 
4605 0.964646 
4606 0.964646 
4607 0.965812 
4608 0.965812 
4609 0.969697 
4610 0.969697 
4611 0.969308 
4612 0.969308 
4613 0.968531 
4614 0.968531 
4615 0.977078 
4616 0.977078 
4617 0.975913 
4618 0.975913 
4619 0.975136 
4620 0.975136 
4621 0.973193 
4622 0.973193 
4623 0.972805 
4624 0.972805 
4625 0.974747 
4626 0.974747 
4627 0.975524 
4628 0.975524 
4629 0.976301 
4630 0.976301 
4631 0.977856 
4632 0.977856 
4633 0.976301 
4634 0.976301 
4635 0.976301 
4636 0.976301 
4637 0.979409 
4638 0.979409 
4639 0.979409 
4640 0.979409 
4641 0.978632 
4642 0.978632 
4643 0.972416 
4644 0.972416 
4645 0.974359 
4646 0.974359 
4647 0.980963 
4648 0.980963 
4649 0.968143 
4650 0.968143 
4651 0.970862 
4652 0.970862 
4653 0.970085 
4654 0.970085 
4655 0.969308 
4656 0.969308 
4657 0.975524 
4658 0.975524 
4659 0.977078 
4660 0.977078 
4661 0.979409 
4662 0.979409 
4663 0.979021 
4664 0.979021 
4665 0.979798 
4666 0.979798 
4667 0.974359 
4668 0.974359 
4669 0.982517 
4670 0.982517 
4671 0.981352 
4672 0.981352 
4673 0.987179 
4674 0.987179 
4675 0.982129 
4676 0.982129 
4677 0.983294 
4678 0.983294 
4679 0.979798 
4680 0.979798 
4681 0.979021 
4682 0.979021 
4683 0.979798 
4684 0.979798 
4685 0.980186 
4686 0.980186 
4687 0.982517 
4688 0.982517 
4689 0.975524 
4690 0.975524 
4691 0.972028 
4692 0.972028 
4693 0.965812 
4694 0.965812 
4695 0.967754 
4696 0.967754 
4697 0.971251 
4698 0.971251 
4699 0.975136 
4700 0.975136 
4701 0.974747 
4702 0.974747 
4703 0.976301 
4704 0.976301 
4705 0.977856 
4706 0.977856 
4707 0.969697 
4708 0.969697 
4709 0.977467 
4710 0.977467 
4711 0.981740 
4712 0.981740 
4713 0.985626 
4714 0.985626 
4715 0.981352 
4716 0.981352 
4717 0.978244 
4718 0.978244 
4719 0.978244 
4720 0.978244 
4721 0.979798 
4722 0.979798 
4723 0.979409 
4724 0.979409 
4725 0.981740 
4726 0.981740 
4727 0.981352 
4728 0.981352 
4729 0.981352 
4730 0.981352 
4731 0.977856 
4732 0.977856 
4733 0.978244 
4734 0.978244 
4735 0.978244 
4736 0.978244 
4737 0.976690 
4738 0.976690 
4739 0.977078 
4740 0.977078 
4741 0.984460 
4742 0.984460 
4743 0.973193 
4744 0.973193 
4745 0.979409 
4746 0.979409 
4747 0.980575 
4748 0.980575 
4749 0.969697 
4750 0.969697 
4751 0.960761 
4752 0.960761 
4753 0.881119 
4754 0.881119 
4755 0.756799 
4756 0.756799 
4757 0.644911 
4758 0.644911 
4759 0.390054 
4760 0.390054 
4761 0.313520 
4762 0.313520 
4763 0.278943 
4764 0.278943 
4765 0.232323 
4766 0.232323 
4767 0.209402 
4768 0.209402 
4769 0.163947 
4770 0.163947 
4771 0.150738 
4772 0.150738 
4773 0.127428 
4774 0.127428 
4775 0.109557 
4776 0.109557 
4777 0.095571 
4778 0.095571 
4779 0.086247 
4780 0.086247 
4781 0.069153 
4782 0.069153 
4783 0.043124 
4784 0.043124 
4785 0.033411 
4786 0.033411 
4787 0.024476 
4788 0.024476 
4789 0.023310 
4790 0.023310 
4791 0.022145 
4792 0.022145 
4793 0.022922 
4794 0.022922 
4795 0.020979 
4796 0.020979 
4797 0.021368 
4798 0.021368 
4799 0.020979 
4800 0.020979 
4801 0.021756 
4802 0.021756 
4803 0.019814 
4804 0.019814 
4805 0.019037 
4806 0.019037 
4807 0.019037 
4808 0.019037 
4809 0.017871 
4810 0.017871 
4811 0.019814 
4812 0.019814 
4813 0.022533 
4814 0.022533 
4815 0.021368 
4816 0.021368 
4817 0.022533 
4818 0.022533 
4819 0.041181 
4820 0.041181 
4821 0.038850 
4822 0.038850 
4823 0.040793 
4824 0.040793 
4825 0.041181 
4826 0.041181 
4827 0.042735 
4828 0.042735 
4829 0.039627 
4830 0.039627 
4831 0.040016 
4832 0.040016 
4833 0.045843 
4834 0.045843 
4835 0.046620 
4836 0.046620 
4837 0.044289 
4838 0.044289 
4839 0.043901 
4840 0.043901 
4841 0.046232 
4842 0.046232 
4843 0.045066 
4844 0.045066 
4845 0.046232 
4846 0.046232 
4847 0.045455 
4848 0.045455 
4849 0.047009 
4850 0.047009 
4851 0.048174 
4852 0.048174 
4853 0.048174 
4854 0.048174 
4855 0.048563 
4856 0.048563 
4857 0.048563 
4858 0.048563 
4859 0.050117 
4860 0.050117 
4861 0.048951 
4862 0.048951 
4863 0.048951 
4864 0.048951 
4865 0.047009 
4866 0.047009 
4867 0.047009 
4868 0.047009 
4869 0.047397 
4870 0.047397 
4871 0.047786 
4872 0.047786 
4873 0.047786 
4874 0.047786 
4875 0.047397 
4876 0.047397 
4877 0.043512 
4878 0.043512 
4879 0.047009 
4880 0.047009 
4881 0.045066 
4882 0.045066 
4883 0.043901 
4884 0.043901 
4885 0.043901 
4886 0.043901 
4887 0.044289 
4888 0.044289 
4889 0.044678 
4890 0.044678 
4891 0.045455 
4892 0.045455 
4893 0.043512 
4894 0.043512 
4895 0.045843 
4896 0.045843 
4897 0.048174 
4898 0.048174 
4899 0.047786 
4900 0.047786 
4901 0.049340 
4902 0.049340 
4903 0.047397 
4904 0.047397 
4905 0.046232 
4906 0.046232 
4907 0.047397 
4908 0.047397 
4909 0.036908 
4910 0.036908 
4911 0.038073 
4912 0.038073 
4913 0.036908 
4914 0.036908 
4915 0.042347 
4916 0.042347 
4917 0.087801 
4918 0.087801 
4919 0.118881 
4920 0.118881 
4921 0.142968 
4922 0.142968 
4923 0.150738 
4924 0.150738 
4925 0.170940 
4926 0.170940 
4927 0.192308 
4928 0.192308 
4929 0.231935 
4930 0.231935 
4931 0.249417 
4932 0.249417 
4933 0.278555 
4934 0.278555 
4935 0.341492 
4936 0.341492 
4937 0.362859 
4938 0.362859 
4939 0.466589 
4940 0.466589 
4941 0.539239 
4942 0.539239 
4943 0.602564 
4944 0.602564 
4945 0.674825 
4946 0.674825 
4947 0.726107 
4948 0.726107 
4949 0.749029 
4950 0.749029 
4951 0.761461 
4952 0.761461 
4953 0.766900 
4954 0.766900 
4955 0.697358 
4956 0.697358 
4957 0.595571 
4958 0.595571 
4959 0.171717 
4960 0.171717 
4961 0.106838 
4962 0.106838 
4963 0.083139 
4964 0.083139 
4965 0.064880 
4966 0.064880 
4967 0.083916 
4968 0.083916 
4969 0.116162 
4970 0.116162 
4971 0.177545 
4972 0.177545 
4973 0.222999 
4974 0.222999 
4975 0.252525 
4976 0.252525 
4977 0.276612 
4978 0.276612 
4979 0.281663 
4980 0.281663 
4981 0.280886 
4982 0.280886 
4983 0.293706 
4984 0.293706 
4985 0.287490 
4986 0.287490 
4987 0.280886 
4988 0.280886 
4989 0.267677 
4990 0.267677 
4991 0.254079 
4992 0.254079 
4993 0.242424 
4994 0.242424 
4995 0.217172 
4996 0.217172 
4997 0.202797 
4998 0.202797 
4999 0.188034 
5000 0.188034 
5001 0.161228 
5002 0.161228 
5003 0.134810 
5004 0.134810 
5005 0.112665 
5006 0.112665 
5007 0.085470 
5008 0.085470 
5009 0.085082 
5010 0.085082 
5011 0.068376 
5012 0.068376 
5013 0.059441 
5014 0.059441 
5015 0.052448 
5016 0.052448 
5017 0.045455 
5018 0.045455 
5019 0.046620 
5020 0.046620 
5021 0.064880 
5022 0.064880 
5023 0.071096 
5024 0.071096 
5025 0.074981 
5026 0.074981 
5027 0.075758 
5028 0.075758 
5029 0.074204 
5030 0.074204 
5031 0.071873 
5032 0.071873 
5033 0.069930 
5034 0.069930 
5035 0.065657 
5036 0.065657 
5037 0.069542 
5038 0.069542 
5039 0.067211 
5040 0.067211 
5041 0.064103 
5042 0.064103 
5043 0.060995 
5044 0.060995 
5045 0.057498 
5046 0.057498 
5047 0.054390 
5048 0.054390 
5049 0.060218 
5050 0.060218 
5051 0.071873 
5052 0.071873 
5053 0.083528 
5054 0.083528 
5055 0.113442 
5056 0.113442 
5057 0.131702 
5058 0.131702 
5059 0.178710 
5060 0.178710 
5061 0.215229 
5062 0.215229 
5063 0.264180 
5064 0.264180 
5065 0.302253 
5066 0.302253 
5067 0.374903 
5068 0.374903 
5069 0.438228 
5070 0.438228 
5071 0.489899 
5072 0.489899 
5073 0.549340 
5074 0.549340 
5075 0.579643 
5076 0.579643 
5077 0.604507 
5078 0.604507 
5079 0.635587 
5080 0.635587 
5081 0.659674 
5082 0.659674 
5083 0.704740 
5084 0.704740 
5085 0.666667 
5086 0.666667 
5087 0.542735 
5088 0.542735 
5089 0.382284 
5090 0.382284 
5091 0.306915 
5092 0.306915 
5093 0.283217 
5094 0.283217 
5095 0.266123 
5096 0.266123 
5097 0.252525 
5098 0.252525 
5099 0.234266 
5100 0.234266 
5101 0.223388 
5102 0.223388 
5103 0.217949 
5104 0.217949 
5105 0.214452 
5106 0.214452 
5107 0.227273 
5108 0.227273 
5109 0.330614 
5110 0.330614 
5111 0.316239 
5112 0.316239 
5113 0.296037 
5114 0.296037 
5115 0.280497 
5116 0.280497 
5117 0.264180 
5118 0.264180 
5119 0.257187 
5120 0.257187 
5121 0.241259 
5122 0.241259 
5123 0.237762 
5124 0.237762 
5125 0.237762 
5126 0.237762 
5127 0.247475 
5128 0.247475 
5129 0.246309 
5130 0.246309 
5131 0.250971 
5132 0.250971 
5133 0.370629 
5134 0.370629 
5135 0.370629 
5136 0.370629 
5137 0.367910 
5138 0.367910 
5139 0.368687 
5140 0.368687 
5141 0.367910 
5142 0.367910 
5143 0.371018 
5144 0.371018 
5145 0.369075 
5146 0.369075 
5147 0.367521 
5148 0.367521 
5149 0.366744 
5150 0.366744 
5151 0.365579 
5152 0.365579 
5153 0.363636 
5154 0.363636 
5155 0.365579 
5156 0.365579 
5157 0.364802 
5158 0.364802 
5159 0.338384 
5160 0.338384 
5161 0.333333 
5162 0.333333 
5163 0.339549 
5164 0.339549 
5165 0.336053 
5166 0.336053 
5167 0.337607 
5168 0.337607 
5169 0.340715 
5170 0.340715 
5171 0.343046 
5172 0.343046 
5173 0.347708 
5174 0.347708 
5175 0.344600 
5176 0.344600 
5177 0.349650 
5178 0.349650 
5179 0.351593 
5180 0.351593 
5181 0.353535 
5182 0.353535 
5183 0.273116 
5184 0.273116 
5185 0.272339 
5186 0.272339 
5187 0.280886 
5188 0.280886 
5189 0.279720 
5190 0.279720 
5191 0.278943 
5192 0.278943 
5193 0.278943 
5194 0.278943 
5195 0.240093 
5196 0.240093 
5197 0.239705 
5198 0.239705 
5199 0.247475 
5200 0.247475 
5201 0.251360 
5202 0.251360 
5203 0.253302 
5204 0.253302 
5205 0.258353 
5206 0.258353 
5207 0.256799 
5208 0.256799 
5209 0.257187 
5210 0.257187 
5211 0.260684 
5212 0.260684 
5213 0.263403 
5214 0.263403 
5215 0.262238 
5216 0.262238 
5217 0.264569 
5218 0.264569 
5219 0.000000 
5220 0.000000 
5221 0.022145 
5222 0.022145 
5223 0.041958 
5224 0.041958 
5225 0.059829 
5226 0.059829 
5227 0.073427 
5228 0.073427 
5229 0.084693 
5230 0.084693 
5231 0.099845 
5232 0.099845 
5233 0.109169 
5234 0.109169 
5235 0.125097 
5236 0.125097 
5237 0.139472 
5238 0.139472 
5239 0.153458 
5240 0.153458 
5241 0.166278 
5242 0.166278 
5243 0.177933 
5244 0.177933 
5245 0.282051 
5246 0.282051 
5247 0.280497 
5248 0.280497 
5249 0.282828 
5250 0.282828 
5251 0.287102 
5252 0.287102 
5253 0.298368 
5254 0.298368 
5255 0.301088 
5256 0.301088 
5257 0.327506 
5258 0.327506 
5259 0.357809 
5260 0.357809 
5261 0.383450 
5262 0.383450 
5263 0.421911 
5264 0.421911 
5265 0.433566 
5266 0.433566 
5267 0.395105 
5268 0.395105 
5269 0.169386 
5270 0.169386 
5271 0.174825 
5272 0.174825 
5273 0.181430 
5274 0.181430 
5275 0.186480 
5276 0.186480 
5277 0.189200 
5278 0.189200 
5279 0.185315 
5280 0.185315 
5281 0.178710 
5282 0.178710 
5283 0.179487 
5284 0.179487 
5285 0.180653 
5286 0.180653 
5287 0.179487 
5288 0.179487 
5289 0.209013 
5290 0.209013 
5291 0.253691 
5292 0.253691 
5293 0.311577 
5294 0.311577 
5295 0.367910 
5296 0.367910 
5297 0.430847 
5298 0.430847 
5299 0.503885 
5300 0.503885 
5301 0.547397 
5302 0.547397 
5303 0.622766 
5304 0.622766 
5305 0.688423 
5306 0.688423 
5307 0.731546 
5308 0.731546 
5309 0.766511 
5310 0.766511 
5311 0.800699 
5312 0.800699 
5313 0.819736 
5314 0.819736 
5315 0.838384 
5316 0.838384 
5317 0.861305 
5318 0.861305 
5319 0.952603 
5320 0.952603 
5321 0.950272 
5322 0.950272 
5323 0.953768 
5324 0.953768 
5325 0.957265 
5326 0.957265 
5327 0.960373 
5328 0.960373 
5329 0.958430 
5330 0.958430 
5331 0.958430 
5332 0.958430 
5333 0.962315 
5334 0.962315 
5335 0.959984 
5336 0.959984 
5337 0.957653 
5338 0.957653 
5339 0.962315 
5340 0.962315 
5341 0.961538 
5342 0.961538 
5343 0.960761 
5344 0.960761 
5345 0.907148 
5346 0.907148 
5347 0.919969 
5348 0.919969 
5349 0.925796 
5350 0.925796 
5351 0.921523 
5352 0.921523 
5353 0.928904 
5354 0.928904 
5355 0.934732 
5356 0.934732 
5357 0.929293 
5358 0.929293 
5359 0.937840 
5360 0.937840 
5361 0.934343 
5362 0.934343 
5363 0.896659 
5364 0.896659 
5365 0.864025 
5366 0.864025 
5367 0.738928 
5368 0.738928 
5369 0.605284 
5370 0.605284 
5371 0.609946 
5372 0.609946 
5373 0.605672 
5374 0.605672 
5375 0.601010 
5376 0.601010 
5377 0.589744 
5378 0.589744 
5379 0.565268 
5380 0.565268 
5381 0.553225 
5382 0.553225 
5383 0.527584 
5384 0.527584 
5385 0.529526 
5386 0.529526 
5387 0.535742 
5388 0.535742 
5389 0.545455 
5390 0.545455 
5391 0.546620 
5392 0.546620 
5393 0.553225 
5394 0.553225 
5395 0.568376 
5396 0.568376 
5397 0.580031 
5398 0.580031 
5399 0.582751 
5400 0.582751 
5401 0.581974 
5402 0.581974 
5403 0.575369 
5404 0.575369 
5405 0.568376 
5406 0.568376 
5407 0.559052 
5408 0.559052 
5409 0.555556 
5410 0.555556 
5411 0.553225 
5412 0.553225 
5413 0.547786 
5414 0.547786 
5415 0.543901 
5416 0.543901 
5417 0.550117 
5418 0.550117 
5419 0.558664 
5420 0.558664 
5421 0.569542 
5422 0.569542 
5423 0.581974 
5424 0.581974 
5425 0.602176 
5426 0.602176 
5427 0.606061 
5428 0.606061 
5429 0.604118 
5430 0.604118 
5431 0.608003 
5432 0.608003 
5433 0.616162 
5434 0.616162 
5435 0.631702 
5436 0.631702 
5437 0.646853 
5438 0.646853 
5439 0.654623 
5440 0.654623 
5441 0.657343 
5442 0.657343 
5443 0.662782 
5444 0.662782 
5445 0.671717 
5446 0.671717 
5447 0.674048 
5448 0.674048 
5449 0.682207 
5450 0.682207 
5451 0.684149 
5452 0.684149 
5453 0.685703 
5454 0.685703 
5455 0.686480 
5456 0.686480 
5457 0.689588 
5458 0.689588 
5459 0.687646 
5460 0.687646 
5461 0.688811 
5462 0.688811 
5463 0.702409 
5464 0.702409 
5465 0.719891 
5466 0.719891 
5467 0.724553 
5468 0.724553 
5469 0.799145 
5470 0.799145 
5471 0.803419 
5472 0.803419 
5473 0.795260 
5474 0.795260 
5475 0.800699 
5476 0.800699 
5477 0.799145 
5478 0.799145 
5479 0.803807 
5480 0.803807 
5481 0.803419 
5482 0.803419 
5483 0.808469 
5484 0.808469 
5485 0.819347 
5486 0.819347 
5487 0.817016 
5488 0.817016 
5489 0.816239 
5490 0.816239 
5491 0.822844 
5492 0.822844 
5493 0.825952 
5494 0.825952 
5495 0.918026 
5496 0.918026 
5497 0.933178 
5498 0.933178 
5499 0.963481 
5500 0.963481 
5501 0.969308 
5502 0.969308 
5503 0.970862 
5504 0.970862 
5505 0.973582 
5506 0.973582 
5507 0.975524 
5508 0.975524 
5509 0.975136 
5510 0.975136 
5511 0.976690 
5512 0.976690 
5513 0.975136 
5514 0.975136 
5515 0.972416 
5516 0.972416 
5517 0.970474 
5518 0.970474 
5519 0.971639 
5520 0.971639 
5521 0.970085 
5522 0.970085 
5523 0.972416 
5524 0.972416 
5525 0.969308 
5526 0.969308 
5527 0.969308 
5528 0.969308 
5529 0.970085 
5530 0.970085 
5531 0.968531 
5532 0.968531 
5533 0.971639 
5534 0.971639 
5535 0.972416 
5536 0.972416 
5537 0.970862 
5538 0.970862 
5539 0.971251 
5540 0.971251 
5541 0.971251 
5542 0.971251 
5543 0.969697 
5544 0.969697 
5545 0.968920 
5546 0.968920 
5547 0.972028 
5548 0.972028 
5549 0.970085 
5550 0.970085 
5551 0.972805 
5552 0.972805 
5553 0.968531 
5554 0.968531 
5555 0.965812 
5556 0.965812 
5557 0.968531 
5558 0.968531 
5559 0.966977 
5560 0.966977 
5561 0.969308 
5562 0.969308 
5563 0.963481 
5564 0.963481 
5565 0.968920 
5566 0.968920 
5567 0.965812 
5568 0.965812 
5569 0.965035 
5570 0.965035 
5571 0.963869 
5572 0.963869 
5573 0.959207 
5574 0.959207 
5575 0.959984 
5576 0.959984 
5577 0.965812 
5578 0.965812 
5579 0.967366 
5580 0.967366 
5581 0.969697 
5582 0.969697 
5583 0.967366 
5584 0.967366 
5585 0.966589 
5586 0.966589 
5587 0.965812 
5588 0.965812 
5589 0.965035 
5590 0.965035 
5591 0.966589 
5592 0.966589 
5593 0.966589 
5594 0.966589 
5595 0.967754 
5596 0.967754 
5597 0.964646 
5598 0.964646 
5599 0.969308 
5600 0.969308 
5601 0.969697 
5602 0.969697 
5603 0.968920 
5604 0.968920 
5605 0.968920 
5606 0.968920 
5607 0.966589 
5608 0.966589 
5609 0.966589 
5610 0.966589 
5611 0.962315 
5612 0.962315 
5613 0.966589 
5614 0.966589 
5615 0.968531 
5616 0.968531 
5617 0.966977 
5618 0.966977 
5619 0.958042 
5620 0.958042 
5621 0.960373 
5622 0.960373 
5623 0.959984 
5624 0.959984 
5625 0.961538 
5626 0.961538 
5627 0.961927 
5628 0.961927 
5629 0.962704 
5630 0.962704 
5631 0.961150 
5632 0.961150 
5633 0.960761 
5634 0.960761 
5635 0.963481 
5636 0.963481 
5637 0.964646 
5638 0.964646 
5639 0.965812 
5640 0.965812 
5641 0.965423 
5642 0.965423 
5643 0.966200 
5644 0.966200 
5645 0.964258 
5646 0.964258 
5647 0.963869 
5648 0.963869 
5649 0.963092 
5650 0.963092 
5651 0.963481 
5652 0.963481 
5653 0.962315 
5654 0.962315 
5655 0.963869 
5656 0.963869 
5657 0.965035 
5658 0.965035 
5659 0.966589 
5660 0.966589 
5661 0.966977 
5662 0.966977 
5663 0.966977 
5664 0.966977 
5665 0.964646 
5666 0.964646 
5667 0.963481 
5668 0.963481 
5669 0.963481 
5670 0.963481 
5671 0.965423 
5672 0.965423 
5673 0.964646 
5674 0.964646 
5675 0.966589 
5676 0.966589 
5677 0.966200 
5678 0.966200 
5679 0.963869 
5680 0.963869 
5681 0.965812 
5682 0.965812 
5683 0.964646 
5684 0.964646 
5685 0.965812 
5686 0.965812 
5687 0.966589 
5688 0.966589 
5689 0.966200 
5690 0.966200 
5691 0.966589 
5692 0.966589 
5693 0.966977 
5694 0.966977 
5695 0.963092 
5696 0.963092 
5697 0.961927 
5698 0.961927 
5699 0.963092 
5700 0.963092 
5701 0.965423 
5702 0.965423 
5703 0.965035 
5704 0.965035 
5705 0.964646 
5706 0.964646 
5707 0.964646 
5708 0.964646 
5709 0.963092 
5710 0.963092 
5711 0.963481 
5712 0.963481 
5713 0.963481 
5714 0.963481 
5715 0.964646 
5716 0.964646 
5717 0.965812 
5718 0.965812 
5719 0.966200 
5720 0.966200 
5721 0.966589 
5722 0.966589 
5723 0.968143 
5724 0.968143 
5725 0.966200 
5726 0.966200 
5727 0.966589 
5728 0.966589 
5729 0.966200 
5730 0.966200 
5731 0.965423 
5732 0.965423 
5733 0.965035 
5734 0.965035 
5735 0.965812 
5736 0.965812 
Time taken: 365.148704
