1 0.156201 
2 0.156201 
3 0.172644 
4 0.172644 
5 0.197191 
6 0.197191 
7 0.232522 
8 0.232522 
9 0.254185 
10 0.254185 
11 0.266710 
12 0.266710 
13 0.273215 
14 0.273215 
15 0.271851 
16 0.271851 
17 0.275582 
18 0.275582 
19 0.275299 
20 0.275299 
21 0.272321 
22 0.272321 
23 0.271067 
24 0.271067 
25 0.272290 
26 0.272290 
27 0.276334 
28 0.276334 
29 0.277494 
30 0.277494 
31 0.283309 
32 0.283309 
33 0.284939 
34 0.284939 
35 0.290034 
36 0.290034 
37 0.289611 
38 0.289611 
39 0.286695 
40 0.286695 
41 0.285222 
42 0.285222 
43 0.278591 
44 0.278591 
45 0.281099 
46 0.281099 
47 0.279610 
48 0.279610 
49 0.278090 
50 0.278090 
51 0.273262 
52 0.273262 
53 0.270252 
54 0.270252 
55 0.267195 
56 0.267195 
57 0.263371 
58 0.263371 
59 0.260784 
60 0.260784 
61 0.259311 
62 0.259311 
63 0.257305 
64 0.257305 
65 0.256662 
66 0.256662 
67 0.255141 
68 0.255141 
69 0.263935 
70 0.263935 
71 0.261223 
72 0.261223 
73 0.260643 
74 0.260643 
75 0.261333 
76 0.261333 
77 0.259907 
78 0.259907 
79 0.259483 
80 0.259483 
81 0.260988 
82 0.260988 
83 0.270487 
84 0.270487 
85 0.297558 
86 0.297558 
87 0.319848 
88 0.319848 
89 0.340335 
90 0.340335 
91 0.369428 
92 0.369428 
93 0.387877 
94 0.387877 
95 0.404477 
96 0.404477 
97 0.410856 
98 0.410856 
99 0.415904 
100 0.415904 
101 0.421249 
102 0.421249 
103 0.426453 
104 0.426453 
105 0.424400 
106 0.424400 
107 0.428945 
108 0.428945 
109 0.437112 
110 0.437112 
111 0.442614 
112 0.442614 
113 0.450122 
114 0.450122 
115 0.460781 
116 0.460781 
117 0.468337 
118 0.468337 
119 0.481127 
120 0.481127 
121 0.488165 
122 0.488165 
123 0.488651 
124 0.488651 
125 0.487695 
126 0.487695 
127 0.479528 
128 0.479528 
129 0.472663 
130 0.472663 
131 0.467553 
132 0.467553 
133 0.463462 
134 0.463462 
135 0.465061 
136 0.465061 
137 0.459809 
138 0.459809 
139 0.449871 
140 0.449871 
141 0.444714 
142 0.444714 
143 0.437864 
144 0.437864 
145 0.429525 
146 0.429525 
147 0.425387 
148 0.425387 
149 0.421437 
150 0.421437 
151 0.415653 
152 0.415653 
153 0.411734 
154 0.411734 
155 0.405856 
156 0.405856 
157 0.400150 
158 0.400150 
159 0.396812 
160 0.396812 
161 0.393254 
162 0.393254 
163 0.391435 
164 0.391435 
165 0.388410 
166 0.388410 
167 0.386670 
168 0.386670 
169 0.391811 
170 0.391811 
171 0.389868 
172 0.389868 
173 0.384742 
174 0.384742 
175 0.380949 
176 0.380949 
177 0.377547 
178 0.377547 
179 0.375400 
180 0.375400 
181 0.373942 
182 0.373942 
183 0.370102 
184 0.370102 
185 0.368377 
186 0.368377 
187 0.365039 
188 0.365039 
189 0.363440 
190 0.363440 
191 0.362029 
192 0.362029 
193 0.360493 
194 0.360493 
195 0.358596 
196 0.358596 
197 0.359176 
198 0.359176 
199 0.358377 
200 0.358377 
201 0.357765 
202 0.357765 
203 0.357985 
204 0.357985 
205 0.357483 
206 0.357483 
207 0.356214 
208 0.356214 
209 0.356794 
210 0.356794 
211 0.356872 
212 0.356872 
213 0.357515 
214 0.357515 
215 0.358000 
216 0.358000 
217 0.358173 
218 0.358173 
219 0.374444 
220 0.374444 
221 0.371763 
222 0.371763 
223 0.370729 
224 0.370729 
225 0.369318 
226 0.369318 
227 0.369192 
228 0.369192 
229 0.366826 
230 0.366826 
231 0.365869 
232 0.365869 
233 0.365101 
234 0.365101 
235 0.364694 
236 0.364694 
237 0.363659 
238 0.363659 
239 0.363267 
240 0.363267 
241 0.363722 
242 0.363722 
243 0.363111 
244 0.363111 
245 0.358596 
246 0.358596 
247 0.360509 
248 0.360509 
249 0.360556 
250 0.360556 
251 0.359913 
252 0.359913 
253 0.358800 
254 0.358800 
255 0.357703 
256 0.357703 
257 0.356229 
258 0.356229 
259 0.355869 
260 0.355869 
261 0.356167 
262 0.356167 
263 0.355461 
264 0.355461 
265 0.355226 
266 0.355226 
267 0.354960 
268 0.354960 
269 0.358361 
270 0.358361 
271 0.357201 
272 0.357201 
273 0.354395 
274 0.354395 
275 0.353925 
276 0.353925 
277 0.353157 
278 0.353157 
279 0.353517 
280 0.353517 
281 0.352483 
282 0.352483 
283 0.352546 
284 0.352546 
285 0.353721 
286 0.353721 
287 0.352859 
288 0.352859 
289 0.351825 
290 0.351825 
291 0.351292 
292 0.351292 
293 0.350994 
294 0.350994 
295 0.351903 
296 0.351903 
297 0.351104 
298 0.351104 
299 0.350853 
300 0.350853 
301 0.350837 
302 0.350837 
303 0.351182 
304 0.351182 
305 0.351448 
306 0.351448 
307 0.351480 
308 0.351480 
309 0.351354 
310 0.351354 
311 0.351966 
312 0.351966 
313 0.351652 
314 0.351652 
315 0.351919 
316 0.351919 
317 0.352013 
318 0.352013 
319 0.357546 
320 0.357546 
321 0.355116 
322 0.355116 
323 0.353345 
324 0.353345 
325 0.354003 
326 0.354003 
327 0.353847 
328 0.353847 
329 0.354035 
330 0.354035 
331 0.353768 
332 0.353768 
333 0.353972 
334 0.353972 
335 0.353878 
336 0.353878 
337 0.353706 
338 0.353706 
339 0.354113 
340 0.354113 
341 0.360242 
342 0.360242 
343 0.371293 
344 0.371293 
345 0.387360 
346 0.387360 
347 0.395824 
348 0.395824 
349 0.404445 
350 0.404445 
351 0.407627 
352 0.407627 
353 0.409399 
354 0.409399 
355 0.408568 
356 0.408568 
357 0.408662 
358 0.408662 
359 0.408991 
360 0.408991 
361 0.407878 
362 0.407878 
363 0.404524 
364 0.404524 
365 0.402361 
366 0.402361 
367 0.400260 
368 0.400260 
369 0.401467 
370 0.401467 
371 0.400825 
372 0.400825 
373 0.399915 
374 0.399915 
375 0.397360 
376 0.397360 
377 0.396310 
378 0.396310 
379 0.393363 
380 0.393363 
381 0.390793 
382 0.390793 
383 0.388927 
384 0.388927 
385 0.389491 
386 0.389491 
387 0.390150 
388 0.390150 
389 0.392438 
390 0.392438 
391 0.398567 
392 0.398567 
393 0.403285 
394 0.403285 
395 0.403818 
396 0.403818 
397 0.406969 
398 0.406969 
399 0.405872 
400 0.405872 
401 0.410261 
402 0.410261 
403 0.412220 
404 0.412220 
405 0.414462 
406 0.414462 
407 0.418710 
408 0.418710 
409 0.424431 
410 0.424431 
411 0.431955 
412 0.431955 
413 0.441470 
414 0.441470 
415 0.457505 
416 0.457505 
417 0.470954 
418 0.470954 
419 0.493385 
420 0.493385 
421 0.508010 
422 0.508010 
423 0.521130 
424 0.521130 
425 0.532996 
426 0.532996 
427 0.550144 
428 0.550144 
429 0.563233 
430 0.563233 
431 0.573563 
432 0.573563 
433 0.592059 
434 0.592059 
435 0.602467 
436 0.602467 
437 0.612358 
438 0.612358 
439 0.624224 
440 0.624224 
441 0.630134 
442 0.630134 
443 0.636043 
444 0.636043 
445 0.654994 
446 0.654994 
447 0.658756 
448 0.658756 
449 0.665214 
450 0.665214 
451 0.673820 
452 0.673820 
453 0.679682 
454 0.679682 
455 0.682535 
456 0.682535 
457 0.689855 
458 0.689855 
459 0.696815 
460 0.696815 
461 0.702097 
462 0.702097 
463 0.706800 
464 0.706800 
465 0.710938 
466 0.710938 
467 0.713368 
468 0.713368 
469 0.723776 
470 0.723776 
471 0.723870 
472 0.723870 
473 0.723933 
474 0.723933 
475 0.724575 
476 0.724575 
477 0.724857 
478 0.724857 
479 0.724654 
480 0.724654 
481 0.723619 
482 0.723619 
483 0.723258 
484 0.723258 
485 0.722788 
486 0.722788 
487 0.721393 
488 0.721393 
489 0.721064 
490 0.721064 
491 0.720531 
492 0.720531 
493 0.721283 
494 0.721283 
495 0.713603 
496 0.713603 
497 0.713587 
498 0.713587 
499 0.722381 
500 0.722381 
501 0.727773 
502 0.727773 
503 0.733510 
504 0.733510 
505 0.740125 
506 0.740125 
507 0.744498 
508 0.744498 
509 0.748480 
510 0.748480 
511 0.753605 
512 0.753605 
513 0.759421 
514 0.759421 
515 0.763512 
516 0.763512 
517 0.782604 
518 0.782604 
519 0.821368 
520 0.821368 
521 0.830083 
522 0.830083 
523 0.861386 
524 0.861386 
525 0.876952 
526 0.876952 
527 0.888582 
528 0.888582 
529 0.899571 
530 0.899571 
531 0.910449 
532 0.910449 
533 0.915669 
534 0.915669 
535 0.918584 
536 0.918584 
537 0.921453 
538 0.921453 
539 0.923271 
540 0.923271 
541 0.925246 
542 0.925246 
543 0.925779 
544 0.925779 
545 0.956063 
546 0.956063 
547 0.956690 
548 0.956690 
549 0.956314 
550 0.956314 
551 0.956424 
552 0.956424 
553 0.956878 
554 0.956878 
555 0.956753 
556 0.956753 
557 0.956863 
558 0.956863 
559 0.956455 
560 0.956455 
561 0.956674 
562 0.956674 
563 0.956188 
564 0.956188 
565 0.956674 
566 0.956674 
567 0.955844 
568 0.955844 
569 0.946611 
570 0.946611 
571 0.947787 
572 0.947787 
573 0.947912 
574 0.947912 
575 0.948288 
576 0.948288 
577 0.948915 
578 0.948915 
579 0.949103 
580 0.949103 
581 0.949574 
582 0.949574 
583 0.951219 
584 0.951219 
585 0.950812 
586 0.950812 
587 0.950812 
588 0.950812 
589 0.953900 
590 0.953900 
591 0.953210 
592 0.953210 
593 0.956690 
594 0.956690 
595 0.967474 
596 0.967474 
597 0.970014 
598 0.970014 
599 0.972083 
600 0.972083 
601 0.973164 
602 0.973164 
603 0.973933 
604 0.973933 
605 0.975265 
606 0.975265 
607 0.975876 
608 0.975876 
609 0.977412 
610 0.977412 
611 0.977522 
612 0.977522 
613 0.977491 
614 0.977491 
615 0.977099 
616 0.977099 
617 0.977334 
618 0.977334 
619 0.980579 
620 0.980579 
621 0.979936 
622 0.979936 
623 0.979764 
624 0.979764 
625 0.980391 
626 0.980391 
627 0.980877 
628 0.980877 
629 0.981206 
630 0.981206 
631 0.981409 
632 0.981409 
633 0.981660 
634 0.981660 
635 0.981535 
636 0.981535 
637 0.982162 
638 0.982162 
639 0.982914 
640 0.982914 
641 0.982648 
642 0.982648 
643 0.982946 
644 0.982946 
645 0.982225 
646 0.982225 
647 0.982068 
648 0.982068 
649 0.981974 
650 0.981974 
651 0.982209 
652 0.982209 
653 0.982099 
654 0.982099 
655 0.981268 
656 0.981268 
657 0.980877 
658 0.980877 
659 0.979967 
660 0.979967 
661 0.979873 
662 0.979873 
663 0.980265 
664 0.980265 
665 0.980469 
666 0.980469 
667 0.980422 
668 0.980422 
669 0.981566 
670 0.981566 
671 0.981378 
672 0.981378 
673 0.981049 
674 0.981049 
675 0.981127 
676 0.981127 
677 0.981065 
678 0.981065 
679 0.981237 
680 0.981237 
681 0.981253 
682 0.981253 
683 0.982256 
684 0.982256 
685 0.981911 
686 0.981911 
687 0.981300 
688 0.981300 
689 0.980908 
690 0.980908 
691 0.980438 
692 0.980438 
693 0.980391 
694 0.980391 
695 0.979983 
696 0.979983 
697 0.979873 
698 0.979873 
699 0.980453 
700 0.980453 
701 0.980657 
702 0.980657 
703 0.980830 
704 0.980830 
705 0.981190 
706 0.981190 
707 0.980720 
708 0.980720 
709 0.981723 
710 0.981723 
711 0.981488 
712 0.981488 
713 0.981723 
714 0.981723 
715 0.981660 
716 0.981660 
717 0.981801 
718 0.981801 
719 0.981331 
720 0.981331 
721 0.981049 
722 0.981049 
723 0.981127 
724 0.981127 
725 0.981206 
726 0.981206 
727 0.981300 
728 0.981300 
729 0.980579 
730 0.980579 
731 0.980908 
732 0.980908 
733 0.980657 
734 0.980657 
735 0.980422 
736 0.980422 
737 0.980453 
738 0.980453 
739 0.980908 
740 0.980908 
741 0.980641 
742 0.980641 
743 0.980720 
744 0.980720 
745 0.979497 
746 0.979497 
747 0.979340 
748 0.979340 
749 0.978854 
750 0.978854 
751 0.979450 
752 0.979450 
753 0.979481 
754 0.979481 
755 0.979403 
756 0.979403 
757 0.979372 
758 0.979372 
759 0.979199 
760 0.979199 
761 0.979058 
762 0.979058 
763 0.978760 
764 0.978760 
765 0.979105 
766 0.979105 
767 0.978416 
768 0.978416 
769 0.978729 
770 0.978729 
771 0.978745 
772 0.978745 
773 0.979137 
774 0.979137 
775 0.978635 
776 0.978635 
777 0.978933 
778 0.978933 
779 0.978400 
780 0.978400 
781 0.978306 
782 0.978306 
783 0.978259 
784 0.978259 
785 0.978510 
786 0.978510 
787 0.978557 
788 0.978557 
789 0.978431 
790 0.978431 
791 0.978039 
792 0.978039 
793 0.978322 
794 0.978322 
795 0.978353 
796 0.978353 
797 0.978463 
798 0.978463 
799 0.978165 
800 0.978165 
801 0.976644 
802 0.976644 
803 0.976268 
804 0.976268 
805 0.976425 
806 0.976425 
807 0.976111 
808 0.976111 
809 0.976644 
810 0.976644 
811 0.977177 
812 0.977177 
813 0.976362 
814 0.976362 
815 0.976221 
816 0.976221 
817 0.975782 
818 0.975782 
819 0.974403 
820 0.974403 
821 0.974089 
822 0.974089 
823 0.973494 
824 0.973494 
825 0.973117 
826 0.973117 
827 0.973713 
828 0.973713 
829 0.973462 
830 0.973462 
831 0.973243 
832 0.973243 
833 0.973415 
834 0.973415 
835 0.973588 
836 0.973588 
837 0.973415 
838 0.973415 
839 0.973760 
840 0.973760 
841 0.973995 
842 0.973995 
843 0.974011 
844 0.974011 
845 0.973791 
846 0.973791 
847 0.973776 
848 0.973776 
849 0.974309 
850 0.974309 
851 0.974575 
852 0.974575 
853 0.974089 
854 0.974089 
855 0.974152 
856 0.974152 
857 0.973917 
858 0.973917 
859 0.974011 
860 0.974011 
861 0.974105 
862 0.974105 
863 0.974042 
864 0.974042 
865 0.974309 
866 0.974309 
867 0.974356 
868 0.974356 
869 0.973572 
870 0.973572 
871 0.973650 
872 0.973650 
873 0.973478 
874 0.973478 
875 0.973886 
876 0.973886 
877 0.973635 
878 0.973635 
879 0.974215 
880 0.974215 
881 0.974215 
882 0.974215 
883 0.974262 
884 0.974262 
885 0.974089 
886 0.974089 
887 0.974011 
888 0.974011 
889 0.974089 
890 0.974089 
891 0.973760 
892 0.973760 
893 0.973886 
894 0.973886 
895 0.973995 
896 0.973995 
897 0.973980 
898 0.973980 
899 0.973995 
900 0.973995 
901 0.974215 
902 0.974215 
903 0.974136 
904 0.974136 
905 0.973948 
906 0.973948 
907 0.973870 
908 0.973870 
909 0.974027 
910 0.974027 
911 0.973901 
912 0.973901 
913 0.973995 
914 0.973995 
915 0.974748 
916 0.974748 
917 0.974701 
918 0.974701 
919 0.974403 
920 0.974403 
921 0.974434 
922 0.974434 
923 0.974215 
924 0.974215 
925 0.974324 
926 0.974324 
927 0.974183 
928 0.974183 
929 0.973008 
930 0.973008 
931 0.973400 
932 0.973400 
933 0.973901 
934 0.973901 
935 0.973729 
936 0.973729 
937 0.973666 
938 0.973666 
939 0.973776 
940 0.973776 
941 0.973995 
942 0.973995 
943 0.974042 
944 0.974042 
945 0.974246 
946 0.974246 
947 0.974324 
948 0.974324 
949 0.974277 
950 0.974277 
951 0.974340 
952 0.974340 
953 0.974403 
954 0.974403 
955 0.974669 
956 0.974669 
957 0.975061 
958 0.975061 
959 0.974716 
960 0.974716 
961 0.974748 
962 0.974748 
963 0.975108 
964 0.975108 
965 0.974685 
966 0.974685 
967 0.974607 
968 0.974607 
969 0.974465 
970 0.974465 
971 0.973980 
972 0.973980 
973 0.974105 
974 0.974105 
975 0.973964 
976 0.973964 
977 0.973525 
978 0.973525 
979 0.974121 
980 0.974121 
981 0.974669 
982 0.974669 
983 0.974356 
984 0.974356 
985 0.974011 
986 0.974011 
987 0.974669 
988 0.974669 
989 0.974418 
990 0.974418 
991 0.974246 
992 0.974246 
993 0.974450 
994 0.974450 
995 0.974246 
996 0.974246 
997 0.974011 
998 0.974011 
999 0.974497 
1000 0.974497 
1001 0.975171 
1002 0.975171 
1003 0.975343 
1004 0.975343 
1005 0.975061 
1006 0.975061 
1007 0.974716 
1008 0.974716 
1009 0.974465 
1010 0.974465 
1011 0.974121 
1012 0.974121 
1013 0.973682 
1014 0.973682 
1015 0.973368 
1016 0.973368 
1017 0.973180 
1018 0.973180 
1019 0.973603 
1020 0.973603 
1021 0.973290 
1022 0.973290 
1023 0.973258 
1024 0.973258 
1025 0.973541 
1026 0.973541 
1027 0.973588 
1028 0.973588 
1029 0.973588 
1030 0.973588 
1031 0.973729 
1032 0.973729 
1033 0.973525 
1034 0.973525 
1035 0.974622 
1036 0.974622 
1037 0.974654 
1038 0.974654 
1039 0.974654 
1040 0.974654 
1041 0.974716 
1042 0.974716 
1043 0.974544 
1044 0.974544 
1045 0.974497 
1046 0.974497 
1047 0.974215 
1048 0.974215 
1049 0.974763 
1050 0.974763 
1051 0.974654 
1052 0.974654 
1053 0.974638 
1054 0.974638 
1055 0.974497 
1056 0.974497 
1057 0.974387 
1058 0.974387 
1059 0.974591 
1060 0.974591 
1061 0.974607 
1062 0.974607 
1063 0.974387 
1064 0.974387 
1065 0.974136 
1066 0.974136 
1067 0.974513 
1068 0.974513 
1069 0.974497 
1070 0.974497 
1071 0.974121 
1072 0.974121 
1073 0.974152 
1074 0.974152 
1075 0.974089 
1076 0.974089 
1077 0.973964 
1078 0.973964 
1079 0.973791 
1080 0.973791 
1081 0.973870 
1082 0.973870 
1083 0.973572 
1084 0.973572 
1085 0.974716 
1086 0.974716 
1087 0.974544 
1088 0.974544 
1089 0.974904 
1090 0.974904 
1091 0.975061 
1092 0.975061 
1093 0.974763 
1094 0.974763 
1095 0.974951 
1096 0.974951 
1097 0.974795 
1098 0.974795 
1099 0.974873 
1100 0.974873 
1101 0.974748 
1102 0.974748 
1103 0.974544 
1104 0.974544 
1105 0.975124 
1106 0.975124 
1107 0.974857 
1108 0.974857 
1109 0.974967 
1110 0.974967 
1111 0.974152 
1112 0.974152 
1113 0.973839 
1114 0.973839 
1115 0.974215 
1116 0.974215 
1117 0.973807 
1118 0.973807 
1119 0.974340 
1120 0.974340 
1121 0.974105 
1122 0.974105 
1123 0.974669 
1124 0.974669 
1125 0.974513 
1126 0.974513 
1127 0.974732 
1128 0.974732 
1129 0.974857 
1130 0.974857 
1131 0.974622 
1132 0.974622 
1133 0.974481 
1134 0.974481 
1135 0.973776 
1136 0.973776 
1137 0.973964 
1138 0.973964 
1139 0.974152 
1140 0.974152 
1141 0.973933 
1142 0.973933 
1143 0.974387 
1144 0.974387 
1145 0.974340 
1146 0.974340 
1147 0.974387 
1148 0.974387 
1149 0.973917 
1150 0.973917 
1151 0.974215 
1152 0.974215 
1153 0.974387 
1154 0.974387 
1155 0.974356 
1156 0.974356 
1157 0.974371 
1158 0.974371 
1159 0.974732 
1160 0.974732 
1161 0.974857 
1162 0.974857 
1163 0.975092 
1164 0.975092 
1165 0.974983 
1166 0.974983 
1167 0.974685 
1168 0.974685 
1169 0.975139 
1170 0.975139 
1171 0.975171 
1172 0.975171 
1173 0.975578 
1174 0.975578 
1175 0.975892 
1176 0.975892 
1177 0.975923 
1178 0.975923 
1179 0.975735 
1180 0.975735 
1181 0.975766 
1182 0.975766 
1183 0.976033 
1184 0.976033 
1185 0.974293 
1186 0.974293 
1187 0.973791 
1188 0.973791 
1189 0.973619 
1190 0.973619 
1191 0.974152 
1192 0.974152 
1193 0.974089 
1194 0.974089 
1195 0.974465 
1196 0.974465 
1197 0.974591 
1198 0.974591 
1199 0.974356 
1200 0.974356 
1201 0.974371 
1202 0.974371 
1203 0.974168 
1204 0.974168 
1205 0.974418 
1206 0.974418 
1207 0.974058 
1208 0.974058 
1209 0.974246 
1210 0.974246 
1211 0.974701 
1212 0.974701 
1213 0.975155 
1214 0.975155 
1215 0.974936 
1216 0.974936 
1217 0.974748 
1218 0.974748 
1219 0.974904 
1220 0.974904 
1221 0.974669 
1222 0.974669 
1223 0.974560 
1224 0.974560 
1225 0.974560 
1226 0.974560 
1227 0.974418 
1228 0.974418 
1229 0.974403 
1230 0.974403 
1231 0.974998 
1232 0.974998 
1233 0.974889 
1234 0.974889 
1235 0.974183 
1236 0.974183 
1237 0.974074 
1238 0.974074 
1239 0.974183 
1240 0.974183 
1241 0.973917 
1242 0.973917 
1243 0.974387 
1244 0.974387 
1245 0.974434 
1246 0.974434 
1247 0.974152 
1248 0.974152 
1249 0.974199 
1250 0.974199 
1251 0.974089 
1252 0.974089 
1253 0.974074 
1254 0.974074 
1255 0.974324 
1256 0.974324 
1257 0.973791 
1258 0.973791 
1259 0.973995 
1260 0.973995 
1261 0.973697 
1262 0.973697 
1263 0.973494 
1264 0.973494 
1265 0.973556 
1266 0.973556 
1267 0.974403 
1268 0.974403 
1269 0.974011 
1270 0.974011 
1271 0.974230 
1272 0.974230 
1273 0.974199 
1274 0.974199 
1275 0.974309 
1276 0.974309 
1277 0.974121 
1278 0.974121 
1279 0.973995 
1280 0.973995 
1281 0.973776 
1282 0.973776 
1283 0.974027 
1284 0.974027 
1285 0.974105 
1286 0.974105 
1287 0.973901 
1288 0.973901 
1289 0.973870 
1290 0.973870 
1291 0.974152 
1292 0.974152 
1293 0.974011 
1294 0.974011 
1295 0.974246 
1296 0.974246 
1297 0.974246 
1298 0.974246 
1299 0.974058 
1300 0.974058 
1301 0.974058 
1302 0.974058 
1303 0.973933 
1304 0.973933 
1305 0.973917 
1306 0.973917 
1307 0.973760 
1308 0.973760 
1309 0.973933 
1310 0.973933 
1311 0.974857 
1312 0.974857 
1313 0.975045 
1314 0.975045 
1315 0.974716 
1316 0.974716 
1317 0.974810 
1318 0.974810 
1319 0.974936 
1320 0.974936 
1321 0.975234 
1322 0.975234 
1323 0.975202 
1324 0.975202 
1325 0.975061 
1326 0.975061 
1327 0.975187 
1328 0.975187 
1329 0.975359 
1330 0.975359 
1331 0.975234 
1332 0.975234 
1333 0.975108 
1334 0.975108 
1335 0.974779 
1336 0.974779 
1337 0.974716 
1338 0.974716 
1339 0.974465 
1340 0.974465 
1341 0.974560 
1342 0.974560 
1343 0.974215 
1344 0.974215 
1345 0.973886 
1346 0.973886 
1347 0.974183 
1348 0.974183 
1349 0.974669 
1350 0.974669 
1351 0.974497 
1352 0.974497 
1353 0.974591 
1354 0.974591 
1355 0.974607 
1356 0.974607 
1357 0.974685 
1358 0.974685 
1359 0.974356 
1360 0.974356 
1361 0.974998 
1362 0.974998 
1363 0.975547 
1364 0.975547 
1365 0.975218 
1366 0.975218 
1367 0.975061 
1368 0.975061 
1369 0.975406 
1370 0.975406 
1371 0.975234 
1372 0.975234 
1373 0.974873 
1374 0.974873 
1375 0.974497 
1376 0.974497 
1377 0.974654 
1378 0.974654 
1379 0.974669 
1380 0.974669 
1381 0.974920 
1382 0.974920 
1383 0.974826 
1384 0.974826 
1385 0.974889 
1386 0.974889 
1387 0.975547 
1388 0.975547 
1389 0.976174 
1390 0.976174 
1391 0.975610 
1392 0.975610 
1393 0.975469 
1394 0.975469 
1395 0.975908 
1396 0.975908 
1397 0.975876 
1398 0.975876 
1399 0.976409 
1400 0.976409 
1401 0.976394 
1402 0.976394 
1403 0.976519 
1404 0.976519 
1405 0.976315 
1406 0.976315 
1407 0.976378 
1408 0.976378 
1409 0.976346 
1410 0.976346 
1411 0.975234 
1412 0.975234 
1413 0.975610 
1414 0.975610 
1415 0.975845 
1416 0.975845 
1417 0.976535 
1418 0.976535 
1419 0.976785 
1420 0.976785 
1421 0.976488 
1422 0.976488 
1423 0.975892 
1424 0.975892 
1425 0.975625 
1426 0.975625 
1427 0.975531 
1428 0.975531 
1429 0.975625 
1430 0.975625 
1431 0.975343 
1432 0.975343 
1433 0.975641 
1434 0.975641 
1435 0.975234 
1436 0.975234 
1437 0.975312 
1438 0.975312 
1439 0.975672 
1440 0.975672 
1441 0.975218 
1442 0.975218 
1443 0.975578 
1444 0.975578 
1445 0.975265 
1446 0.975265 
1447 0.975187 
1448 0.975187 
1449 0.976237 
1450 0.976237 
1451 0.976002 
1452 0.976002 
1453 0.975500 
1454 0.975500 
1455 0.976409 
1456 0.976409 
1457 0.975876 
1458 0.975876 
1459 0.977553 
1460 0.977553 
1461 0.975845 
1462 0.975845 
1463 0.975469 
1464 0.975469 
1465 0.975876 
1466 0.975876 
1467 0.975139 
1468 0.975139 
1469 0.976064 
1470 0.976064 
1471 0.977538 
1472 0.977538 
1473 0.977099 
1474 0.977099 
1475 0.975908 
1476 0.975908 
1477 0.977773 
1478 0.977773 
1479 0.976723 
1480 0.976723 
1481 0.977412 
1482 0.977412 
1483 0.977506 
1484 0.977506 
1485 0.977115 
1486 0.977115 
1487 0.977585 
1488 0.977585 
1489 0.977099 
1490 0.977099 
1491 0.977538 
1492 0.977538 
1493 0.977224 
1494 0.977224 
1495 0.976441 
1496 0.976441 
1497 0.978212 
1498 0.978212 
1499 0.979967 
1500 0.979967 
1501 0.980641 
1502 0.980641 
1503 0.981801 
1504 0.981801 
1505 0.982836 
1506 0.982836 
1507 0.982256 
1508 0.982256 
1509 0.983416 
1510 0.983416 
1511 0.983839 
1512 0.983839 
1513 0.983714 
1514 0.983714 
1515 0.984952 
1516 0.984952 
1517 0.985266 
1518 0.985266 
1519 0.984889 
1520 0.984889 
1521 0.986018 
1522 0.986018 
1523 0.986645 
1524 0.986645 
1525 0.987695 
1526 0.987695 
1527 0.987476 
1528 0.987476 
1529 0.987303 
1530 0.987303 
1531 0.987538 
1532 0.987538 
1533 0.986159 
1534 0.986159 
1535 0.987288 
1536 0.987288 
1537 0.987272 
1538 0.987272 
1539 0.986770 
1540 0.986770 
1541 0.986833 
1542 0.986833 
1543 0.986770 
1544 0.986770 
1545 0.985987 
1546 0.985987 
1547 0.986034 
1548 0.986034 
1549 0.984607 
1550 0.984607 
1551 0.985532 
1552 0.985532 
1553 0.985375 
1554 0.985375 
1555 0.985924 
1556 0.985924 
1557 0.986833 
1558 0.986833 
1559 0.985814 
1560 0.985814 
1561 0.985673 
1562 0.985673 
1563 0.985704 
1564 0.985704 
1565 0.984168 
1566 0.984168 
1567 0.984074 
1568 0.984074 
1569 0.982914 
1570 0.982914 
1571 0.982977 
1572 0.982977 
1573 0.982946 
1574 0.982946 
1575 0.982083 
1576 0.982083 
1577 0.982350 
1578 0.982350 
1579 0.984043 
1580 0.984043 
1581 0.983573 
1582 0.983573 
1583 0.983259 
1584 0.983259 
1585 0.981315 
1586 0.981315 
1587 0.981441 
1588 0.981441 
1589 0.981143 
1590 0.981143 
1591 0.982256 
1592 0.982256 
1593 0.982836 
1594 0.982836 
1595 0.982334 
1596 0.982334 
1597 0.982930 
1598 0.982930 
1599 0.981958 
1600 0.981958 
1601 0.982726 
1602 0.982726 
1603 0.983479 
1604 0.983479 
1605 0.983306 
1606 0.983306 
1607 0.984811 
1608 0.984811 
1609 0.983651 
1610 0.983651 
1611 0.987021 
1612 0.987021 
1613 0.987805 
1614 0.987805 
1615 0.987162 
1616 0.987162 
1617 0.988651 
1618 0.988651 
1619 0.988510 
1620 0.988510 
1621 0.987711 
1622 0.987711 
1623 0.988385 
1624 0.988385 
1625 0.987695 
1626 0.987695 
1627 0.987523 
1628 0.987523 
1629 0.988808 
1630 0.988808 
1631 0.988306 
1632 0.988306 
1633 0.988745 
1634 0.988745 
1635 0.987930 
1636 0.987930 
1637 0.989905 
1638 0.989905 
1639 0.989388 
1640 0.989388 
1641 0.989952 
1642 0.989952 
1643 0.990125 
1644 0.990125 
1645 0.989513 
1646 0.989513 
1647 0.989952 
1648 0.989952 
1649 0.990109 
1650 0.990109 
1651 0.989890 
1652 0.989890 
1653 0.989200 
1654 0.989200 
1655 0.988651 
1656 0.988651 
1657 0.988918 
1658 0.988918 
1659 0.987570 
1660 0.987570 
1661 0.988181 
1662 0.988181 
1663 0.987209 
1664 0.987209 
1665 0.986378 
1666 0.986378 
1667 0.987915 
1668 0.987915 
1669 0.987147 
1670 0.987147 
1671 0.986723 
1672 0.986723 
1673 0.986112 
1674 0.986112 
1675 0.986582 
1676 0.986582 
1677 0.984544 
1678 0.984544 
1679 0.981723 
1680 0.981723 
1681 0.980547 
1682 0.980547 
1683 0.979826 
1684 0.979826 
1685 0.976535 
1686 0.976535 
1687 0.976613 
1688 0.976613 
1689 0.974434 
1690 0.974434 
1691 0.972271 
1692 0.972271 
1693 0.971942 
1694 0.971942 
1695 0.974027 
1696 0.974027 
1697 0.976315 
1698 0.976315 
1699 0.975249 
1700 0.975249 
1701 0.976550 
1702 0.976550 
1703 0.978275 
1704 0.978275 
1705 0.977318 
1706 0.977318 
1707 0.975625 
1708 0.975625 
1709 0.975139 
1710 0.975139 
1711 0.971754 
1712 0.971754 
1713 0.972600 
1714 0.972600 
1715 0.971048 
1716 0.971048 
1717 0.968399 
1718 0.968399 
1719 0.965170 
1720 0.965170 
1721 0.963634 
1722 0.963634 
1723 0.966095 
1724 0.966095 
1725 0.973541 
1726 0.973541 
1727 0.976738 
1728 0.976738 
1729 0.977930 
1730 0.977930 
1731 0.965844 
1732 0.965844 
1733 0.949683 
1734 0.949683 
1735 0.932143 
1736 0.932143 
1737 0.934416 
1738 0.934416 
1739 0.938100 
1740 0.938100 
1741 0.934134 
1742 0.934134 
1743 0.906201 
1744 0.906201 
1745 0.893003 
1746 0.893003 
1747 0.780315 
1748 0.780315 
1749 0.764170 
1750 0.764170 
1751 0.761474 
1752 0.761474 
1753 0.706800 
1754 0.706800 
1755 0.702379 
1756 0.702379 
1757 0.696266 
1758 0.696266 
1759 0.697254 
1760 0.697254 
1761 0.702254 
1762 0.702254 
1763 0.689871 
1764 0.689871 
1765 0.684965 
1766 0.684965 
1767 0.715844 
1768 0.715844 
1769 0.721613 
1770 0.721613 
1771 0.747884 
1772 0.747884 
1773 0.784156 
1774 0.784156 
1775 0.808013 
1776 0.808013 
1777 0.837043 
1778 0.837043 
1779 0.846338 
1780 0.846338 
1781 0.843783 
1782 0.843783 
1783 0.837263 
1784 0.837263 
1785 0.813390 
1786 0.813390 
1787 0.812653 
1788 0.812653 
1789 0.803812 
1790 0.803812 
1791 0.784124 
1792 0.784124 
1793 0.766177 
1794 0.766177 
1795 0.748213 
1796 0.748213 
1797 0.730328 
1798 0.730328 
1799 0.734827 
1800 0.734827 
1801 0.747805 
1802 0.747805 
1803 0.762368 
1804 0.762368 
1805 0.771914 
1806 0.771914 
1807 0.778027 
1808 0.778027 
1809 0.781052 
1810 0.781052 
1811 0.748072 
1812 0.748072 
1813 0.746724 
1814 0.746724 
1815 0.745392 
1816 0.745392 
1817 0.743605 
1818 0.743605 
1819 0.745360 
1820 0.745360 
1821 0.739419 
1822 0.739419 
1823 0.732287 
1824 0.732287 
1825 0.728290 
1826 0.728290 
1827 0.725955 
1828 0.725955 
1829 0.723164 
1830 0.723164 
1831 0.717600 
1832 0.717600 
1833 0.719387 
1834 0.719387 
1835 0.665277 
1836 0.665277 
1837 0.660700 
1838 0.660700 
1839 0.645479 
1840 0.645479 
1841 0.630400 
1842 0.630400 
1843 0.615540 
1844 0.615540 
1845 0.599128 
1846 0.599128 
1847 0.582513 
1848 0.582513 
1849 0.564471 
1850 0.564471 
1851 0.556728 
1852 0.556728 
1853 0.547479 
1854 0.547479 
1855 0.560161 
1856 0.560161 
1857 0.575632 
1858 0.575632 
1859 0.597937 
1860 0.597937 
1861 0.605195 
1862 0.605195 
1863 0.626936 
1864 0.626936 
1865 0.621920 
1866 0.621920 
1867 0.634883 
1868 0.634883 
1869 0.666249 
1870 0.666249 
1871 0.679682 
1872 0.679682 
1873 0.691156 
1874 0.691156 
1875 0.725422 
1876 0.725422 
1877 0.733651 
1878 0.733651 
1879 0.739827 
1880 0.739827 
1881 0.761756 
1882 0.761756 
1883 0.688100 
1884 0.688100 
1885 0.635573 
1886 0.635573 
1887 0.631231 
1888 0.631231 
1889 0.639335 
1890 0.639335 
1891 0.633472 
1892 0.633472 
1893 0.654163 
1894 0.654163 
1895 0.661938 
1896 0.661938 
1897 0.639962 
1898 0.639962 
1899 0.653176 
1900 0.653176 
1901 0.673428 
1902 0.673428 
1903 0.693382 
1904 0.693382 
1905 0.742884 
1906 0.742884 
1907 0.766286 
1908 0.766286 
1909 0.788890 
1910 0.788890 
1911 0.824660 
1912 0.824660 
1913 0.843000 
1914 0.843000 
1915 0.853392 
1916 0.853392 
1917 0.865571 
1918 0.865571 
1919 0.868095 
1920 0.868095 
1921 0.871732 
1922 0.871732 
1923 0.869145 
1924 0.869145 
1925 0.749639 
1926 0.749639 
1927 0.684698 
1928 0.684698 
1929 0.626575 
1930 0.626575 
1931 0.592075 
1932 0.592075 
1933 0.476425 
1934 0.476425 
1935 0.425779 
1936 0.425779 
1937 0.408223 
1938 0.408223 
1939 0.384146 
1940 0.384146 
1941 0.352671 
1942 0.352671 
1943 0.347733 
1944 0.347733 
1945 0.340319 
1946 0.340319 
1947 0.320130 
1948 0.320130 
1949 0.302997 
1950 0.302997 
1951 0.281068 
1952 0.281068 
1953 0.254828 
1954 0.254828 
1955 0.229717 
1956 0.229717 
1957 0.203304 
1958 0.203304 
1959 0.186250 
1960 0.186250 
1961 0.137720 
1962 0.137720 
1963 0.128691 
1964 0.128691 
1965 0.121277 
1966 0.121277 
1967 0.113941 
1968 0.113941 
1969 0.107750 
1970 0.107750 
1971 0.096401 
1972 0.096401 
1973 0.094379 
1974 0.094379 
1975 0.094003 
1976 0.094003 
1977 0.092059 
1978 0.092059 
1979 0.091918 
1980 0.091918 
1981 0.088172 
1982 0.088172 
1983 0.081212 
1984 0.081212 
1985 0.072183 
1986 0.072183 
1987 0.068688 
1988 0.068688 
1989 0.067434 
1990 0.067434 
1991 0.066430 
1992 0.066430 
1993 0.066963 
1994 0.066963 
1995 0.066744 
1996 0.066744 
1997 0.069957 
1998 0.069957 
1999 0.077779 
2000 0.077779 
2001 0.105884 
2002 0.105884 
2003 0.144523 
2004 0.144523 
2005 0.183413 
2006 0.183413 
2007 0.243181 
2008 0.243181 
2009 0.297652 
2010 0.297652 
2011 0.401436 
2012 0.401436 
2013 0.431469 
2014 0.431469 
2015 0.515330 
2016 0.515330 
2017 0.590194 
2018 0.590194 
2019 0.707834 
2020 0.707834 
2021 0.761647 
2022 0.761647 
2023 0.805536 
2024 0.805536 
2025 0.846824 
2026 0.846824 
2027 0.868095 
2028 0.868095 
2029 0.887971 
2030 0.887971 
2031 0.902784 
2032 0.902784 
2033 0.915528 
2034 0.915528 
2035 0.951721 
2036 0.951721 
2037 0.946109 
2038 0.946109 
2039 0.923976 
2040 0.923976 
2041 0.818484 
2042 0.818484 
2043 0.631748 
2044 0.631748 
2045 0.547009 
2046 0.547009 
2047 0.501693 
2048 0.501693 
2049 0.445106 
2050 0.445106 
2051 0.411750 
2052 0.411750 
2053 0.378629 
2054 0.378629 
2055 0.333187 
2056 0.333187 
2057 0.307433 
2058 0.307433 
2059 0.279391 
2060 0.279391 
2061 0.226958 
2062 0.226958 
2063 0.201596 
2064 0.201596 
2065 0.181516 
2066 0.181516 
2067 0.153521 
2068 0.153521 
2069 0.138002 
2070 0.138002 
2071 0.113957 
2072 0.113957 
2073 0.100382 
2074 0.100382 
2075 0.090335 
2076 0.090335 
2077 0.083767 
2078 0.083767 
2079 0.081134 
2080 0.081134 
2081 0.077231 
2082 0.077231 
2083 0.075726 
2084 0.075726 
2085 0.074879 
2086 0.074879 
2087 0.072904 
2088 0.072904 
2089 0.071494 
2090 0.071494 
2091 0.071650 
2092 0.071650 
2093 0.071196 
2094 0.071196 
2095 0.071760 
2096 0.071760 
2097 0.071431 
2098 0.071431 
2099 0.072042 
2100 0.072042 
2101 0.077325 
2102 0.077325 
2103 0.089629 
2104 0.089629 
2105 0.102765 
2106 0.102765 
2107 0.118973 
2108 0.118973 
2109 0.151169 
2110 0.151169 
2111 0.197238 
2112 0.197238 
2113 0.225767 
2114 0.225767 
2115 0.357953 
2116 0.357953 
2117 0.658207 
2118 0.658207 
2119 0.834864 
2120 0.834864 
2121 0.896232 
2122 0.896232 
2123 0.940686 
2124 0.940686 
2125 0.957458 
2126 0.957458 
2127 0.975751 
2128 0.975751 
2129 0.986551 
2130 0.986551 
2131 0.989639 
2132 0.989639 
2133 0.990360 
2134 0.990360 
2135 0.992084 
2136 0.992084 
2137 0.992523 
2138 0.992523 
2139 0.993338 
2140 0.993338 
2141 0.993746 
2142 0.993746 
2143 0.994279 
2144 0.994279 
2145 0.994357 
2146 0.994357 
2147 0.994529 
2148 0.994529 
2149 0.994279 
2150 0.994279 
2151 0.994655 
2152 0.994655 
2153 0.993965 
2154 0.993965 
2155 0.993793 
2156 0.993793 
2157 0.989404 
2158 0.989404 
2159 0.985563 
2160 0.985563 
2161 0.952144 
2162 0.952144 
2163 0.947379 
2164 0.947379 
2165 0.945091 
2166 0.945091 
2167 0.945263 
2168 0.945263 
2169 0.949746 
2170 0.949746 
2171 0.951627 
2172 0.951627 
2173 0.951549 
2174 0.951549 
2175 0.890887 
2176 0.890887 
2177 0.773246 
2178 0.773246 
2179 0.531899 
2180 0.531899 
2181 0.327638 
2182 0.327638 
2183 0.271208 
2184 0.271208 
2185 0.141843 
2186 0.141843 
2187 0.121794 
2188 0.121794 
2189 0.114082 
2190 0.114082 
2191 0.104082 
2192 0.104082 
2193 0.097577 
2194 0.097577 
2195 0.090836 
2196 0.090836 
2197 0.087404 
2198 0.087404 
2199 0.080914 
2200 0.080914 
2201 0.078516 
2202 0.078516 
2203 0.077685 
2204 0.077685 
2205 0.079174 
2206 0.079174 
2207 0.080632 
2208 0.080632 
2209 0.080099 
2210 0.080099 
2211 0.098235 
2212 0.098235 
2213 0.097624 
2214 0.097624 
2215 0.096668 
2216 0.096668 
2217 0.095711 
2218 0.095711 
2219 0.095053 
2220 0.095053 
2221 0.094442 
2222 0.094442 
2223 0.093125 
2224 0.093125 
2225 0.093376 
2226 0.093376 
2227 0.094395 
2228 0.094395 
2229 0.095414 
2230 0.095414 
2231 0.096385 
2232 0.096385 
2233 0.096119 
2234 0.096119 
2235 0.093987 
2236 0.093987 
2237 0.092184 
2238 0.092184 
2239 0.092231 
2240 0.092231 
2241 0.091714 
2242 0.091714 
2243 0.092796 
2244 0.092796 
2245 0.093235 
2246 0.093235 
2247 0.093438 
2248 0.093438 
2249 0.093940 
2250 0.093940 
2251 0.095335 
2252 0.095335 
2253 0.096981 
2254 0.096981 
2255 0.096668 
2256 0.096668 
2257 0.096903 
2258 0.096903 
2259 0.097937 
2260 0.097937 
2261 0.096276 
2262 0.096276 
2263 0.095790 
2264 0.095790 
2265 0.098376 
2266 0.098376 
2267 0.107750 
2268 0.107750 
2269 0.124349 
2270 0.124349 
2271 0.151342 
2272 0.151342 
2273 0.176610 
2274 0.176610 
2275 0.198900 
2276 0.198900 
2277 0.232554 
2278 0.232554 
2279 0.245141 
2280 0.245141 
2281 0.252132 
2282 0.252132 
2283 0.259593 
2284 0.259593 
2285 0.317732 
2286 0.317732 
2287 0.319424 
2288 0.319424 
2289 0.319174 
2290 0.319174 
2291 0.319550 
2292 0.319550 
2293 0.315835 
2294 0.315835 
2295 0.300787 
2296 0.300787 
2297 0.297589 
2298 0.297589 
2299 0.300066 
2300 0.300066 
2301 0.294611 
2302 0.294611 
2303 0.276522 
2304 0.276522 
2305 0.266882 
2306 0.266882 
2307 0.248307 
2308 0.248307 
2309 0.240172 
2310 0.240172 
2311 0.243589 
2312 0.243589 
2313 0.243824 
2314 0.243824 
2315 0.238087 
2316 0.238087 
2317 0.225767 
2318 0.225767 
2319 0.210107 
2320 0.210107 
2321 0.193805 
2322 0.193805 
2323 0.182519 
2324 0.182519 
2325 0.169525 
2326 0.169525 
2327 0.164336 
2328 0.164336 
2329 0.153646 
2330 0.153646 
2331 0.145040 
2332 0.145040 
2333 0.144398 
2334 0.144398 
2335 0.164634 
2336 0.164634 
2337 0.152470 
2338 0.152470 
2339 0.145542 
2340 0.145542 
2341 0.137799 
2342 0.137799 
2343 0.132062 
2344 0.132062 
2345 0.130322 
2346 0.130322 
2347 0.125306 
2348 0.125306 
2349 0.135040 
2350 0.135040 
2351 0.152517 
2352 0.152517 
2353 0.159806 
2354 0.159806 
2355 0.161938 
2356 0.161938 
2357 0.160668 
2358 0.160668 
2359 0.152533 
2360 0.152533 
2361 0.141858 
2362 0.141858 
2363 0.138520 
2364 0.138520 
2365 0.136153 
2366 0.136153 
2367 0.131388 
2368 0.131388 
2369 0.127500 
2370 0.127500 
2371 0.127328 
2372 0.127328 
2373 0.117609 
2374 0.117609 
2375 0.112828 
2376 0.112828 
2377 0.107311 
2378 0.107311 
2379 0.099270 
2380 0.099270 
2381 0.096088 
2382 0.096088 
2383 0.112875 
2384 0.112875 
2385 0.217302 
2386 0.217302 
2387 0.251850 
2388 0.251850 
2389 0.291194 
2390 0.291194 
2391 0.312198 
2392 0.312198 
2393 0.333124 
2394 0.333124 
2395 0.416625 
2396 0.416625 
2397 0.512117 
2398 0.512117 
2399 0.570114 
2400 0.570114 
2401 0.623628 
2402 0.623628 
2403 0.674807 
2404 0.674807 
2405 0.689385 
2406 0.689385 
2407 0.689526 
2408 0.689526 
2409 0.605289 
2410 0.605289 
2411 0.454903 
2412 0.454903 
2413 0.304157 
2414 0.304157 
2415 0.169540 
2416 0.169540 
2417 0.121497 
2418 0.121497 
2419 0.079080 
2420 0.079080 
2421 0.066619 
2422 0.066619 
2423 0.066305 
2424 0.066305 
2425 0.071258 
2426 0.071258 
2427 0.073249 
2428 0.073249 
2429 0.075428 
2430 0.075428 
2431 0.076400 
2432 0.076400 
2433 0.115180 
2434 0.115180 
2435 0.214073 
2436 0.214073 
2437 0.233290 
2438 0.233290 
2439 0.244686 
2440 0.244686 
2441 0.244592 
2442 0.244592 
2443 0.244482 
2444 0.244482 
2445 0.237554 
2446 0.237554 
2447 0.232475 
2448 0.232475 
2449 0.226660 
2450 0.226660 
2451 0.216330 
2452 0.216330 
2453 0.206549 
2454 0.206549 
2455 0.190749 
2456 0.190749 
2457 0.167706 
2458 0.167706 
2459 0.151279 
2460 0.151279 
2461 0.139021 
2462 0.139021 
2463 0.127406 
2464 0.127406 
2465 0.121700 
2466 0.121700 
2467 0.111512 
2468 0.111512 
2469 0.105524 
2470 0.105524 
2471 0.108502 
2472 0.108502 
2473 0.110226 
2474 0.110226 
2475 0.118127 
2476 0.118127 
2477 0.139868 
2478 0.139868 
2479 0.153458 
2480 0.153458 
2481 0.158396 
2482 0.158396 
2483 0.159399 
2484 0.159399 
2485 0.162894 
2486 0.162894 
2487 0.153912 
2488 0.153912 
2489 0.145997 
2490 0.145997 
2491 0.144868 
2492 0.144868 
2493 0.138488 
2494 0.138488 
2495 0.134570 
2496 0.134570 
2497 0.134601 
2498 0.134601 
2499 0.131168 
2500 0.131168 
2501 0.124318 
2502 0.124318 
2503 0.120744 
2504 0.120744 
2505 0.117405 
2506 0.117405 
2507 0.127751 
2508 0.127751 
2509 0.153677 
2510 0.153677 
2511 0.197646 
2512 0.197646 
2513 0.227397 
2514 0.227397 
2515 0.247727 
2516 0.247727 
2517 0.261270 
2518 0.261270 
2519 0.277008 
2520 0.277008 
2521 0.276600 
2522 0.276600 
2523 0.294000 
2524 0.294000 
2525 0.304141 
2526 0.304141 
2527 0.306289 
2528 0.306289 
2529 0.305803 
2530 0.305803 
2531 0.304455 
2532 0.304455 
2533 0.305960 
2534 0.305960 
2535 0.285880 
2536 0.285880 
2537 0.283215 
2538 0.283215 
2539 0.279516 
2540 0.279516 
2541 0.205703 
2542 0.205703 
2543 0.184573 
2544 0.184573 
2545 0.155213 
2546 0.155213 
2547 0.137407 
2548 0.137407 
2549 0.125400 
2550 0.125400 
2551 0.121058 
2552 0.121058 
2553 0.113016 
2554 0.113016 
2555 0.112484 
2556 0.112484 
2557 0.112123 
2558 0.112123 
2559 0.115634 
2560 0.115634 
2561 0.151546 
2562 0.151546 
2563 0.152204 
2564 0.152204 
2565 0.152862 
2566 0.152862 
2567 0.153630 
2568 0.153630 
2569 0.154289 
2570 0.154289 
2571 0.154790 
2572 0.154790 
2573 0.155997 
2574 0.155997 
2575 0.157533 
2576 0.157533 
2577 0.159367 
2578 0.159367 
2579 0.160386 
2580 0.160386 
2581 0.161311 
2582 0.161311 
2583 0.162126 
2584 0.162126 
2585 0.166797 
2586 0.166797 
2587 0.165716 
2588 0.165716 
2589 0.165622 
2590 0.165622 
2591 0.165763 
2592 0.165763 
2593 0.166672 
2594 0.166672 
2595 0.168318 
2596 0.168318 
2597 0.168318 
2598 0.168318 
2599 0.170497 
2600 0.170497 
2601 0.172111 
2602 0.172111 
2603 0.175591 
2604 0.175591 
2605 0.177111 
2606 0.177111 
2607 0.178491 
2608 0.178491 
2609 0.181156 
2610 0.181156 
2611 0.201455 
2612 0.201455 
2613 0.200875 
2614 0.200875 
2615 0.202897 
2616 0.202897 
2617 0.204934 
2618 0.204934 
2619 0.206251 
2620 0.206251 
2621 0.208477 
2622 0.208477 
2623 0.211581 
2624 0.211581 
2625 0.231833 
2626 0.231833 
2627 0.255909 
2628 0.255909 
2629 0.283168 
2630 0.283168 
2631 0.305552 
2632 0.305552 
2633 0.313593 
2634 0.313593 
2635 0.297871 
2636 0.297871 
2637 0.313781 
2638 0.313781 
2639 0.333783 
2640 0.333783 
2641 0.359599 
2642 0.359599 
2643 0.412330 
2644 0.412330 
2645 0.451486 
2646 0.451486 
2647 0.473807 
2648 0.473807 
2649 0.535692 
2650 0.535692 
2651 0.600288 
2652 0.600288 
2653 0.652141 
2654 0.652141 
2655 0.710687 
2656 0.710687 
2657 0.730892 
2658 0.730892 
2659 0.751270 
2660 0.751270 
2661 0.764437 
2662 0.764437 
2663 0.764390 
2664 0.764390 
2665 0.753778 
2666 0.753778 
2667 0.737068 
2668 0.737068 
2669 0.721503 
2670 0.721503 
2671 0.704072 
2672 0.704072 
2673 0.676343 
2674 0.676343 
2675 0.664728 
2676 0.664728 
2677 0.641561 
2678 0.641561 
2679 0.605916 
2680 0.605916 
2681 0.444134 
2682 0.444134 
2683 0.400542 
2684 0.400542 
2685 0.261678 
2686 0.261678 
2687 0.257649 
2688 0.257649 
2689 0.261317 
2690 0.261317 
2691 0.260737 
2692 0.260737 
2693 0.261035 
2694 0.261035 
2695 0.255235 
2696 0.255235 
2697 0.249530 
2698 0.249530 
2699 0.241630 
2700 0.241630 
2701 0.237977 
2702 0.237977 
2703 0.232930 
2704 0.232930 
2705 0.227663 
2706 0.227663 
2707 0.224638 
2708 0.224638 
2709 0.224105 
2710 0.224105 
2711 0.220939 
2712 0.220939 
2713 0.220860 
2714 0.220860 
2715 0.216095 
2716 0.216095 
2717 0.211424 
2718 0.211424 
2719 0.194103 
2720 0.194103 
2721 0.179745 
2722 0.179745 
2723 0.177017 
2724 0.177017 
2725 0.175105 
2726 0.175105 
2727 0.184651 
2728 0.184651 
2729 0.197646 
2730 0.197646 
2731 0.214841 
2732 0.214841 
2733 0.238040 
2734 0.238040 
2735 0.253496 
2736 0.253496 
2737 0.267493 
2738 0.267493 
2739 0.275284 
2740 0.275284 
2741 0.275456 
2742 0.275456 
2743 0.278074 
2744 0.278074 
2745 0.281177 
2746 0.281177 
2747 0.287933 
2748 0.287933 
2749 0.294595 
2750 0.294595 
2751 0.299439 
2752 0.299439 
2753 0.302401 
2754 0.302401 
2755 0.307355 
2756 0.307355 
2757 0.309361 
2758 0.309361 
2759 0.310349 
2760 0.310349 
2761 0.349850 
2762 0.349850 
2763 0.347796 
2764 0.347796 
2765 0.350320 
2766 0.350320 
2767 0.348470 
2768 0.348470 
2769 0.347028 
2770 0.347028 
2771 0.347310 
2772 0.347310 
2773 0.346511 
2774 0.346511 
2775 0.342764 
2776 0.342764 
2777 0.345852 
2778 0.345852 
2779 0.352420 
2780 0.352420 
2781 0.357906 
2782 0.357906 
2783 0.358048 
2784 0.358048 
2785 0.399351 
2786 0.399351 
2787 0.400166 
2788 0.400166 
2789 0.398317 
2790 0.398317 
2791 0.399288 
2792 0.399288 
2793 0.401577 
2794 0.401577 
2795 0.402784 
2796 0.402784 
2797 0.404884 
2798 0.404884 
2799 0.403991 
2800 0.403991 
2801 0.409101 
2802 0.409101 
2803 0.412628 
2804 0.412628 
2805 0.415387 
2806 0.415387 
2807 0.416688 
2808 0.416688 
2809 0.419227 
2810 0.419227 
2811 0.439808 
2812 0.439808 
2813 0.439479 
2814 0.439479 
2815 0.441579 
2816 0.441579 
2817 0.444291 
2818 0.444291 
2819 0.444511 
2820 0.444511 
2821 0.444542 
2822 0.444542 
2823 0.447990 
2824 0.447990 
2825 0.449589 
2826 0.449589 
2827 0.451909 
2828 0.451909 
2829 0.454637 
2830 0.454637 
2831 0.455938 
2832 0.455938 
2833 0.456957 
2834 0.456957 
2835 0.437394 
2836 0.437394 
2837 0.435153 
2838 0.435153 
2839 0.436736 
2840 0.436736 
2841 0.439103 
2842 0.439103 
2843 0.440357 
2844 0.440357 
2845 0.440231 
2846 0.440231 
2847 0.441862 
2848 0.441862 
2849 0.441940 
2850 0.441940 
2851 0.443680 
2852 0.443680 
2853 0.450890 
2854 0.450890 
2855 0.457051 
2856 0.457051 
2857 0.462521 
2858 0.462521 
2859 0.462145 
2860 0.462145 
2861 0.484717 
2862 0.484717 
2863 0.480469 
2864 0.480469 
2865 0.478165 
2866 0.478165 
2867 0.479607 
2868 0.479607 
2869 0.482225 
2870 0.482225 
2871 0.482193 
2872 0.482193 
2873 0.482115 
2874 0.482115 
2875 0.481331 
2876 0.481331 
2877 0.478619 
2878 0.478619 
2879 0.483087 
2880 0.483087 
2881 0.487397 
2882 0.487397 
2883 0.484482 
2884 0.484482 
2885 0.488150 
2886 0.488150 
2887 0.485454 
2888 0.485454 
2889 0.478447 
2890 0.478447 
2891 0.477475 
2892 0.477475 
2893 0.475422 
2894 0.475422 
2895 0.471362 
2896 0.471362 
2897 0.469873 
2898 0.469873 
2899 0.469747 
2900 0.469747 
2901 0.464449 
2902 0.464449 
2903 0.462756 
2904 0.462756 
2905 0.464324 
2906 0.464324 
2907 0.464198 
2908 0.464198 
2909 0.464292 
2910 0.464292 
2911 0.468133 
2912 0.468133 
2913 0.468728 
2914 0.468728 
2915 0.468932 
2916 0.468932 
2917 0.470719 
2918 0.470719 
2919 0.471926 
2920 0.471926 
2921 0.477115 
2922 0.477115 
2923 0.479419 
2924 0.479419 
2925 0.483118 
2926 0.483118 
2927 0.485156 
2928 0.485156 
2929 0.491786 
2930 0.491786 
2931 0.494310 
2932 0.494310 
2933 0.495689 
2934 0.495689 
2935 0.521020 
2936 0.521020 
2937 0.519594 
2938 0.519594 
2939 0.520472 
2940 0.520472 
2941 0.519907 
2942 0.519907 
2943 0.517211 
2944 0.517211 
2945 0.517384 
2946 0.517384 
2947 0.519766 
2948 0.519766 
2949 0.523951 
2950 0.523951 
2951 0.529108 
2952 0.529108 
2953 0.533247 
2954 0.533247 
2955 0.520299 
2956 0.520299 
2957 0.432315 
2958 0.432315 
2959 0.401060 
2960 0.401060 
2961 0.447724 
2962 0.447724 
2963 0.527337 
2964 0.527337 
2965 0.594724 
2966 0.594724 
2967 0.789517 
2968 0.789517 
2969 0.849426 
2970 0.849426 
2971 0.892768 
2972 0.892768 
2973 0.935090 
2974 0.935090 
2975 0.955812 
2976 0.955812 
2977 0.962004 
2978 0.962004 
2979 0.965108 
2980 0.965108 
2981 0.968258 
2982 0.968258 
2983 0.974607 
2984 0.974607 
2985 0.989169 
2986 0.989169 
2987 0.989059 
2988 0.989059 
2989 0.989169 
2990 0.989169 
2991 0.989012 
2992 0.989012 
2993 0.989608 
2994 0.989608 
2995 0.989169 
2996 0.989169 
2997 0.989106 
2998 0.989106 
2999 0.990031 
3000 0.990031 
3001 0.989937 
3002 0.989937 
3003 0.990752 
3004 0.990752 
3005 0.989513 
3006 0.989513 
3007 0.989796 
3008 0.989796 
3009 0.990219 
3010 0.990219 
3011 0.989576 
3012 0.989576 
3013 0.990438 
3014 0.990438 
3015 0.988965 
3016 0.988965 
3017 0.988542 
3018 0.988542 
3019 0.988056 
3020 0.988056 
3021 0.987382 
3022 0.987382 
3023 0.986927 
3024 0.986927 
3025 0.986770 
3026 0.986770 
3027 0.986567 
3028 0.986567 
3029 0.986614 
3030 0.986614 
3031 0.985407 
3032 0.985407 
3033 0.985328 
3034 0.985328 
3035 0.983259 
3036 0.983259 
3037 0.984153 
3038 0.984153 
3039 0.984952 
3040 0.984952 
3041 0.984482 
3042 0.984482 
3043 0.984200 
3044 0.984200 
3045 0.984137 
3046 0.984137 
3047 0.984591 
3048 0.984591 
3049 0.984639 
3050 0.984639 
3051 0.984607 
3052 0.984607 
3053 0.984450 
3054 0.984450 
3055 0.984027 
3056 0.984027 
3057 0.984137 
3058 0.984137 
3059 0.982679 
3060 0.982679 
3061 0.981519 
3062 0.981519 
3063 0.980516 
3064 0.980516 
3065 0.979137 
3066 0.979137 
3067 0.979340 
3068 0.979340 
3069 0.979560 
3070 0.979560 
3071 0.979340 
3072 0.979340 
3073 0.979497 
3074 0.979497 
3075 0.979246 
3076 0.979246 
3077 0.978902 
3078 0.978902 
3079 0.979372 
3080 0.979372 
3081 0.978165 
3082 0.978165 
3083 0.978478 
3084 0.978478 
3085 0.977616 
3086 0.977616 
3087 0.975641 
3088 0.975641 
3089 0.976221 
3090 0.976221 
3091 0.975939 
3092 0.975939 
3093 0.975814 
3094 0.975814 
3095 0.976644 
3096 0.976644 
3097 0.975328 
3098 0.975328 
3099 0.975328 
3100 0.975328 
3101 0.975390 
3102 0.975390 
3103 0.976441 
3104 0.976441 
3105 0.977710 
3106 0.977710 
3107 0.978149 
3108 0.978149 
3109 0.978196 
3110 0.978196 
3111 0.976488 
3112 0.976488 
3113 0.976190 
3114 0.976190 
3115 0.975782 
3116 0.975782 
3117 0.975092 
3118 0.975092 
3119 0.975139 
3120 0.975139 
3121 0.975641 
3122 0.975641 
3123 0.975108 
3124 0.975108 
3125 0.974371 
3126 0.974371 
3127 0.973980 
3128 0.973980 
3129 0.972663 
3130 0.972663 
3131 0.972522 
3132 0.972522 
3133 0.972773 
3134 0.972773 
3135 0.972584 
3136 0.972584 
3137 0.971158 
3138 0.971158 
3139 0.969841 
3140 0.969841 
3141 0.967443 
3142 0.967443 
3143 0.965452 
3144 0.965452 
3145 0.963571 
3146 0.963571 
3147 0.962662 
3148 0.962662 
3149 0.961534 
3150 0.961534 
3151 0.961878 
3152 0.961878 
3153 0.962067 
3154 0.962067 
3155 0.961455 
3156 0.961455 
3157 0.960389 
3158 0.960389 
3159 0.959966 
3160 0.959966 
3161 0.961957 
3162 0.961957 
3163 0.961126 
3164 0.961126 
3165 0.960766 
3166 0.960766 
3167 0.960922 
3168 0.960922 
3169 0.960656 
3170 0.960656 
3171 0.959982 
3172 0.959982 
3173 0.959386 
3174 0.959386 
3175 0.958947 
3176 0.958947 
3177 0.959966 
3178 0.959966 
3179 0.959606 
3180 0.959606 
3181 0.959402 
3182 0.959402 
3183 0.959120 
3184 0.959120 
3185 0.960123 
3186 0.960123 
3187 0.959668 
3188 0.959668 
3189 0.958947 
3190 0.958947 
3191 0.958414 
3192 0.958414 
3193 0.958336 
3194 0.958336 
3195 0.958932 
3196 0.958932 
3197 0.958712 
3198 0.958712 
3199 0.958853 
3200 0.958853 
3201 0.959418 
3202 0.959418 
3203 0.958759 
3204 0.958759 
3205 0.958524 
3206 0.958524 
3207 0.958336 
3208 0.958336 
3209 0.958336 
3210 0.958336 
3211 0.959135 
3212 0.959135 
3213 0.959418 
3214 0.959418 
3215 0.959794 
3216 0.959794 
3217 0.960076 
3218 0.960076 
3219 0.959888 
3220 0.959888 
3221 0.959872 
3222 0.959872 
3223 0.959856 
3224 0.959856 
3225 0.959574 
3226 0.959574 
3227 0.959825 
3228 0.959825 
3229 0.959606 
3230 0.959606 
3231 0.959574 
3232 0.959574 
3233 0.959606 
3234 0.959606 
3235 0.958289 
3236 0.958289 
3237 0.958116 
3238 0.958116 
3239 0.958477 
3240 0.958477 
3241 0.958791 
3242 0.958791 
3243 0.959135 
3244 0.959135 
3245 0.959057 
3246 0.959057 
3247 0.958947 
3248 0.958947 
3249 0.958759 
3250 0.958759 
3251 0.959167 
3252 0.959167 
3253 0.959433 
3254 0.959433 
3255 0.959245 
3256 0.959245 
3257 0.959073 
3258 0.959073 
3259 0.959151 
3260 0.959151 
3261 0.958430 
3262 0.958430 
3263 0.958336 
3264 0.958336 
3265 0.958791 
3266 0.958791 
3267 0.958696 
3268 0.958696 
3269 0.958994 
3270 0.958994 
3271 0.958759 
3272 0.958759 
3273 0.958649 
3274 0.958649 
3275 0.958540 
3276 0.958540 
3277 0.958148 
3278 0.958148 
3279 0.958258 
3280 0.958258 
3281 0.958320 
3282 0.958320 
3283 0.958179 
3284 0.958179 
3285 0.957380 
3286 0.957380 
3287 0.957192 
3288 0.957192 
3289 0.957348 
3290 0.957348 
3291 0.957160 
3292 0.957160 
3293 0.957176 
3294 0.957176 
3295 0.957489 
3296 0.957489 
3297 0.957333 
3298 0.957333 
3299 0.957458 
3300 0.957458 
3301 0.957333 
3302 0.957333 
3303 0.957004 
3304 0.957004 
3305 0.957317 
3306 0.957317 
3307 0.957442 
3308 0.957442 
3309 0.957380 
3310 0.957380 
3311 0.957348 
3312 0.957348 
3313 0.957489 
3314 0.957489 
3315 0.957489 
3316 0.957489 
3317 0.957489 
3318 0.957489 
3319 0.957568 
3320 0.957568 
3321 0.958258 
3322 0.958258 
3323 0.958163 
3324 0.958163 
3325 0.957756 
3326 0.957756 
3327 0.957819 
3328 0.957819 
3329 0.957709 
3330 0.957709 
3331 0.957678 
3332 0.957678 
3333 0.957787 
3334 0.957787 
3335 0.957646 
3336 0.957646 
3337 0.957458 
3338 0.957458 
3339 0.957568 
3340 0.957568 
3341 0.957254 
3342 0.957254 
3343 0.957145 
3344 0.957145 
3345 0.957489 
3346 0.957489 
3347 0.957192 
3348 0.957192 
3349 0.956957 
3350 0.956957 
3351 0.957207 
3352 0.957207 
3353 0.956784 
3354 0.956784 
3355 0.956768 
3356 0.956768 
3357 0.956988 
3358 0.956988 
3359 0.956878 
3360 0.956878 
3361 0.957176 
3362 0.957176 
3363 0.957725 
3364 0.957725 
3365 0.957678 
3366 0.957678 
3367 0.957458 
3368 0.957458 
3369 0.957740 
3370 0.957740 
3371 0.957411 
3372 0.957411 
3373 0.957725 
3374 0.957725 
3375 0.957599 
3376 0.957599 
3377 0.957787 
3378 0.957787 
3379 0.957772 
3380 0.957772 
3381 0.957678 
3382 0.957678 
3383 0.957928 
3384 0.957928 
3385 0.957991 
3386 0.957991 
3387 0.957881 
3388 0.957881 
3389 0.957803 
3390 0.957803 
3391 0.957537 
3392 0.957537 
3393 0.957442 
3394 0.957442 
3395 0.957317 
3396 0.957317 
3397 0.957442 
3398 0.957442 
3399 0.957615 
3400 0.957615 
3401 0.957380 
3402 0.957380 
3403 0.957584 
3404 0.957584 
3405 0.957458 
3406 0.957458 
3407 0.957458 
3408 0.957458 
3409 0.957333 
3410 0.957333 
3411 0.957819 
3412 0.957819 
3413 0.957646 
3414 0.957646 
3415 0.957380 
3416 0.957380 
3417 0.957317 
3418 0.957317 
3419 0.957098 
3420 0.957098 
3421 0.956784 
3422 0.956784 
3423 0.956972 
3424 0.956972 
3425 0.956910 
3426 0.956910 
3427 0.957286 
3428 0.957286 
3429 0.957348 
3430 0.957348 
3431 0.957239 
3432 0.957239 
3433 0.957615 
3434 0.957615 
3435 0.959386 
3436 0.959386 
3437 0.959323 
3438 0.959323 
3439 0.959323 
3440 0.959323 
3441 0.959057 
3442 0.959057 
3443 0.958994 
3444 0.958994 
3445 0.958963 
3446 0.958963 
3447 0.958681 
3448 0.958681 
3449 0.958838 
3450 0.958838 
3451 0.958744 
3452 0.958744 
3453 0.958963 
3454 0.958963 
3455 0.958932 
3456 0.958932 
3457 0.958759 
3458 0.958759 
3459 0.958728 
3460 0.958728 
3461 0.959339 
3462 0.959339 
3463 0.959073 
3464 0.959073 
3465 0.958696 
3466 0.958696 
3467 0.958555 
3468 0.958555 
3469 0.958947 
3470 0.958947 
3471 0.959073 
3472 0.959073 
3473 0.958728 
3474 0.958728 
3475 0.958853 
3476 0.958853 
3477 0.959355 
3478 0.959355 
3479 0.959402 
3480 0.959402 
3481 0.959527 
3482 0.959527 
3483 0.959418 
3484 0.959418 
3485 0.959606 
3486 0.959606 
3487 0.959418 
3488 0.959418 
3489 0.958759 
3490 0.958759 
3491 0.958963 
3492 0.958963 
3493 0.959073 
3494 0.959073 
3495 0.959903 
3496 0.959903 
3497 0.959574 
3498 0.959574 
3499 0.959370 
3500 0.959370 
3501 0.959292 
3502 0.959292 
3503 0.959057 
3504 0.959057 
3505 0.959527 
3506 0.959527 
3507 0.959480 
3508 0.959480 
3509 0.959637 
3510 0.959637 
3511 0.961173 
3512 0.961173 
3513 0.961330 
3514 0.961330 
3515 0.961330 
3516 0.961330 
3517 0.960922 
3518 0.960922 
3519 0.960483 
3520 0.960483 
3521 0.960092 
3522 0.960092 
3523 0.960154 
3524 0.960154 
3525 0.959997 
3526 0.959997 
3527 0.960327 
3528 0.960327 
3529 0.960201 
3530 0.960201 
3531 0.960405 
3532 0.960405 
3533 0.960468 
3534 0.960468 
3535 0.959637 
3536 0.959637 
3537 0.959073 
3538 0.959073 
3539 0.959182 
3540 0.959182 
3541 0.958916 
3542 0.958916 
3543 0.959245 
3544 0.959245 
3545 0.959339 
3546 0.959339 
3547 0.958947 
3548 0.958947 
3549 0.958728 
3550 0.958728 
3551 0.958446 
3552 0.958446 
3553 0.958085 
3554 0.958085 
3555 0.958258 
3556 0.958258 
3557 0.958226 
3558 0.958226 
3559 0.958524 
3560 0.958524 
3561 0.958963 
3562 0.958963 
3563 0.958665 
3564 0.958665 
3565 0.958555 
3566 0.958555 
3567 0.958555 
3568 0.958555 
3569 0.958587 
3570 0.958587 
3571 0.958744 
3572 0.958744 
3573 0.958179 
3574 0.958179 
3575 0.958383 
3576 0.958383 
3577 0.958555 
3578 0.958555 
3579 0.958634 
3580 0.958634 
3581 0.958618 
3582 0.958618 
3583 0.958681 
3584 0.958681 
3585 0.958838 
3586 0.958838 
3587 0.958571 
3588 0.958571 
3589 0.958540 
3590 0.958540 
3591 0.958446 
3592 0.958446 
3593 0.958430 
3594 0.958430 
3595 0.958446 
3596 0.958446 
3597 0.958101 
3598 0.958101 
3599 0.957913 
3600 0.957913 
3601 0.958007 
3602 0.958007 
3603 0.958430 
3604 0.958430 
3605 0.958069 
3606 0.958069 
3607 0.958493 
3608 0.958493 
3609 0.958634 
3610 0.958634 
3611 0.958602 
3612 0.958602 
3613 0.958665 
3614 0.958665 
3615 0.958618 
3616 0.958618 
3617 0.958273 
3618 0.958273 
3619 0.958838 
3620 0.958838 
3621 0.958838 
3622 0.958838 
3623 0.958289 
3624 0.958289 
3625 0.958289 
3626 0.958289 
3627 0.958352 
3628 0.958352 
3629 0.957693 
3630 0.957693 
3631 0.957866 
3632 0.957866 
3633 0.958352 
3634 0.958352 
3635 0.958226 
3636 0.958226 
3637 0.958163 
3638 0.958163 
3639 0.958101 
3640 0.958101 
3641 0.957772 
3642 0.957772 
3643 0.958179 
3644 0.958179 
3645 0.960452 
3646 0.960452 
3647 0.960123 
3648 0.960123 
3649 0.960374 
3650 0.960374 
3651 0.960217 
3652 0.960217 
3653 0.960781 
3654 0.960781 
3655 0.960750 
3656 0.960750 
3657 0.960280 
3658 0.960280 
3659 0.960170 
3660 0.960170 
3661 0.960186 
3662 0.960186 
3663 0.959715 
3664 0.959715 
3665 0.959637 
3666 0.959637 
3667 0.959543 
3668 0.959543 
3669 0.960295 
3670 0.960295 
3671 0.959888 
3672 0.959888 
3673 0.960515 
3674 0.960515 
3675 0.960405 
3676 0.960405 
3677 0.959543 
3678 0.959543 
3679 0.959762 
3680 0.959762 
3681 0.959355 
3682 0.959355 
3683 0.958979 
3684 0.958979 
3685 0.959073 
3686 0.959073 
3687 0.958602 
3688 0.958602 
3689 0.958524 
3690 0.958524 
3691 0.958649 
3692 0.958649 
3693 0.958571 
3694 0.958571 
3695 0.958195 
3696 0.958195 
3697 0.958038 
3698 0.958038 
3699 0.958430 
3700 0.958430 
3701 0.957709 
3702 0.957709 
3703 0.958728 
3704 0.958728 
3705 0.958885 
3706 0.958885 
3707 0.959402 
3708 0.959402 
3709 0.959370 
3710 0.959370 
3711 0.959088 
3712 0.959088 
3713 0.959245 
3714 0.959245 
3715 0.959151 
3716 0.959151 
3717 0.958602 
3718 0.958602 
3719 0.959339 
3720 0.959339 
3721 0.959543 
3722 0.959543 
3723 0.959559 
3724 0.959559 
3725 0.958853 
3726 0.958853 
3727 0.959167 
3728 0.959167 
3729 0.959292 
3730 0.959292 
3731 0.959292 
3732 0.959292 
3733 0.958085 
3734 0.958085 
3735 0.958885 
3736 0.958885 
3737 0.958791 
3738 0.958791 
3739 0.958524 
3740 0.958524 
3741 0.957693 
3742 0.957693 
3743 0.957584 
3744 0.957584 
3745 0.957348 
3746 0.957348 
3747 0.957960 
3748 0.957960 
3749 0.958383 
3750 0.958383 
3751 0.958665 
3752 0.958665 
3753 0.958007 
3754 0.958007 
3755 0.958320 
3756 0.958320 
3757 0.958602 
3758 0.958602 
3759 0.958367 
3760 0.958367 
3761 0.958665 
3762 0.958665 
3763 0.958179 
3764 0.958179 
3765 0.958085 
3766 0.958085 
3767 0.957991 
3768 0.957991 
3769 0.959684 
3770 0.959684 
3771 0.959402 
3772 0.959402 
3773 0.958775 
3774 0.958775 
3775 0.959026 
3776 0.959026 
3777 0.958900 
3778 0.958900 
3779 0.958838 
3780 0.958838 
3781 0.958963 
3782 0.958963 
3783 0.958947 
3784 0.958947 
3785 0.958869 
3786 0.958869 
3787 0.958900 
3788 0.958900 
3789 0.958979 
3790 0.958979 
3791 0.958963 
3792 0.958963 
3793 0.958555 
3794 0.958555 
3795 0.958383 
3796 0.958383 
3797 0.958618 
3798 0.958618 
3799 0.957584 
3800 0.957584 
3801 0.957254 
3802 0.957254 
3803 0.957129 
3804 0.957129 
3805 0.957192 
3806 0.957192 
3807 0.956910 
3808 0.956910 
3809 0.956314 
3810 0.956314 
3811 0.957098 
3812 0.957098 
3813 0.957333 
3814 0.957333 
3815 0.957427 
3816 0.957427 
3817 0.957364 
3818 0.957364 
3819 0.961267 
3820 0.961267 
3821 0.961314 
3822 0.961314 
3823 0.961283 
3824 0.961283 
3825 0.960907 
3826 0.960907 
3827 0.961016 
3828 0.961016 
3829 0.960797 
3830 0.960797 
3831 0.960891 
3832 0.960891 
3833 0.960672 
3834 0.960672 
3835 0.960703 
3836 0.960703 
3837 0.960891 
3838 0.960891 
3839 0.961251 
3840 0.961251 
3841 0.961220 
3842 0.961220 
3843 0.961361 
3844 0.961361 
3845 0.961596 
3846 0.961596 
3847 0.961189 
3848 0.961189 
3849 0.961502 
3850 0.961502 
3851 0.961565 
3852 0.961565 
3853 0.961831 
3854 0.961831 
3855 0.961643 
3856 0.961643 
3857 0.961847 
3858 0.961847 
3859 0.961894 
3860 0.961894 
3861 0.961628 
3862 0.961628 
3863 0.962020 
3864 0.962020 
3865 0.961612 
3866 0.961612 
3867 0.961737 
3868 0.961737 
3869 0.962176 
3870 0.962176 
3871 0.962129 
3872 0.962129 
3873 0.962051 
3874 0.962051 
3875 0.962615 
3876 0.962615 
3877 0.962020 
3878 0.962020 
3879 0.962004 
3880 0.962004 
3881 0.962051 
3882 0.962051 
3883 0.962255 
3884 0.962255 
3885 0.962584 
3886 0.962584 
3887 0.962427 
3888 0.962427 
3889 0.962458 
3890 0.962458 
3891 0.962349 
3892 0.962349 
3893 0.962067 
3894 0.962067 
3895 0.961095 
3896 0.961095 
3897 0.961643 
3898 0.961643 
3899 0.961314 
3900 0.961314 
3901 0.961440 
3902 0.961440 
3903 0.961565 
3904 0.961565 
3905 0.962208 
3906 0.962208 
3907 0.962098 
3908 0.962098 
3909 0.961816 
3910 0.961816 
3911 0.961565 
3912 0.961565 
3913 0.961596 
3914 0.961596 
3915 0.961596 
3916 0.961596 
3917 0.961659 
3918 0.961659 
3919 0.965092 
3920 0.965092 
3921 0.964433 
3922 0.964433 
3923 0.964465 
3924 0.964465 
3925 0.964731 
3926 0.964731 
3927 0.964872 
3928 0.964872 
3929 0.964919 
3930 0.964919 
3931 0.964747 
3932 0.964747 
3933 0.964230 
3934 0.964230 
3935 0.963963 
3936 0.963963 
3937 0.964245 
3938 0.964245 
3939 0.964136 
3940 0.964136 
3941 0.964136 
3942 0.964136 
3943 0.964042 
3944 0.964042 
3945 0.962615 
3946 0.962615 
3947 0.962505 
3948 0.962505 
3949 0.962364 
3950 0.962364 
3951 0.962537 
3952 0.962537 
3953 0.962317 
3954 0.962317 
3955 0.962678 
3956 0.962678 
3957 0.962741 
3958 0.962741 
3959 0.962756 
3960 0.962756 
3961 0.962725 
3962 0.962725 
3963 0.962709 
3964 0.962709 
3965 0.962615 
3966 0.962615 
3967 0.962615 
3968 0.962615 
3969 0.963462 
3970 0.963462 
3971 0.962756 
3972 0.962756 
3973 0.962678 
3974 0.962678 
3975 0.962913 
3976 0.962913 
3977 0.962631 
3978 0.962631 
3979 0.962819 
3980 0.962819 
3981 0.962819 
3982 0.962819 
3983 0.962819 
3984 0.962819 
3985 0.962694 
3986 0.962694 
3987 0.962490 
3988 0.962490 
3989 0.962600 
3990 0.962600 
3991 0.962239 
3992 0.962239 
3993 0.962208 
3994 0.962208 
3995 0.963180 
3996 0.963180 
3997 0.963415 
3998 0.963415 
3999 0.963211 
4000 0.963211 
4001 0.963618 
4002 0.963618 
4003 0.963289 
4004 0.963289 
4005 0.963462 
4006 0.963462 
4007 0.963524 
4008 0.963524 
4009 0.963399 
4010 0.963399 
4011 0.963775 
4012 0.963775 
4013 0.963807 
4014 0.963807 
4015 0.963352 
4016 0.963352 
4017 0.963540 
4018 0.963540 
4019 0.963650 
4020 0.963650 
4021 0.963524 
4022 0.963524 
4023 0.963227 
4024 0.963227 
4025 0.962944 
4026 0.962944 
4027 0.963274 
4028 0.963274 
4029 0.963509 
4030 0.963509 
4031 0.963807 
4032 0.963807 
4033 0.963289 
4034 0.963289 
4035 0.963038 
4036 0.963038 
4037 0.963383 
4038 0.963383 
4039 0.963227 
4040 0.963227 
4041 0.963446 
4042 0.963446 
4043 0.963430 
4044 0.963430 
4045 0.961142 
4046 0.961142 
4047 0.961393 
4048 0.961393 
4049 0.961126 
4050 0.961126 
4051 0.961063 
4052 0.961063 
4053 0.961204 
4054 0.961204 
4055 0.961346 
4056 0.961346 
4057 0.961487 
4058 0.961487 
4059 0.961079 
4060 0.961079 
4061 0.961534 
4062 0.961534 
4063 0.961314 
4064 0.961314 
4065 0.961549 
4066 0.961549 
4067 0.962114 
4068 0.962114 
4069 0.961330 
4070 0.961330 
4071 0.961471 
4072 0.961471 
4073 0.961534 
4074 0.961534 
4075 0.961189 
4076 0.961189 
4077 0.961393 
4078 0.961393 
4079 0.961157 
4080 0.961157 
4081 0.961079 
4082 0.961079 
4083 0.961314 
4084 0.961314 
4085 0.961393 
4086 0.961393 
4087 0.961032 
4088 0.961032 
4089 0.961126 
4090 0.961126 
4091 0.961565 
4092 0.961565 
4093 0.961440 
4094 0.961440 
4095 0.964418 
4096 0.964418 
4097 0.964622 
4098 0.964622 
4099 0.964575 
4100 0.964575 
4101 0.964872 
4102 0.964872 
4103 0.964465 
4104 0.964465 
4105 0.964198 
4106 0.964198 
4107 0.964402 
4108 0.964402 
4109 0.963759 
4110 0.963759 
4111 0.964245 
4112 0.964245 
4113 0.964183 
4114 0.964183 
4115 0.964402 
4116 0.964402 
4117 0.963979 
4118 0.963979 
4119 0.965264 
4120 0.965264 
4121 0.965343 
4122 0.965343 
4123 0.965515 
4124 0.965515 
4125 0.965562 
4126 0.965562 
4127 0.965891 
4128 0.965891 
4129 0.965782 
4130 0.965782 
4131 0.965343 
4132 0.965343 
4133 0.965390 
4134 0.965390 
4135 0.965249 
4136 0.965249 
4137 0.965374 
4138 0.965374 
4139 0.965546 
4140 0.965546 
4141 0.965609 
4142 0.965609 
4143 0.965672 
4144 0.965672 
4145 0.967663 
4146 0.967663 
4147 0.967490 
4148 0.967490 
4149 0.966832 
4150 0.966832 
4151 0.966894 
4152 0.966894 
4153 0.967396 
4154 0.967396 
4155 0.967710 
4156 0.967710 
4157 0.967443 
4158 0.967443 
4159 0.967098 
4160 0.967098 
4161 0.966503 
4162 0.966503 
4163 0.965860 
4164 0.965860 
4165 0.966487 
4166 0.966487 
4167 0.966173 
4168 0.966173 
4169 0.964747 
4170 0.964747 
4171 0.964371 
4172 0.964371 
4173 0.964057 
4174 0.964057 
4175 0.963901 
4176 0.963901 
4177 0.963540 
4178 0.963540 
4179 0.963117 
4180 0.963117 
4181 0.963493 
4182 0.963493 
4183 0.963070 
4184 0.963070 
4185 0.963556 
4186 0.963556 
4187 0.964026 
4188 0.964026 
4189 0.965625 
4190 0.965625 
4191 0.966503 
4192 0.966503 
4193 0.967020 
4194 0.967020 
4195 0.970719 
4196 0.970719 
4197 0.970954 
4198 0.970954 
4199 0.970656 
4200 0.970656 
4201 0.971221 
4202 0.971221 
4203 0.972349 
4204 0.972349 
4205 0.971628 
4206 0.971628 
4207 0.972459 
4208 0.972459 
4209 0.973180 
4210 0.973180 
4211 0.973243 
4212 0.973243 
4213 0.974465 
4214 0.974465 
4215 0.974873 
4216 0.974873 
4217 0.973729 
4218 0.973729 
4219 0.974168 
4220 0.974168 
4221 0.975610 
4222 0.975610 
4223 0.976017 
4224 0.976017 
4225 0.976895 
4226 0.976895 
4227 0.974622 
4228 0.974622 
4229 0.975281 
4230 0.975281 
4231 0.974998 
4232 0.974998 
4233 0.975437 
4234 0.975437 
4235 0.977334 
4236 0.977334 
4237 0.977068 
4238 0.977068 
4239 0.978964 
4240 0.978964 
4241 0.977726 
4242 0.977726 
4243 0.974983 
4244 0.974983 
4245 0.973823 
4246 0.973823 
4247 0.973572 
4248 0.973572 
4249 0.974998 
4250 0.974998 
4251 0.974560 
4252 0.974560 
4253 0.974497 
4254 0.974497 
4255 0.975657 
4256 0.975657 
4257 0.977883 
4258 0.977883 
4259 0.978619 
4260 0.978619 
4261 0.978227 
4262 0.978227 
4263 0.979027 
4264 0.979027 
4265 0.980485 
4266 0.980485 
4267 0.981895 
4268 0.981895 
4269 0.981754 
4270 0.981754 
4271 0.982585 
4272 0.982585 
4273 0.980924 
4274 0.980924 
4275 0.982852 
4276 0.982852 
4277 0.985469 
4278 0.985469 
4279 0.984168 
4280 0.984168 
4281 0.984780 
4282 0.984780 
4283 0.983996 
4284 0.983996 
4285 0.985109 
4286 0.985109 
4287 0.986206 
4288 0.986206 
4289 0.985266 
4290 0.985266 
4291 0.984889 
4292 0.984889 
4293 0.983917 
4294 0.983917 
4295 0.987350 
4296 0.987350 
4297 0.986206 
4298 0.986206 
4299 0.986582 
4300 0.986582 
4301 0.988103 
4302 0.988103 
4303 0.986943 
4304 0.986943 
4305 0.989247 
4306 0.989247 
4307 0.989090 
4308 0.989090 
4309 0.987648 
4310 0.987648 
4311 0.989122 
4312 0.989122 
4313 0.988886 
4314 0.988886 
4315 0.987962 
4316 0.987962 
4317 0.987805 
4318 0.987805 
4319 0.987915 
4320 0.987915 
4321 0.988965 
4322 0.988965 
4323 0.988275 
4324 0.988275 
4325 0.988651 
4326 0.988651 
4327 0.989012 
4328 0.989012 
4329 0.987899 
4330 0.987899 
4331 0.987883 
4332 0.987883 
4333 0.986911 
4334 0.986911 
4335 0.987601 
4336 0.987601 
4337 0.987100 
4338 0.987100 
4339 0.987460 
4340 0.987460 
4341 0.987131 
4342 0.987131 
4343 0.987601 
4344 0.987601 
4345 0.985422 
4346 0.985422 
4347 0.986347 
4348 0.986347 
4349 0.985689 
4350 0.985689 
4351 0.986567 
4352 0.986567 
4353 0.986410 
4354 0.986410 
4355 0.985689 
4356 0.985689 
4357 0.986488 
4358 0.986488 
4359 0.987021 
4360 0.987021 
4361 0.987053 
4362 0.987053 
4363 0.987413 
4364 0.987413 
4365 0.985971 
4366 0.985971 
4367 0.986159 
4368 0.986159 
4369 0.985814 
4370 0.985814 
4371 0.985657 
4372 0.985657 
4373 0.985140 
4374 0.985140 
4375 0.985328 
4376 0.985328 
4377 0.985124 
4378 0.985124 
4379 0.984544 
4380 0.984544 
4381 0.981801 
4382 0.981801 
4383 0.977600 
4384 0.977600 
4385 0.974309 
4386 0.974309 
4387 0.971236 
4388 0.971236 
4389 0.969434 
4390 0.969434 
4391 0.968054 
4392 0.968054 
4393 0.959245 
4394 0.959245 
4395 0.942332 
4396 0.942332 
4397 0.933287 
4398 0.933287 
4399 0.918851 
4400 0.918851 
4401 0.900339 
4402 0.900339 
4403 0.892689 
4404 0.892689 
4405 0.881779 
4406 0.881779 
4407 0.883535 
4408 0.883535 
4409 0.858424 
4410 0.858424 
4411 0.816916 
4412 0.816916 
4413 0.834143 
4414 0.834143 
4415 0.858236 
4416 0.858236 
4417 0.938742 
4418 0.938742 
4419 0.976566 
4420 0.976566 
4421 0.984795 
4422 0.984795 
4423 0.985156 
4424 0.985156 
4425 0.985485 
4426 0.985485 
4427 0.985219 
4428 0.985219 
4429 0.984325 
4430 0.984325 
4431 0.982648 
4432 0.982648 
4433 0.984200 
4434 0.984200 
4435 0.982977 
4436 0.982977 
4437 0.982664 
4438 0.982664 
4439 0.981190 
4440 0.981190 
4441 0.981739 
4442 0.981739 
4443 0.979387 
4444 0.979387 
4445 0.978604 
4446 0.978604 
4447 0.977569 
4448 0.977569 
4449 0.975390 
4450 0.975390 
4451 0.973102 
4452 0.973102 
4453 0.968744 
4454 0.968744 
4455 0.967929 
4456 0.967929 
4457 0.965217 
4458 0.965217 
4459 0.963963 
4460 0.963963 
4461 0.962897 
4462 0.962897 
4463 0.957678 
4464 0.957678 
4465 0.955029 
4466 0.955029 
4467 0.955264 
4468 0.955264 
4469 0.951972 
4470 0.951972 
4471 0.960358 
4472 0.960358 
4473 0.962944 
4474 0.962944 
4475 0.964089 
4476 0.964089 
4477 0.967427 
4478 0.967427 
4479 0.966706 
4480 0.966706 
4481 0.969465 
4482 0.969465 
4483 0.961690 
4484 0.961690 
4485 0.959073 
4486 0.959073 
4487 0.937049 
4488 0.937049 
4489 0.927958 
4490 0.927958 
4491 0.924713 
4492 0.924713 
4493 0.932927 
4494 0.932927 
4495 0.924980 
4496 0.924980 
4497 0.931062 
4498 0.931062 
4499 0.935921 
4500 0.935921 
4501 0.946940 
4502 0.946940 
4503 0.960342 
4504 0.960342 
4505 0.965782 
4506 0.965782 
4507 0.976754 
4508 0.976754 
4509 0.979466 
4510 0.979466 
4511 0.979528 
4512 0.979528 
4513 0.981504 
4514 0.981504 
4515 0.981833 
4516 0.981833 
4517 0.982773 
4518 0.982773 
4519 0.982444 
4520 0.982444 
4521 0.981598 
4522 0.981598 
4523 0.982256 
4524 0.982256 
4525 0.983808 
4526 0.983808 
4527 0.984059 
4528 0.984059 
4529 0.983212 
4530 0.983212 
4531 0.984639 
4532 0.984639 
4533 0.983385 
4534 0.983385 
4535 0.983823 
4536 0.983823 
4537 0.983557 
4538 0.983557 
4539 0.982695 
4540 0.982695 
4541 0.983149 
4542 0.983149 
4543 0.983087 
4544 0.983087 
4545 0.984388 
4546 0.984388 
4547 0.982805 
4548 0.982805 
4549 0.983087 
4550 0.983087 
4551 0.981723 
4552 0.981723 
4553 0.979340 
4554 0.979340 
4555 0.979920 
4556 0.979920 
4557 0.980093 
4558 0.980093 
4559 0.981190 
4560 0.981190 
4561 0.979999 
4562 0.979999 
4563 0.979732 
4564 0.979732 
4565 0.980453 
4566 0.980453 
4567 0.981284 
4568 0.981284 
4569 0.981974 
4570 0.981974 
4571 0.981409 
4572 0.981409 
4573 0.980798 
4574 0.980798 
4575 0.982052 
4576 0.982052 
4577 0.981315 
4578 0.981315 
4579 0.982758 
4580 0.982758 
4581 0.983588 
4582 0.983588 
4583 0.982209 
4584 0.982209 
4585 0.982742 
4586 0.982742 
4587 0.981974 
4588 0.981974 
4589 0.980688 
4590 0.980688 
4591 0.979372 
4592 0.979372 
4593 0.980218 
4594 0.980218 
4595 0.979952 
4596 0.979952 
4597 0.979450 
4598 0.979450 
4599 0.978902 
4600 0.978902 
4601 0.976174 
4602 0.976174 
4603 0.974983 
4604 0.974983 
4605 0.973572 
4606 0.973572 
4607 0.974732 
4608 0.974732 
4609 0.975657 
4610 0.975657 
4611 0.977287 
4612 0.977287 
4613 0.975578 
4614 0.975578 
4615 0.978243 
4616 0.978243 
4617 0.980046 
4618 0.980046 
4619 0.978792 
4620 0.978792 
4621 0.980924 
4622 0.980924 
4623 0.978572 
4624 0.978572 
4625 0.977742 
4626 0.977742 
4627 0.978086 
4628 0.978086 
4629 0.979638 
4630 0.979638 
4631 0.981096 
4632 0.981096 
4633 0.980344 
4634 0.980344 
4635 0.981441 
4636 0.981441 
4637 0.982742 
4638 0.982742 
4639 0.982287 
4640 0.982287 
4641 0.980532 
4642 0.980532 
4643 0.980234 
4644 0.980234 
4645 0.979826 
4646 0.979826 
4647 0.982413 
4648 0.982413 
4649 0.981488 
4650 0.981488 
4651 0.981880 
4652 0.981880 
4653 0.981958 
4654 0.981958 
4655 0.981284 
4656 0.981284 
4657 0.981786 
4658 0.981786 
4659 0.985438 
4660 0.985438 
4661 0.985532 
4662 0.985532 
4663 0.986049 
4664 0.986049 
4665 0.986833 
4666 0.986833 
4667 0.987037 
4668 0.987037 
4669 0.986331 
4670 0.986331 
4671 0.987491 
4672 0.987491 
4673 0.987288 
4674 0.987288 
4675 0.984388 
4676 0.984388 
4677 0.982444 
4678 0.982444 
4679 0.978384 
4680 0.978384 
4681 0.979623 
4682 0.979623 
4683 0.979466 
4684 0.979466 
4685 0.978463 
4686 0.978463 
4687 0.971816 
4688 0.971816 
4689 0.964167 
4690 0.964167 
4691 0.963415 
4692 0.963415 
4693 0.956721 
4694 0.956721 
4695 0.953869 
4696 0.953869 
4697 0.956627 
4698 0.956627 
4699 0.961690 
4700 0.961690 
4701 0.962396 
4702 0.962396 
4703 0.964731 
4704 0.964731 
4705 0.966738 
4706 0.966738 
4707 0.966910 
4708 0.966910 
4709 0.968525 
4710 0.968525 
4711 0.978619 
4712 0.978619 
4713 0.983792 
4714 0.983792 
4715 0.984325 
4716 0.984325 
4717 0.986723 
4718 0.986723 
4719 0.988291 
4720 0.988291 
4721 0.988996 
4722 0.988996 
4723 0.988949 
4724 0.988949 
4725 0.988526 
4726 0.988526 
4727 0.986770 
4728 0.986770 
4729 0.985234 
4730 0.985234 
4731 0.982601 
4732 0.982601 
4733 0.982664 
4734 0.982664 
4735 0.982005 
4736 0.982005 
4737 0.982428 
4738 0.982428 
4739 0.984921 
4740 0.984921 
4741 0.986661 
4742 0.986661 
4743 0.986802 
4744 0.986802 
4745 0.985971 
4746 0.985971 
4747 0.983965 
4748 0.983965 
4749 0.958712 
4750 0.958712 
4751 0.946736 
4752 0.946736 
4753 0.842937 
4754 0.842937 
4755 0.734497 
4756 0.734497 
4757 0.642219 
4758 0.642219 
4759 0.405605 
4760 0.405605 
4761 0.331087 
4762 0.331087 
4763 0.290598 
4764 0.290598 
4765 0.250078 
4766 0.250078 
4767 0.226613 
4768 0.226613 
4769 0.174180 
4770 0.174180 
4771 0.158474 
4772 0.158474 
4773 0.137846 
4774 0.137846 
4775 0.126638 
4776 0.126638 
4777 0.108972 
4778 0.108972 
4779 0.098658 
4780 0.098658 
4781 0.085476 
4782 0.085476 
4783 0.069252 
4784 0.069252 
4785 0.063640 
4786 0.063640 
4787 0.062230 
4788 0.062230 
4789 0.060662 
4790 0.060662 
4791 0.059863 
4792 0.059863 
4793 0.059894 
4794 0.059894 
4795 0.055913 
4796 0.055913 
4797 0.054690 
4798 0.054690 
4799 0.054549 
4800 0.054549 
4801 0.053765 
4802 0.053765 
4803 0.052903 
4804 0.052903 
4805 0.052558 
4806 0.052558 
4807 0.052166 
4808 0.052166 
4809 0.051586 
4810 0.051586 
4811 0.053060 
4812 0.053060 
4813 0.054925 
4814 0.054925 
4815 0.057261 
4816 0.057261 
4817 0.060662 
4818 0.060662 
4819 0.080224 
4820 0.080224 
4821 0.079017 
4822 0.079017 
4823 0.080710 
4824 0.080710 
4825 0.080914 
4826 0.080914 
4827 0.081980 
4828 0.081980 
4829 0.081745 
4830 0.081745 
4831 0.081745 
4832 0.081745 
4833 0.084551 
4834 0.084551 
4835 0.084143 
4836 0.084143 
4837 0.085115 
4838 0.085115 
4839 0.087043 
4840 0.087043 
4841 0.087748 
4842 0.087748 
4843 0.088658 
4844 0.088658 
4845 0.090398 
4846 0.090398 
4847 0.091354 
4848 0.091354 
4849 0.092811 
4850 0.092811 
4851 0.095319 
4852 0.095319 
4853 0.096746 
4854 0.096746 
4855 0.097765 
4856 0.097765 
4857 0.098345 
4858 0.098345 
4859 0.090915 
4860 0.090915 
4861 0.092921 
4862 0.092921 
4863 0.093799 
4864 0.093799 
4865 0.093580 
4866 0.093580 
4867 0.095116 
4868 0.095116 
4869 0.095931 
4870 0.095931 
4871 0.097733 
4872 0.097733 
4873 0.099975 
4874 0.099975 
4875 0.100947 
4876 0.100947 
4877 0.100994 
4878 0.100994 
4879 0.102499 
4880 0.102499 
4881 0.103235 
4882 0.103235 
4883 0.092231 
4884 0.092231 
4885 0.092561 
4886 0.092561 
4887 0.094457 
4888 0.094457 
4889 0.094645 
4890 0.094645 
4891 0.094395 
4892 0.094395 
4893 0.095366 
4894 0.095366 
4895 0.097138 
4896 0.097138 
4897 0.099066 
4898 0.099066 
4899 0.099317 
4900 0.099317 
4901 0.101605 
4902 0.101605 
4903 0.101668 
4904 0.101668 
4905 0.101621 
4906 0.101621 
4907 0.102483 
4908 0.102483 
4909 0.083156 
4910 0.083156 
4911 0.082497 
4912 0.082497 
4913 0.082701 
4914 0.082701 
4915 0.086306 
4916 0.086306 
4917 0.127610 
4918 0.127610 
4919 0.163255 
4920 0.163255 
4921 0.189777 
4922 0.189777 
4923 0.197363 
4924 0.197363 
4925 0.208806 
4926 0.208806 
4927 0.230406 
4928 0.230406 
4929 0.263386 
4930 0.263386 
4931 0.281961 
4932 0.281961 
4933 0.313029 
4934 0.313029 
4935 0.379601 
4936 0.379601 
4937 0.404555 
4938 0.404555 
4939 0.517556 
4940 0.517556 
4941 0.594410 
4942 0.594410 
4943 0.641858 
4944 0.641858 
4945 0.687379 
4946 0.687379 
4947 0.716753 
4948 0.716753 
4949 0.724356 
4950 0.724356 
4951 0.728996 
4952 0.728996 
4953 0.726660 
4954 0.726660 
4955 0.663803 
4956 0.663803 
4957 0.564863 
4958 0.564863 
4959 0.237382 
4960 0.237382 
4961 0.163474 
4962 0.163474 
4963 0.122594 
4964 0.122594 
4965 0.089332 
4966 0.089332 
4967 0.109113 
4968 0.109113 
4969 0.145542 
4970 0.145542 
4971 0.209731 
4972 0.209731 
4973 0.256176 
4974 0.256176 
4975 0.286617 
4976 0.286617 
4977 0.319691 
4978 0.319691 
4979 0.326478 
4980 0.326478 
4981 0.326055 
4982 0.326055 
4983 0.326792 
4984 0.326792 
4985 0.320678 
4986 0.320678 
4987 0.312747 
4988 0.312747 
4989 0.299329 
4990 0.299329 
4991 0.280315 
4992 0.280315 
4993 0.267086 
4994 0.267086 
4995 0.241661 
4996 0.241661 
4997 0.225045 
4998 0.225045 
4999 0.212067 
5000 0.212067 
5001 0.183726 
5002 0.183726 
5003 0.158333 
5004 0.158333 
5005 0.138332 
5006 0.138332 
5007 0.112609 
5008 0.112609 
5009 0.121387 
5010 0.121387 
5011 0.112217 
5012 0.112217 
5013 0.100962 
5014 0.100962 
5015 0.095602 
5016 0.095602 
5017 0.090209 
5018 0.090209 
5019 0.092326 
5020 0.092326 
5021 0.112860 
5022 0.112860 
5023 0.125118 
5024 0.125118 
5025 0.128111 
5026 0.128111 
5027 0.130666 
5028 0.130666 
5029 0.128049 
5030 0.128049 
5031 0.119851 
5032 0.119851 
5033 0.111402 
5034 0.111402 
5035 0.108580 
5036 0.108580 
5037 0.106276 
5038 0.106276 
5039 0.105540 
5040 0.105540 
5041 0.104191 
5042 0.104191 
5043 0.097796 
5044 0.097796 
5045 0.093564 
5046 0.093564 
5047 0.089379 
5048 0.089379 
5049 0.095476 
5050 0.095476 
5051 0.111935 
5052 0.111935 
5053 0.128519 
5054 0.128519 
5055 0.154179 
5056 0.154179 
5057 0.179165 
5058 0.179165 
5059 0.228431 
5060 0.228431 
5061 0.264578 
5062 0.264578 
5063 0.312669 
5064 0.312669 
5065 0.352875 
5066 0.352875 
5067 0.420685 
5068 0.420685 
5069 0.475014 
5070 0.475014 
5071 0.522258 
5072 0.522258 
5073 0.569628 
5074 0.569628 
5075 0.600304 
5076 0.600304 
5077 0.625447 
5078 0.625447 
5079 0.651013 
5080 0.651013 
5081 0.675936 
5082 0.675936 
5083 0.723494 
5084 0.723494 
5085 0.682159 
5086 0.682159 
5087 0.595461 
5088 0.595461 
5089 0.429008 
5090 0.429008 
5091 0.336494 
5092 0.336494 
5093 0.319017 
5094 0.319017 
5095 0.303953 
5096 0.303953 
5097 0.288310 
5098 0.288310 
5099 0.281287 
5100 0.281287 
5101 0.280566 
5102 0.280566 
5103 0.278043 
5104 0.278043 
5105 0.278560 
5106 0.278560 
5107 0.288106 
5108 0.288106 
5109 0.371794 
5110 0.371794 
5111 0.360320 
5112 0.360320 
5113 0.345037 
5114 0.345037 
5115 0.331071 
5116 0.331071 
5117 0.320898 
5118 0.320898 
5119 0.315647 
5120 0.315647 
5121 0.314126 
5122 0.314126 
5123 0.314408 
5124 0.314408 
5125 0.319675 
5126 0.319675 
5127 0.326447 
5128 0.326447 
5129 0.326729 
5130 0.326729 
5131 0.327654 
5132 0.327654 
5133 0.411170 
5134 0.411170 
5135 0.410747 
5136 0.410747 
5137 0.410904 
5138 0.410904 
5139 0.411562 
5140 0.411562 
5141 0.410935 
5142 0.410935 
5143 0.410637 
5144 0.410637 
5145 0.409289 
5146 0.409289 
5147 0.409132 
5148 0.409132 
5149 0.408223 
5150 0.408223 
5151 0.408913 
5152 0.408913 
5153 0.407847 
5154 0.407847 
5155 0.407878 
5156 0.407878 
5157 0.407047 
5158 0.407047 
5159 0.390291 
5160 0.390291 
5161 0.388253 
5162 0.388253 
5163 0.389868 
5164 0.389868 
5165 0.389570 
5166 0.389570 
5167 0.388739 
5168 0.388739 
5169 0.390463 
5170 0.390463 
5171 0.390902 
5172 0.390902 
5173 0.393159 
5174 0.393159 
5175 0.395511 
5176 0.395511 
5177 0.397439 
5178 0.397439 
5179 0.398959 
5180 0.398959 
5181 0.399304 
5182 0.399304 
5183 0.334504 
5184 0.334504 
5185 0.333845 
5186 0.333845 
5187 0.338266 
5188 0.338266 
5189 0.340084 
5190 0.340084 
5191 0.342623 
5192 0.342623 
5193 0.344034 
5194 0.344034 
5195 0.312261 
5196 0.312261 
5197 0.311634 
5198 0.311634 
5199 0.314111 
5200 0.314111 
5201 0.320334 
5202 0.320334 
5203 0.324033 
5204 0.324033 
5205 0.327795 
5206 0.327795 
5207 0.326792 
5208 0.326792 
5209 0.328547 
5210 0.328547 
5211 0.331337 
5212 0.331337 
5213 0.333015 
5214 0.333015 
5215 0.333861 
5216 0.333861 
5217 0.334222 
5218 0.334222 
5219 0.000674 
5220 0.000674 
5221 0.029516 
5222 0.029516 
5223 0.072371 
5224 0.072371 
5225 0.098204 
5226 0.098204 
5227 0.119992 
5228 0.119992 
5229 0.135745 
5230 0.135745 
5231 0.161170 
5232 0.161170 
5233 0.183381 
5234 0.183381 
5235 0.199229 
5236 0.199229 
5237 0.212380 
5238 0.212380 
5239 0.224309 
5240 0.224309 
5241 0.233855 
5242 0.233855 
5243 0.245298 
5244 0.245298 
5245 0.333454 
5246 0.333454 
5247 0.335162 
5248 0.335162 
5249 0.339034 
5250 0.339034 
5251 0.345774 
5252 0.345774 
5253 0.352640 
5254 0.352640 
5255 0.357656 
5256 0.357656 
5257 0.376262 
5258 0.376262 
5259 0.396075 
5260 0.396075 
5261 0.420199 
5262 0.420199 
5263 0.452332 
5264 0.452332 
5265 0.462678 
5266 0.462678 
5267 0.438115 
5268 0.438115 
5269 0.207192 
5270 0.207192 
5271 0.216471 
5272 0.216471 
5273 0.216800 
5274 0.216800 
5275 0.221111 
5276 0.221111 
5277 0.222146 
5278 0.222146 
5279 0.221503 
5280 0.221503 
5281 0.219575 
5282 0.219575 
5283 0.214512 
5284 0.214512 
5285 0.213336 
5286 0.213336 
5287 0.210515 
5288 0.210515 
5289 0.235642 
5290 0.235642 
5291 0.275487 
5292 0.275487 
5293 0.331196 
5294 0.331196 
5295 0.388802 
5296 0.388802 
5297 0.458179 
5298 0.458179 
5299 0.526350 
5300 0.526350 
5301 0.566101 
5302 0.566101 
5303 0.647737 
5304 0.647737 
5305 0.709088 
5306 0.709088 
5307 0.742868 
5308 0.742868 
5309 0.774406 
5310 0.774406 
5311 0.806759 
5312 0.806759 
5313 0.823327 
5314 0.823327 
5315 0.836134 
5316 0.836134 
5317 0.854818 
5318 0.854818 
5319 0.919227 
5320 0.919227 
5321 0.919493 
5322 0.919493 
5323 0.923961 
5324 0.923961 
5325 0.926986 
5326 0.926986 
5327 0.930262 
5328 0.930262 
5329 0.931877 
5330 0.931877 
5331 0.935309 
5332 0.935309 
5333 0.937567 
5334 0.937567 
5335 0.939401 
5336 0.939401 
5337 0.940811 
5338 0.940811 
5339 0.942316 
5340 0.942316 
5341 0.942739 
5342 0.942739 
5343 0.941956 
5344 0.941956 
5345 0.891263 
5346 0.891263 
5347 0.902408 
5348 0.902408 
5349 0.905292 
5350 0.905292 
5351 0.908568 
5352 0.908568 
5353 0.916155 
5354 0.916155 
5355 0.918271 
5356 0.918271 
5357 0.920152 
5358 0.920152 
5359 0.924149 
5360 0.924149 
5361 0.926046 
5362 0.926046 
5363 0.885008 
5364 0.885008 
5365 0.861230 
5366 0.861230 
5367 0.755565 
5368 0.755565 
5369 0.626544 
5370 0.626544 
5371 0.630306 
5372 0.630306 
5373 0.623111 
5374 0.623111 
5375 0.618393 
5376 0.618393 
5377 0.605398 
5378 0.605398 
5379 0.586808 
5380 0.586808 
5381 0.568233 
5382 0.568233 
5383 0.546210 
5384 0.546210 
5385 0.536915 
5386 0.536915 
5387 0.539313 
5388 0.539313 
5389 0.547589 
5390 0.547589 
5391 0.549627 
5392 0.549627 
5393 0.557668 
5394 0.557668 
5395 0.575553 
5396 0.575553 
5397 0.586698 
5398 0.586698 
5399 0.590382 
5400 0.590382 
5401 0.588031 
5402 0.588031 
5403 0.584535 
5404 0.584535 
5405 0.579660 
5406 0.579660 
5407 0.573469 
5408 0.573469 
5409 0.569158 
5410 0.569158 
5411 0.561336 
5412 0.561336 
5413 0.557903 
5414 0.557903 
5415 0.555850 
5416 0.555850 
5417 0.560380 
5418 0.560380 
5419 0.566916 
5420 0.566916 
5421 0.577842 
5422 0.577842 
5423 0.589786 
5424 0.589786 
5425 0.606370 
5426 0.606370 
5427 0.612358 
5428 0.612358 
5429 0.614223 
5430 0.614223 
5431 0.620462 
5432 0.620462 
5433 0.626027 
5434 0.626027 
5435 0.640479 
5436 0.640479 
5437 0.653395 
5438 0.653395 
5439 0.660512 
5440 0.660512 
5441 0.665559 
5442 0.665559 
5443 0.673961 
5444 0.673961 
5445 0.686234 
5446 0.686234 
5447 0.690388 
5448 0.690388 
5449 0.695482 
5450 0.695482 
5451 0.698570 
5452 0.698570 
5453 0.703398 
5454 0.703398 
5455 0.705483 
5456 0.705483 
5457 0.706847 
5458 0.706847 
5459 0.706674 
5460 0.706674 
5461 0.708994 
5462 0.708994 
5463 0.722208 
5464 0.722208 
5465 0.739310 
5466 0.739310 
5467 0.747915 
5468 0.747915 
5469 0.819613 
5470 0.819613 
5471 0.820506 
5472 0.820506 
5473 0.818406 
5474 0.818406 
5475 0.818688 
5476 0.818688 
5477 0.818264 
5478 0.818264 
5479 0.818703 
5480 0.818703 
5481 0.817904 
5482 0.817904 
5483 0.819895 
5484 0.819895 
5485 0.825350 
5486 0.825350 
5487 0.826431 
5488 0.826431 
5489 0.827669 
5490 0.827669 
5491 0.831745 
5492 0.831745 
5493 0.838078 
5494 0.838078 
5495 0.901671 
5496 0.901671 
5497 0.920481 
5498 0.920481 
5499 0.962364 
5500 0.962364 
5501 0.974622 
5502 0.974622 
5503 0.977428 
5504 0.977428 
5505 0.977695 
5506 0.977695 
5507 0.978259 
5508 0.978259 
5509 0.979121 
5510 0.979121 
5511 0.981096 
5512 0.981096 
5513 0.981080 
5514 0.981080 
5515 0.980641 
5516 0.980641 
5517 0.981049 
5518 0.981049 
5519 0.982554 
5520 0.982554 
5521 0.981566 
5522 0.981566 
5523 0.981268 
5524 0.981268 
5525 0.981660 
5526 0.981660 
5527 0.981159 
5528 0.981159 
5529 0.981723 
5530 0.981723 
5531 0.981551 
5532 0.981551 
5533 0.981080 
5534 0.981080 
5535 0.980014 
5536 0.980014 
5537 0.979591 
5538 0.979591 
5539 0.980014 
5540 0.980014 
5541 0.979560 
5542 0.979560 
5543 0.979795 
5544 0.979795 
5545 0.979748 
5546 0.979748 
5547 0.979560 
5548 0.979560 
5549 0.978839 
5550 0.978839 
5551 0.978086 
5552 0.978086 
5553 0.977757 
5554 0.977757 
5555 0.977428 
5556 0.977428 
5557 0.976519 
5558 0.976519 
5559 0.976926 
5560 0.976926 
5561 0.976268 
5562 0.976268 
5563 0.976848 
5564 0.976848 
5565 0.975030 
5566 0.975030 
5567 0.974246 
5568 0.974246 
5569 0.974262 
5570 0.974262 
5571 0.974121 
5572 0.974121 
5573 0.974262 
5574 0.974262 
5575 0.973713 
5576 0.973713 
5577 0.972992 
5578 0.972992 
5579 0.972898 
5580 0.972898 
5581 0.971409 
5582 0.971409 
5583 0.971393 
5584 0.971393 
5585 0.972381 
5586 0.972381 
5587 0.971769 
5588 0.971769 
5589 0.971910 
5590 0.971910 
5591 0.972067 
5592 0.972067 
5593 0.972694 
5594 0.972694 
5595 0.973603 
5596 0.973603 
5597 0.972522 
5598 0.972522 
5599 0.972647 
5600 0.972647 
5601 0.972945 
5602 0.972945 
5603 0.972161 
5604 0.972161 
5605 0.972224 
5606 0.972224 
5607 0.971158 
5608 0.971158 
5609 0.971127 
5610 0.971127 
5611 0.970876 
5612 0.970876 
5613 0.970171 
5614 0.970171 
5615 0.969340 
5616 0.969340 
5617 0.969700 
5618 0.969700 
5619 0.967976 
5620 0.967976 
5621 0.967412 
5622 0.967412 
5623 0.968133 
5624 0.968133 
5625 0.967913 
5626 0.967913 
5627 0.967678 
5628 0.967678 
5629 0.968258 
5630 0.968258 
5631 0.968227 
5632 0.968227 
5633 0.968870 
5634 0.968870 
5635 0.970029 
5636 0.970029 
5637 0.970406 
5638 0.970406 
5639 0.970468 
5640 0.970468 
5641 0.970954 
5642 0.970954 
5643 0.971189 
5644 0.971189 
5645 0.971033 
5646 0.971033 
5647 0.970703 
5648 0.970703 
5649 0.970735 
5650 0.970735 
5651 0.970515 
5652 0.970515 
5653 0.970703 
5654 0.970703 
5655 0.970782 
5656 0.970782 
5657 0.971330 
5658 0.971330 
5659 0.971519 
5660 0.971519 
5661 0.971816 
5662 0.971816 
5663 0.972741 
5664 0.972741 
5665 0.972475 
5666 0.972475 
5667 0.972255 
5668 0.972255 
5669 0.972976 
5670 0.972976 
5671 0.973619 
5672 0.973619 
5673 0.973556 
5674 0.973556 
5675 0.973180 
5676 0.973180 
5677 0.973227 
5678 0.973227 
5679 0.972820 
5680 0.972820 
5681 0.973211 
5682 0.973211 
5683 0.972961 
5684 0.972961 
5685 0.972961 
5686 0.972961 
5687 0.972851 
5688 0.972851 
5689 0.972820 
5690 0.972820 
5691 0.972788 
5692 0.972788 
5693 0.973149 
5694 0.973149 
5695 0.973400 
5696 0.973400 
5697 0.973588 
5698 0.973588 
5699 0.974011 
5700 0.974011 
5701 0.973870 
5702 0.973870 
5703 0.973886 
5704 0.973886 
5705 0.973760 
5706 0.973760 
5707 0.974105 
5708 0.974105 
5709 0.974105 
5710 0.974105 
5711 0.974105 
5712 0.974105 
5713 0.973697 
5714 0.973697 
5715 0.973697 
5716 0.973697 
5717 0.973776 
5718 0.973776 
5719 0.974042 
5720 0.974042 
5721 0.974168 
5722 0.974168 
5723 0.974074 
5724 0.974074 
5725 0.974058 
5726 0.974058 
5727 0.974152 
5728 0.974152 
5729 0.974685 
5730 0.974685 
5731 0.973776 
5732 0.973776 
5733 0.974058 
5734 0.974058 
5735 0.974199 
5736 0.974199 
Time taken: 408.809284
