1 0.160992 
2 0.160992 
3 0.173720 
4 0.173720 
5 0.193377 
6 0.193377 
7 0.222449 
8 0.222449 
9 0.242460 
10 0.242460 
11 0.253799 
12 0.253799 
13 0.261134 
14 0.261134 
15 0.260382 
16 0.260382 
17 0.265074 
18 0.265074 
19 0.264541 
20 0.264541 
21 0.263057 
22 0.263057 
23 0.262535 
24 0.262535 
25 0.263465 
26 0.263465 
27 0.266579 
28 0.266579 
29 0.267958 
30 0.267958 
31 0.273350 
32 0.273350 
33 0.276099 
34 0.276099 
35 0.280634 
36 0.280634 
37 0.280310 
38 0.280310 
39 0.279265 
40 0.279265 
41 0.278983 
42 0.278983 
43 0.273162 
44 0.273162 
45 0.275294 
46 0.275294 
47 0.274908 
48 0.274908 
49 0.273079 
50 0.273079 
51 0.269526 
52 0.269526 
53 0.267384 
54 0.267384 
55 0.266150 
56 0.266150 
57 0.263245 
58 0.263245 
59 0.262127 
60 0.262127 
61 0.261647 
62 0.261647 
63 0.258104 
64 0.258104 
65 0.257320 
66 0.257320 
67 0.256442 
68 0.256442 
69 0.266004 
70 0.266004 
71 0.263350 
72 0.263350 
73 0.263517 
74 0.263517 
75 0.263569 
76 0.263569 
77 0.262169 
78 0.262169 
79 0.263956 
80 0.263956 
81 0.267958 
82 0.267958 
83 0.277708 
84 0.277708 
85 0.302715 
86 0.302715 
87 0.324346 
88 0.324346 
89 0.342989 
90 0.342989 
91 0.371382 
92 0.371382 
93 0.390108 
94 0.390108 
95 0.407549 
96 0.407549 
97 0.417832 
98 0.417832 
99 0.424802 
100 0.424802 
101 0.431741 
102 0.431741 
103 0.439411 
104 0.439411 
105 0.439651 
106 0.439651 
107 0.443570 
108 0.443570 
109 0.446057 
110 0.446057 
111 0.448147 
112 0.448147 
113 0.452317 
114 0.452317 
115 0.455023 
116 0.455023 
117 0.458117 
118 0.458117 
119 0.467960 
120 0.467960 
121 0.474335 
122 0.474335 
123 0.475923 
124 0.475923 
125 0.475369 
126 0.475369 
127 0.470113 
128 0.470113 
129 0.463456 
130 0.463456 
131 0.459914 
132 0.459914 
133 0.456601 
134 0.456601 
135 0.458743 
136 0.458743 
137 0.454313 
138 0.454313 
139 0.447311 
140 0.447311 
141 0.442536 
142 0.442536 
143 0.435921 
144 0.435921 
145 0.428773 
146 0.428773 
147 0.425596 
148 0.425596 
149 0.421751 
150 0.421751 
151 0.416881 
152 0.416881 
153 0.413861 
154 0.413861 
155 0.408176 
156 0.408176 
157 0.402784 
158 0.402784 
159 0.398677 
160 0.398677 
161 0.395427 
162 0.395427 
163 0.393891 
164 0.393891 
165 0.390944 
166 0.390944 
167 0.390296 
168 0.390296 
169 0.393786 
170 0.393786 
171 0.391487 
172 0.391487 
173 0.387140 
174 0.387140 
175 0.383671 
176 0.383671 
177 0.381226 
178 0.381226 
179 0.379585 
180 0.379585 
181 0.377923 
182 0.377923 
183 0.374590 
184 0.374590 
185 0.372218 
186 0.372218 
187 0.369229 
188 0.369229 
189 0.367557 
190 0.367557 
191 0.365833 
192 0.365833 
193 0.364338 
194 0.364338 
195 0.362928 
196 0.362928 
197 0.362666 
198 0.362666 
199 0.362092 
200 0.362092 
201 0.361423 
202 0.361423 
203 0.361747 
204 0.361747 
205 0.361339 
206 0.361339 
207 0.360211 
208 0.360211 
209 0.360911 
210 0.360911 
211 0.361057 
212 0.361057 
213 0.360974 
214 0.360974 
215 0.361475 
216 0.361475 
217 0.361789 
218 0.361789 
219 0.378780 
220 0.378780 
221 0.376920 
222 0.376920 
223 0.375530 
224 0.375530 
225 0.374235 
226 0.374235 
227 0.373879 
228 0.373879 
229 0.371068 
230 0.371068 
231 0.368801 
232 0.368801 
233 0.368132 
234 0.368132 
235 0.367975 
236 0.367975 
237 0.367149 
238 0.367149 
239 0.367223 
240 0.367223 
241 0.367756 
242 0.367756 
243 0.367097 
244 0.367097 
245 0.363001 
246 0.363001 
247 0.364547 
248 0.364547 
249 0.364192 
250 0.364192 
251 0.364014 
252 0.364014 
253 0.362646 
254 0.362646 
255 0.361789 
256 0.361789 
257 0.360451 
258 0.360451 
259 0.360106 
260 0.360106 
261 0.360033 
262 0.360033 
263 0.359155 
264 0.359155 
265 0.359124 
266 0.359124 
267 0.359364 
268 0.359364 
269 0.362154 
270 0.362154 
271 0.360953 
272 0.360953 
273 0.358152 
274 0.358152 
275 0.357964 
276 0.357964 
277 0.358267 
278 0.358267 
279 0.360336 
280 0.360336 
281 0.361590 
282 0.361590 
283 0.364537 
284 0.364537 
285 0.367003 
286 0.367003 
287 0.367181 
288 0.367181 
289 0.364610 
290 0.364610 
291 0.362186 
292 0.362186 
293 0.360305 
294 0.360305 
295 0.360054 
296 0.360054 
297 0.357149 
298 0.357149 
299 0.355268 
300 0.355268 
301 0.354087 
302 0.354087 
303 0.354056 
304 0.354056 
305 0.354003 
306 0.354003 
307 0.353669 
308 0.353669 
309 0.354003 
310 0.354003 
311 0.354380 
312 0.354380 
313 0.354045 
314 0.354045 
315 0.354348 
316 0.354348 
317 0.354275 
318 0.354275 
319 0.363126 
320 0.363126 
321 0.361318 
322 0.361318 
323 0.358978 
324 0.358978 
325 0.359615 
326 0.359615 
327 0.359207 
328 0.359207 
329 0.359218 
330 0.359218 
331 0.359751 
332 0.359751 
333 0.359897 
334 0.359897 
335 0.360043 
336 0.360043 
337 0.359511 
338 0.359511 
339 0.360012 
340 0.360012 
341 0.364579 
342 0.364579 
343 0.373388 
344 0.373388 
345 0.387182 
346 0.387182 
347 0.393661 
348 0.393661 
349 0.401195 
350 0.401195 
351 0.404268 
352 0.404268 
353 0.405574 
354 0.405574 
355 0.405135 
356 0.405135 
357 0.404738 
358 0.404738 
359 0.405386 
360 0.405386 
361 0.405052 
362 0.405052 
363 0.402470 
364 0.402470 
365 0.400537 
366 0.400537 
367 0.399001 
368 0.399001 
369 0.399795 
370 0.399795 
371 0.399189 
372 0.399189 
373 0.398855 
374 0.398855 
375 0.396169 
376 0.396169 
377 0.395500 
378 0.395500 
379 0.392480 
380 0.392480 
381 0.390484 
382 0.390484 
383 0.390714 
384 0.390714 
385 0.394591 
386 0.394591 
387 0.398144 
388 0.398144 
389 0.402962 
390 0.402962 
391 0.411792 
392 0.411792 
393 0.416923 
394 0.416923 
395 0.420152 
396 0.420152 
397 0.425168 
398 0.425168 
399 0.423997 
400 0.423997 
401 0.428721 
402 0.428721 
403 0.431020 
404 0.431020 
405 0.434928 
406 0.434928 
407 0.441229 
408 0.441229 
409 0.450039 
410 0.450039 
411 0.459726 
412 0.459726 
413 0.468525 
414 0.468525 
415 0.484106 
416 0.484106 
417 0.496019 
418 0.496019 
419 0.521914 
420 0.521914 
421 0.538174 
422 0.538174 
423 0.551362 
424 0.551362 
425 0.564173 
426 0.564173 
427 0.583359 
428 0.583359 
429 0.597477 
430 0.597477 
431 0.608220 
432 0.608220 
433 0.626434 
434 0.626434 
435 0.636686 
436 0.636686 
437 0.647115 
438 0.647115 
439 0.659017 
440 0.659017 
441 0.664472 
442 0.664472 
443 0.670073 
444 0.670073 
445 0.685466 
446 0.685466 
447 0.689385 
448 0.689385 
449 0.695676 
450 0.695676 
451 0.702656 
452 0.702656 
453 0.707077 
454 0.707077 
455 0.709000 
456 0.709000 
457 0.716534 
458 0.716534 
459 0.721769 
460 0.721769 
461 0.726461 
462 0.726461 
463 0.730526 
464 0.730526 
465 0.734142 
466 0.734142 
467 0.737580 
468 0.737580 
469 0.747361 
470 0.747361 
471 0.747759 
472 0.747759 
473 0.749148 
474 0.749148 
475 0.750684 
476 0.750684 
477 0.750967 
478 0.750967 
479 0.750549 
480 0.750549 
481 0.750298 
482 0.750298 
483 0.750256 
484 0.750256 
485 0.748793 
486 0.748793 
487 0.748500 
488 0.748500 
489 0.747403 
490 0.747403 
491 0.747926 
492 0.747926 
493 0.747717 
494 0.747717 
495 0.742722 
496 0.742722 
497 0.742189 
498 0.742189 
499 0.749117 
500 0.749117 
501 0.753610 
502 0.753610 
503 0.758470 
504 0.758470 
505 0.764113 
506 0.764113 
507 0.767718 
508 0.767718 
509 0.770769 
510 0.770769 
511 0.775054 
512 0.775054 
513 0.780279 
514 0.780279 
515 0.783957 
516 0.783957 
517 0.800750 
518 0.800750 
519 0.836677 
520 0.836677 
521 0.844870 
522 0.844870 
523 0.870378 
524 0.870378 
525 0.883587 
526 0.883587 
527 0.894142 
528 0.894142 
529 0.903390 
530 0.903390 
531 0.912732 
532 0.912732 
533 0.917382 
534 0.917382 
535 0.920528 
536 0.920528 
537 0.922461 
538 0.922461 
539 0.924269 
540 0.924269 
541 0.926056 
542 0.926056 
543 0.926589 
544 0.926589 
545 0.952923 
546 0.952923 
547 0.952944 
548 0.952944 
549 0.952912 
550 0.952912 
551 0.952933 
552 0.952933 
553 0.952912 
554 0.952912 
555 0.953184 
556 0.953184 
557 0.953780 
558 0.953780 
559 0.953101 
560 0.953101 
561 0.953090 
562 0.953090 
563 0.952390 
564 0.952390 
565 0.952714 
566 0.952714 
567 0.952568 
568 0.952568 
569 0.943434 
570 0.943434 
571 0.944417 
572 0.944417 
573 0.944500 
574 0.944500 
575 0.944302 
576 0.944302 
577 0.944887 
578 0.944887 
579 0.945963 
580 0.945963 
581 0.946402 
582 0.946402 
583 0.947196 
584 0.947196 
585 0.946747 
586 0.946747 
587 0.946925 
588 0.946925 
589 0.949694 
590 0.949694 
591 0.949244 
592 0.949244 
593 0.951240 
594 0.951240 
595 0.963352 
596 0.963352 
597 0.965891 
598 0.965891 
599 0.968796 
600 0.968796 
601 0.969288 
602 0.969288 
603 0.970103 
604 0.970103 
605 0.971555 
606 0.971555 
607 0.972381 
608 0.972381 
609 0.973687 
610 0.973687 
611 0.975213 
612 0.975213 
613 0.975369 
614 0.975369 
615 0.975819 
616 0.975819 
617 0.975056 
618 0.975056 
619 0.979278 
620 0.979278 
621 0.979090 
622 0.979090 
623 0.979090 
624 0.979090 
625 0.979288 
626 0.979288 
627 0.979205 
628 0.979205 
629 0.979633 
630 0.979633 
631 0.979654 
632 0.979654 
633 0.979988 
634 0.979988 
635 0.980469 
636 0.980469 
637 0.980594 
638 0.980594 
639 0.981086 
640 0.981086 
641 0.981106 
642 0.981106 
643 0.981002 
644 0.981002 
645 0.979988 
646 0.979988 
647 0.979758 
648 0.979758 
649 0.979967 
650 0.979967 
651 0.980354 
652 0.980354 
653 0.979811 
654 0.979811 
655 0.978954 
656 0.978954 
657 0.978755 
658 0.978755 
659 0.978400 
660 0.978400 
661 0.978045 
662 0.978045 
663 0.978473 
664 0.978473 
665 0.978358 
666 0.978358 
667 0.978003 
668 0.978003 
669 0.979602 
670 0.979602 
671 0.980490 
672 0.980490 
673 0.979602 
674 0.979602 
675 0.979591 
676 0.979591 
677 0.979696 
678 0.979696 
679 0.979623 
680 0.979623 
681 0.979884 
682 0.979884 
683 0.980051 
684 0.980051 
685 0.980145 
686 0.980145 
687 0.980124 
688 0.980124 
689 0.979664 
690 0.979664 
691 0.980061 
692 0.980061 
693 0.979800 
694 0.979800 
695 0.979403 
696 0.979403 
697 0.978954 
698 0.978954 
699 0.979257 
700 0.979257 
701 0.978619 
702 0.978619 
703 0.979048 
704 0.979048 
705 0.978692 
706 0.978692 
707 0.978692 
708 0.978692 
709 0.979173 
710 0.979173 
711 0.979330 
712 0.979330 
713 0.979466 
714 0.979466 
715 0.979675 
716 0.979675 
717 0.979445 
718 0.979445 
719 0.978692 
720 0.978692 
721 0.979215 
722 0.979215 
723 0.979340 
724 0.979340 
725 0.979612 
726 0.979612 
727 0.979225 
728 0.979225 
729 0.979654 
730 0.979654 
731 0.979549 
732 0.979549 
733 0.979142 
734 0.979142 
735 0.979351 
736 0.979351 
737 0.979027 
738 0.979027 
739 0.979058 
740 0.979058 
741 0.979037 
742 0.979037 
743 0.979069 
744 0.979069 
745 0.979037 
746 0.979037 
747 0.979110 
748 0.979110 
749 0.979090 
750 0.979090 
751 0.979372 
752 0.979372 
753 0.979591 
754 0.979591 
755 0.978860 
756 0.978860 
757 0.979006 
758 0.979006 
759 0.979142 
760 0.979142 
761 0.978933 
762 0.978933 
763 0.978452 
764 0.978452 
765 0.978692 
766 0.978692 
767 0.978212 
768 0.978212 
769 0.978672 
770 0.978672 
771 0.978703 
772 0.978703 
773 0.978504 
774 0.978504 
775 0.978724 
776 0.978724 
777 0.978713 
778 0.978713 
779 0.978400 
780 0.978400 
781 0.978024 
782 0.978024 
783 0.977982 
784 0.977982 
785 0.977877 
786 0.977877 
787 0.977522 
788 0.977522 
789 0.977386 
790 0.977386 
791 0.977125 
792 0.977125 
793 0.977031 
794 0.977031 
795 0.977428 
796 0.977428 
797 0.977188 
798 0.977188 
799 0.977000 
800 0.977000 
801 0.976049 
802 0.976049 
803 0.975944 
804 0.975944 
805 0.976216 
806 0.976216 
807 0.975829 
808 0.975829 
809 0.976132 
810 0.976132 
811 0.976090 
812 0.976090 
813 0.976070 
814 0.976070 
815 0.975714 
816 0.975714 
817 0.975693 
818 0.975693 
819 0.975349 
820 0.975349 
821 0.974795 
822 0.974795 
823 0.974711 
824 0.974711 
825 0.974607 
826 0.974607 
827 0.974826 
828 0.974826 
829 0.974554 
830 0.974554 
831 0.974878 
832 0.974878 
833 0.974816 
834 0.974816 
835 0.974941 
836 0.974941 
837 0.974910 
838 0.974910 
839 0.974951 
840 0.974951 
841 0.975369 
842 0.975369 
843 0.975380 
844 0.975380 
845 0.975056 
846 0.975056 
847 0.975495 
848 0.975495 
849 0.975202 
850 0.975202 
851 0.975516 
852 0.975516 
853 0.975652 
854 0.975652 
855 0.975693 
856 0.975693 
857 0.975620 
858 0.975620 
859 0.975777 
860 0.975777 
861 0.975819 
862 0.975819 
863 0.975558 
864 0.975558 
865 0.975558 
866 0.975558 
867 0.975766 
868 0.975766 
869 0.975411 
870 0.975411 
871 0.975516 
872 0.975516 
873 0.975171 
874 0.975171 
875 0.975516 
876 0.975516 
877 0.975286 
878 0.975286 
879 0.975537 
880 0.975537 
881 0.975202 
882 0.975202 
883 0.975380 
884 0.975380 
885 0.975171 
886 0.975171 
887 0.975160 
888 0.975160 
889 0.975004 
890 0.975004 
891 0.974889 
892 0.974889 
893 0.974889 
894 0.974889 
895 0.975035 
896 0.975035 
897 0.974847 
898 0.974847 
899 0.974878 
900 0.974878 
901 0.974690 
902 0.974690 
903 0.974690 
904 0.974690 
905 0.975171 
906 0.975171 
907 0.975202 
908 0.975202 
909 0.974795 
910 0.974795 
911 0.974816 
912 0.974816 
913 0.974889 
914 0.974889 
915 0.974941 
916 0.974941 
917 0.974627 
918 0.974627 
919 0.974857 
920 0.974857 
921 0.974889 
922 0.974889 
923 0.974732 
924 0.974732 
925 0.975077 
926 0.975077 
927 0.974857 
928 0.974857 
929 0.975223 
930 0.975223 
931 0.974983 
932 0.974983 
933 0.975265 
934 0.975265 
935 0.975484 
936 0.975484 
937 0.975547 
938 0.975547 
939 0.975599 
940 0.975599 
941 0.975474 
942 0.975474 
943 0.975746 
944 0.975746 
945 0.975756 
946 0.975756 
947 0.975537 
948 0.975537 
949 0.975589 
950 0.975589 
951 0.975568 
952 0.975568 
953 0.975453 
954 0.975453 
955 0.975693 
956 0.975693 
957 0.975641 
958 0.975641 
959 0.975766 
960 0.975766 
961 0.975453 
962 0.975453 
963 0.975338 
964 0.975338 
965 0.975119 
966 0.975119 
967 0.974868 
968 0.974868 
969 0.974659 
970 0.974659 
971 0.974617 
972 0.974617 
973 0.974450 
974 0.974450 
975 0.974366 
976 0.974366 
977 0.974669 
978 0.974669 
979 0.974648 
980 0.974648 
981 0.974680 
982 0.974680 
983 0.974272 
984 0.974272 
985 0.974607 
986 0.974607 
987 0.974607 
988 0.974607 
989 0.975087 
990 0.975087 
991 0.975171 
992 0.975171 
993 0.975077 
994 0.975077 
995 0.975328 
996 0.975328 
997 0.975401 
998 0.975401 
999 0.975432 
1000 0.975432 
1001 0.975850 
1002 0.975850 
1003 0.975725 
1004 0.975725 
1005 0.975568 
1006 0.975568 
1007 0.975129 
1008 0.975129 
1009 0.975171 
1010 0.975171 
1011 0.974251 
1012 0.974251 
1013 0.974262 
1014 0.974262 
1015 0.973917 
1016 0.973917 
1017 0.974147 
1018 0.974147 
1019 0.974241 
1020 0.974241 
1021 0.974189 
1022 0.974189 
1023 0.974513 
1024 0.974513 
1025 0.974398 
1026 0.974398 
1027 0.974366 
1028 0.974366 
1029 0.974230 
1030 0.974230 
1031 0.974293 
1032 0.974293 
1033 0.974074 
1034 0.974074 
1035 0.975944 
1036 0.975944 
1037 0.975526 
1038 0.975526 
1039 0.975328 
1040 0.975328 
1041 0.975390 
1042 0.975390 
1043 0.975265 
1044 0.975265 
1045 0.975254 
1046 0.975254 
1047 0.975150 
1048 0.975150 
1049 0.974910 
1050 0.974910 
1051 0.975411 
1052 0.975411 
1053 0.975265 
1054 0.975265 
1055 0.975411 
1056 0.975411 
1057 0.975359 
1058 0.975359 
1059 0.975349 
1060 0.975349 
1061 0.975244 
1062 0.975244 
1063 0.975160 
1064 0.975160 
1065 0.974962 
1066 0.974962 
1067 0.974951 
1068 0.974951 
1069 0.974889 
1070 0.974889 
1071 0.974910 
1072 0.974910 
1073 0.974586 
1074 0.974586 
1075 0.974690 
1076 0.974690 
1077 0.974669 
1078 0.974669 
1079 0.974826 
1080 0.974826 
1081 0.974680 
1082 0.974680 
1083 0.974523 
1084 0.974523 
1085 0.975349 
1086 0.975349 
1087 0.975411 
1088 0.975411 
1089 0.975369 
1090 0.975369 
1091 0.975631 
1092 0.975631 
1093 0.975558 
1094 0.975558 
1095 0.975463 
1096 0.975463 
1097 0.975171 
1098 0.975171 
1099 0.975338 
1100 0.975338 
1101 0.975150 
1102 0.975150 
1103 0.974962 
1104 0.974962 
1105 0.974889 
1106 0.974889 
1107 0.975234 
1108 0.975234 
1109 0.975244 
1110 0.975244 
1111 0.974690 
1112 0.974690 
1113 0.975025 
1114 0.975025 
1115 0.974878 
1116 0.974878 
1117 0.974795 
1118 0.974795 
1119 0.974638 
1120 0.974638 
1121 0.974544 
1122 0.974544 
1123 0.975087 
1124 0.975087 
1125 0.974972 
1126 0.974972 
1127 0.975066 
1128 0.975066 
1129 0.975119 
1130 0.975119 
1131 0.975077 
1132 0.975077 
1133 0.975035 
1134 0.975035 
1135 0.975714 
1136 0.975714 
1137 0.975432 
1138 0.975432 
1139 0.975672 
1140 0.975672 
1141 0.975537 
1142 0.975537 
1143 0.975453 
1144 0.975453 
1145 0.975411 
1146 0.975411 
1147 0.975683 
1148 0.975683 
1149 0.975547 
1150 0.975547 
1151 0.975453 
1152 0.975453 
1153 0.975547 
1154 0.975547 
1155 0.975808 
1156 0.975808 
1157 0.975662 
1158 0.975662 
1159 0.975578 
1160 0.975578 
1161 0.975986 
1162 0.975986 
1163 0.976268 
1164 0.976268 
1165 0.975777 
1166 0.975777 
1167 0.975850 
1168 0.975850 
1169 0.975819 
1170 0.975819 
1171 0.975693 
1172 0.975693 
1173 0.975568 
1174 0.975568 
1175 0.975610 
1176 0.975610 
1177 0.975746 
1178 0.975746 
1179 0.975819 
1180 0.975819 
1181 0.975819 
1182 0.975819 
1183 0.975986 
1184 0.975986 
1185 0.975369 
1186 0.975369 
1187 0.975066 
1188 0.975066 
1189 0.975160 
1190 0.975160 
1191 0.975296 
1192 0.975296 
1193 0.975328 
1194 0.975328 
1195 0.975443 
1196 0.975443 
1197 0.975756 
1198 0.975756 
1199 0.975735 
1200 0.975735 
1201 0.975631 
1202 0.975631 
1203 0.975422 
1204 0.975422 
1205 0.975641 
1206 0.975641 
1207 0.975599 
1208 0.975599 
1209 0.975558 
1210 0.975558 
1211 0.975202 
1212 0.975202 
1213 0.975349 
1214 0.975349 
1215 0.975129 
1216 0.975129 
1217 0.975108 
1218 0.975108 
1219 0.975307 
1220 0.975307 
1221 0.974993 
1222 0.974993 
1223 0.975077 
1224 0.975077 
1225 0.974910 
1226 0.974910 
1227 0.975056 
1228 0.975056 
1229 0.975453 
1230 0.975453 
1231 0.975558 
1232 0.975558 
1233 0.975401 
1234 0.975401 
1235 0.975108 
1236 0.975108 
1237 0.974941 
1238 0.974941 
1239 0.974680 
1240 0.974680 
1241 0.974533 
1242 0.974533 
1243 0.974805 
1244 0.974805 
1245 0.974795 
1246 0.974795 
1247 0.974418 
1248 0.974418 
1249 0.974533 
1250 0.974533 
1251 0.974544 
1252 0.974544 
1253 0.974439 
1254 0.974439 
1255 0.974669 
1256 0.974669 
1257 0.974565 
1258 0.974565 
1259 0.974784 
1260 0.974784 
1261 0.973969 
1262 0.973969 
1263 0.974607 
1264 0.974607 
1265 0.974575 
1266 0.974575 
1267 0.974857 
1268 0.974857 
1269 0.974554 
1270 0.974554 
1271 0.975171 
1272 0.975171 
1273 0.975202 
1274 0.975202 
1275 0.975192 
1276 0.975192 
1277 0.975119 
1278 0.975119 
1279 0.975171 
1280 0.975171 
1281 0.975328 
1282 0.975328 
1283 0.975202 
1284 0.975202 
1285 0.975443 
1286 0.975443 
1287 0.975160 
1288 0.975160 
1289 0.975317 
1290 0.975317 
1291 0.975411 
1292 0.975411 
1293 0.975150 
1294 0.975150 
1295 0.974836 
1296 0.974836 
1297 0.975119 
1298 0.975119 
1299 0.975369 
1300 0.975369 
1301 0.975526 
1302 0.975526 
1303 0.975432 
1304 0.975432 
1305 0.975453 
1306 0.975453 
1307 0.975599 
1308 0.975599 
1309 0.975516 
1310 0.975516 
1311 0.975463 
1312 0.975463 
1313 0.975422 
1314 0.975422 
1315 0.975338 
1316 0.975338 
1317 0.975338 
1318 0.975338 
1319 0.975568 
1320 0.975568 
1321 0.975725 
1322 0.975725 
1323 0.976007 
1324 0.976007 
1325 0.976195 
1326 0.976195 
1327 0.976404 
1328 0.976404 
1329 0.976320 
1330 0.976320 
1331 0.976143 
1332 0.976143 
1333 0.976059 
1334 0.976059 
1335 0.976205 
1336 0.976205 
1337 0.975955 
1338 0.975955 
1339 0.975923 
1340 0.975923 
1341 0.976028 
1342 0.976028 
1343 0.975955 
1344 0.975955 
1345 0.975861 
1346 0.975861 
1347 0.976153 
1348 0.976153 
1349 0.976153 
1350 0.976153 
1351 0.976111 
1352 0.976111 
1353 0.975965 
1354 0.975965 
1355 0.976164 
1356 0.976164 
1357 0.976258 
1358 0.976258 
1359 0.976247 
1360 0.976247 
1361 0.975369 
1362 0.975369 
1363 0.975474 
1364 0.975474 
1365 0.975537 
1366 0.975537 
1367 0.975463 
1368 0.975463 
1369 0.975672 
1370 0.975672 
1371 0.975725 
1372 0.975725 
1373 0.975714 
1374 0.975714 
1375 0.975850 
1376 0.975850 
1377 0.975955 
1378 0.975955 
1379 0.976101 
1380 0.976101 
1381 0.976132 
1382 0.976132 
1383 0.976174 
1384 0.976174 
1385 0.976174 
1386 0.976174 
1387 0.976258 
1388 0.976258 
1389 0.976164 
1390 0.976164 
1391 0.976289 
1392 0.976289 
1393 0.975913 
1394 0.975913 
1395 0.976153 
1396 0.976153 
1397 0.976184 
1398 0.976184 
1399 0.976299 
1400 0.976299 
1401 0.976592 
1402 0.976592 
1403 0.976728 
1404 0.976728 
1405 0.976665 
1406 0.976665 
1407 0.976582 
1408 0.976582 
1409 0.976373 
1410 0.976373 
1411 0.975913 
1412 0.975913 
1413 0.976216 
1414 0.976216 
1415 0.976362 
1416 0.976362 
1417 0.976258 
1418 0.976258 
1419 0.976341 
1420 0.976341 
1421 0.976456 
1422 0.976456 
1423 0.976467 
1424 0.976467 
1425 0.976926 
1426 0.976926 
1427 0.976864 
1428 0.976864 
1429 0.976164 
1430 0.976164 
1431 0.976394 
1432 0.976394 
1433 0.976550 
1434 0.976550 
1435 0.975756 
1436 0.975756 
1437 0.976017 
1438 0.976017 
1439 0.976028 
1440 0.976028 
1441 0.976049 
1442 0.976049 
1443 0.975955 
1444 0.975955 
1445 0.975902 
1446 0.975902 
1447 0.975913 
1448 0.975913 
1449 0.976174 
1450 0.976174 
1451 0.976488 
1452 0.976488 
1453 0.976592 
1454 0.976592 
1455 0.976623 
1456 0.976623 
1457 0.975902 
1458 0.975902 
1459 0.976394 
1460 0.976394 
1461 0.976038 
1462 0.976038 
1463 0.976832 
1464 0.976832 
1465 0.977094 
1466 0.977094 
1467 0.977282 
1468 0.977282 
1469 0.977679 
1470 0.977679 
1471 0.979487 
1472 0.979487 
1473 0.978849 
1474 0.978849 
1475 0.977930 
1476 0.977930 
1477 0.977982 
1478 0.977982 
1479 0.978055 
1480 0.978055 
1481 0.978212 
1482 0.978212 
1483 0.977303 
1484 0.977303 
1485 0.977083 
1486 0.977083 
1487 0.976697 
1488 0.976697 
1489 0.977543 
1490 0.977543 
1491 0.979424 
1492 0.979424 
1493 0.978943 
1494 0.978943 
1495 0.978787 
1496 0.978787 
1497 0.979320 
1498 0.979320 
1499 0.980542 
1500 0.980542 
1501 0.981305 
1502 0.981305 
1503 0.982454 
1504 0.982454 
1505 0.982716 
1506 0.982716 
1507 0.982987 
1508 0.982987 
1509 0.982998 
1510 0.982998 
1511 0.984085 
1512 0.984085 
1513 0.984492 
1514 0.984492 
1515 0.985339 
1516 0.985339 
1517 0.985537 
1518 0.985537 
1519 0.986634 
1520 0.986634 
1521 0.986321 
1522 0.986321 
1523 0.986948 
1524 0.986948 
1525 0.986655 
1526 0.986655 
1527 0.987272 
1528 0.987272 
1529 0.987732 
1530 0.987732 
1531 0.987502 
1532 0.987502 
1533 0.986802 
1534 0.986802 
1535 0.987032 
1536 0.987032 
1537 0.986760 
1538 0.986760 
1539 0.986645 
1540 0.986645 
1541 0.986415 
1542 0.986415 
1543 0.985694 
1544 0.985694 
1545 0.985516 
1546 0.985516 
1547 0.986666 
1548 0.986666 
1549 0.985955 
1550 0.985955 
1551 0.985621 
1552 0.985621 
1553 0.986216 
1554 0.986216 
1555 0.986206 
1556 0.986206 
1557 0.986530 
1558 0.986530 
1559 0.985861 
1560 0.985861 
1561 0.986938 
1562 0.986938 
1563 0.985704 
1564 0.985704 
1565 0.985527 
1566 0.985527 
1567 0.985286 
1568 0.985286 
1569 0.984262 
1570 0.984262 
1571 0.984210 
1572 0.984210 
1573 0.983364 
1574 0.983364 
1575 0.983280 
1576 0.983280 
1577 0.982893 
1578 0.982893 
1579 0.983594 
1580 0.983594 
1581 0.983552 
1582 0.983552 
1583 0.984200 
1584 0.984200 
1585 0.981577 
1586 0.981577 
1587 0.981106 
1588 0.981106 
1589 0.981796 
1590 0.981796 
1591 0.981524 
1592 0.981524 
1593 0.983019 
1594 0.983019 
1595 0.982183 
1596 0.982183 
1597 0.981942 
1598 0.981942 
1599 0.982538 
1600 0.982538 
1601 0.982068 
1602 0.982068 
1603 0.981911 
1604 0.981911 
1605 0.982036 
1606 0.982036 
1607 0.983949 
1608 0.983949 
1609 0.983761 
1610 0.983761 
1611 0.984983 
1612 0.984983 
1613 0.986133 
1614 0.986133 
1615 0.986311 
1616 0.986311 
1617 0.987303 
1618 0.987303 
1619 0.986948 
1620 0.986948 
1621 0.987115 
1622 0.987115 
1623 0.987941 
1624 0.987941 
1625 0.987523 
1626 0.987523 
1627 0.987983 
1628 0.987983 
1629 0.987836 
1630 0.987836 
1631 0.988035 
1632 0.988035 
1633 0.988630 
1634 0.988630 
1635 0.987659 
1636 0.987659 
1637 0.988150 
1638 0.988150 
1639 0.988338 
1640 0.988338 
1641 0.989769 
1642 0.989769 
1643 0.989759 
1644 0.989759 
1645 0.989237 
1646 0.989237 
1647 0.989466 
1648 0.989466 
1649 0.989540 
1650 0.989540 
1651 0.989550 
1652 0.989550 
1653 0.989226 
1654 0.989226 
1655 0.989195 
1656 0.989195 
1657 0.988683 
1658 0.988683 
1659 0.988056 
1660 0.988056 
1661 0.987962 
1662 0.987962 
1663 0.987220 
1664 0.987220 
1665 0.985798 
1666 0.985798 
1667 0.986843 
1668 0.986843 
1669 0.986446 
1670 0.986446 
1671 0.985046 
1672 0.985046 
1673 0.985161 
1674 0.985161 
1675 0.985548 
1676 0.985548 
1677 0.983437 
1678 0.983437 
1679 0.981890 
1680 0.981890 
1681 0.981169 
1682 0.981169 
1683 0.980302 
1684 0.980302 
1685 0.977501 
1686 0.977501 
1687 0.977219 
1688 0.977219 
1689 0.974816 
1690 0.974816 
1691 0.973112 
1692 0.973112 
1693 0.973185 
1694 0.973185 
1695 0.975098 
1696 0.975098 
1697 0.975881 
1698 0.975881 
1699 0.975662 
1700 0.975662 
1701 0.977397 
1702 0.977397 
1703 0.977971 
1704 0.977971 
1705 0.977867 
1706 0.977867 
1707 0.976916 
1708 0.976916 
1709 0.975265 
1710 0.975265 
1711 0.972694 
1712 0.972694 
1713 0.972767 
1714 0.972767 
1715 0.970677 
1716 0.970677 
1717 0.966288 
1718 0.966288 
1719 0.961199 
1720 0.961199 
1721 0.959036 
1722 0.959036 
1723 0.960948 
1724 0.960948 
1725 0.967480 
1726 0.967480 
1727 0.971754 
1728 0.971754 
1729 0.975714 
1730 0.975714 
1731 0.963509 
1732 0.963509 
1733 0.948220 
1734 0.948220 
1735 0.928679 
1736 0.928679 
1737 0.930403 
1738 0.930403 
1739 0.933099 
1740 0.933099 
1741 0.926505 
1742 0.926505 
1743 0.896775 
1744 0.896775 
1745 0.881570 
1746 0.881570 
1747 0.767331 
1748 0.767331 
1749 0.755251 
1750 0.755251 
1751 0.749504 
1752 0.749504 
1753 0.696449 
1754 0.696449 
1755 0.693586 
1756 0.693586 
1757 0.687096 
1758 0.687096 
1759 0.687640 
1760 0.687640 
1761 0.693251 
1762 0.693251 
1763 0.680649 
1764 0.680649 
1765 0.676772 
1766 0.676772 
1767 0.703869 
1768 0.703869 
1769 0.709219 
1770 0.709219 
1771 0.731488 
1772 0.731488 
1773 0.768293 
1774 0.768293 
1775 0.796205 
1776 0.796205 
1777 0.827440 
1778 0.827440 
1779 0.841139 
1780 0.841139 
1781 0.840408 
1782 0.840408 
1783 0.836249 
1784 0.836249 
1785 0.814461 
1786 0.814461 
1787 0.814576 
1788 0.814576 
1789 0.804868 
1790 0.804868 
1791 0.789287 
1792 0.789287 
1793 0.774406 
1794 0.774406 
1795 0.757205 
1796 0.757205 
1797 0.741572 
1798 0.741572 
1799 0.747006 
1800 0.747006 
1801 0.757989 
1802 0.757989 
1803 0.772253 
1804 0.772253 
1805 0.777666 
1806 0.777666 
1807 0.781961 
1808 0.781961 
1809 0.784438 
1810 0.784438 
1811 0.751583 
1812 0.751583 
1813 0.749389 
1814 0.749389 
1815 0.744833 
1816 0.744833 
1817 0.743422 
1818 0.743422 
1819 0.742816 
1820 0.742816 
1821 0.732993 
1822 0.732993 
1823 0.723765 
1824 0.723765 
1825 0.715604 
1826 0.715604 
1827 0.709574 
1828 0.709574 
1829 0.706857 
1830 0.706857 
1831 0.700472 
1832 0.700472 
1833 0.699459 
1834 0.699459 
1835 0.638650 
1836 0.638650 
1837 0.633760 
1838 0.633760 
1839 0.617123 
1840 0.617123 
1841 0.602002 
1842 0.602002 
1843 0.587101 
1844 0.587101 
1845 0.570328 
1846 0.570328 
1847 0.554497 
1848 0.554497 
1849 0.537118 
1850 0.537118 
1851 0.530054 
1852 0.530054 
1853 0.518674 
1854 0.518674 
1855 0.534151 
1856 0.534151 
1857 0.553577 
1858 0.553577 
1859 0.575271 
1860 0.575271 
1861 0.586285 
1862 0.586285 
1863 0.610383 
1864 0.610383 
1865 0.608377 
1866 0.608377 
1867 0.623278 
1868 0.623278 
1869 0.656342 
1870 0.656342 
1871 0.671850 
1872 0.671850 
1873 0.687128 
1874 0.687128 
1875 0.724100 
1876 0.724100 
1877 0.738103 
1878 0.738103 
1879 0.747539 
1880 0.747539 
1881 0.773424 
1882 0.773424 
1883 0.702395 
1884 0.702395 
1885 0.653207 
1886 0.653207 
1887 0.650908 
1888 0.650908 
1889 0.660146 
1890 0.660146 
1891 0.655339 
1892 0.655339 
1893 0.675027 
1894 0.675027 
1895 0.680670 
1896 0.680670 
1897 0.660177 
1898 0.660177 
1899 0.669634 
1900 0.669634 
1901 0.688319 
1902 0.688319 
1903 0.707766 
1904 0.707766 
1905 0.754917 
1906 0.754917 
1907 0.776088 
1908 0.776088 
1909 0.798754 
1910 0.798754 
1911 0.831808 
1912 0.831808 
1913 0.847629 
1914 0.847629 
1915 0.855529 
1916 0.855529 
1917 0.864140 
1918 0.864140 
1919 0.865592 
1920 0.865592 
1921 0.868644 
1922 0.868644 
1923 0.867526 
1924 0.867526 
1925 0.752022 
1926 0.752022 
1927 0.692238 
1928 0.692238 
1929 0.636100 
1930 0.636100 
1931 0.603800 
1932 0.603800 
1933 0.491901 
1934 0.491901 
1935 0.444490 
1936 0.444490 
1937 0.427822 
1938 0.427822 
1939 0.403599 
1940 0.403599 
1941 0.371131 
1942 0.371131 
1943 0.365718 
1944 0.365718 
1945 0.357776 
1946 0.357776 
1947 0.336907 
1948 0.336907 
1949 0.320198 
1950 0.320198 
1951 0.297051 
1952 0.297051 
1953 0.268993 
1954 0.268993 
1955 0.242210 
1956 0.242210 
1957 0.212354 
1958 0.212354 
1959 0.193575 
1960 0.193575 
1961 0.138128 
1962 0.138128 
1963 0.129433 
1964 0.129433 
1965 0.121784 
1966 0.121784 
1967 0.114448 
1968 0.114448 
1969 0.107697 
1970 0.107697 
1971 0.098240 
1972 0.098240 
1973 0.097488 
1974 0.097488 
1975 0.097383 
1976 0.097383 
1977 0.096411 
1978 0.096411 
1979 0.096495 
1980 0.096495 
1981 0.091719 
1982 0.091719 
1983 0.084143 
1984 0.084143 
1985 0.074216 
1986 0.074216 
1987 0.071499 
1988 0.071499 
1989 0.070746 
1990 0.070746 
1991 0.069168 
1992 0.069168 
1993 0.069210 
1994 0.069210 
1995 0.068646 
1996 0.068646 
1997 0.071196 
1998 0.071196 
1999 0.079232 
2000 0.079232 
2001 0.115420 
2002 0.115420 
2003 0.159906 
2004 0.159906 
2005 0.201946 
2006 0.201946 
2007 0.263559 
2008 0.263559 
2009 0.317700 
2010 0.317700 
2011 0.421510 
2012 0.421510 
2013 0.451993 
2014 0.451993 
2015 0.529197 
2016 0.529197 
2017 0.599003 
2018 0.599003 
2019 0.711884 
2020 0.711884 
2021 0.764573 
2022 0.764573 
2023 0.800594 
2024 0.800594 
2025 0.841955 
2026 0.841955 
2027 0.863293 
2028 0.863293 
2029 0.883211 
2030 0.883211 
2031 0.899942 
2032 0.899942 
2033 0.911520 
2034 0.911520 
2035 0.947865 
2036 0.947865 
2037 0.940174 
2038 0.940174 
2039 0.918835 
2040 0.918835 
2041 0.808546 
2042 0.808546 
2043 0.631231 
2044 0.631231 
2045 0.554486 
2046 0.554486 
2047 0.512613 
2048 0.512613 
2049 0.456580 
2050 0.456580 
2051 0.423882 
2052 0.423882 
2053 0.389460 
2054 0.389460 
2055 0.344254 
2056 0.344254 
2057 0.316718 
2058 0.316718 
2059 0.289496 
2060 0.289496 
2061 0.233797 
2062 0.233797 
2063 0.206847 
2064 0.206847 
2065 0.186574 
2066 0.186574 
2067 0.156091 
2068 0.156091 
2069 0.139486 
2070 0.139486 
2071 0.114532 
2072 0.114532 
2073 0.098721 
2074 0.098721 
2075 0.088020 
2076 0.088020 
2077 0.081531 
2078 0.081531 
2079 0.079524 
2080 0.079524 
2081 0.075992 
2082 0.075992 
2083 0.074561 
2084 0.074561 
2085 0.073934 
2086 0.073934 
2087 0.072909 
2088 0.072909 
2089 0.071457 
2090 0.071457 
2091 0.071561 
2092 0.071561 
2093 0.070610 
2094 0.070610 
2095 0.070976 
2096 0.070976 
2097 0.070861 
2098 0.070861 
2099 0.074362 
2100 0.074362 
2101 0.083297 
2102 0.083297 
2103 0.100435 
2104 0.100435 
2105 0.116684 
2106 0.116684 
2107 0.135703 
2108 0.135703 
2109 0.170690 
2110 0.170690 
2111 0.218530 
2112 0.218530 
2113 0.247403 
2114 0.247403 
2115 0.372981 
2116 0.372981 
2117 0.660167 
2118 0.660167 
2119 0.832393 
2120 0.832393 
2121 0.893776 
2122 0.893776 
2123 0.937446 
2124 0.937446 
2125 0.956236 
2126 0.956236 
2127 0.974659 
2128 0.974659 
2129 0.985495 
2130 0.985495 
2131 0.988756 
2132 0.988756 
2133 0.989446 
2134 0.989446 
2135 0.991525 
2136 0.991525 
2137 0.992215 
2138 0.992215 
2139 0.993072 
2140 0.993072 
2141 0.993563 
2142 0.993563 
2143 0.993730 
2144 0.993730 
2145 0.993521 
2146 0.993521 
2147 0.993803 
2148 0.993803 
2149 0.993814 
2150 0.993814 
2151 0.994284 
2152 0.994284 
2153 0.993866 
2154 0.993866 
2155 0.993260 
2156 0.993260 
2157 0.988641 
2158 0.988641 
2159 0.984283 
2160 0.984283 
2161 0.949391 
2162 0.949391 
2163 0.945577 
2164 0.945577 
2165 0.943267 
2166 0.943267 
2167 0.943507 
2168 0.943507 
2169 0.946925 
2170 0.946925 
2171 0.948273 
2172 0.948273 
2173 0.948095 
2174 0.948095 
2175 0.886043 
2176 0.886043 
2177 0.763998 
2178 0.763998 
2179 0.522321 
2180 0.522321 
2181 0.324597 
2182 0.324597 
2183 0.269630 
2184 0.269630 
2185 0.142130 
2186 0.142130 
2187 0.122975 
2188 0.122975 
2189 0.115201 
2190 0.115201 
2191 0.105848 
2192 0.105848 
2193 0.099651 
2194 0.099651 
2195 0.093674 
2196 0.093674 
2197 0.089682 
2198 0.089682 
2199 0.083036 
2200 0.083036 
2201 0.078772 
2202 0.078772 
2203 0.078145 
2204 0.078145 
2205 0.080120 
2206 0.080120 
2207 0.080987 
2208 0.080987 
2209 0.080120 
2210 0.080120 
2211 0.103235 
2212 0.103235 
2213 0.101887 
2214 0.101887 
2215 0.100403 
2216 0.100403 
2217 0.100247 
2218 0.100247 
2219 0.099933 
2220 0.099933 
2221 0.099526 
2222 0.099526 
2223 0.098104 
2224 0.098104 
2225 0.097812 
2226 0.097812 
2227 0.098449 
2228 0.098449 
2229 0.100017 
2230 0.100017 
2231 0.100811 
2232 0.100811 
2233 0.100508 
2234 0.100508 
2235 0.097268 
2236 0.097268 
2237 0.095586 
2238 0.095586 
2239 0.095607 
2240 0.095607 
2241 0.095252 
2242 0.095252 
2243 0.096067 
2244 0.096067 
2245 0.096453 
2246 0.096453 
2247 0.096809 
2248 0.096809 
2249 0.097446 
2250 0.097446 
2251 0.098679 
2252 0.098679 
2253 0.099902 
2254 0.099902 
2255 0.099975 
2256 0.099975 
2257 0.100069 
2258 0.100069 
2259 0.100644 
2260 0.100644 
2261 0.100268 
2262 0.100268 
2263 0.100059 
2264 0.100059 
2265 0.105304 
2266 0.105304 
2267 0.118022 
2268 0.118022 
2269 0.136853 
2270 0.136853 
2271 0.167032 
2272 0.167032 
2273 0.193972 
2274 0.193972 
2275 0.219732 
2276 0.219732 
2277 0.250246 
2278 0.250246 
2279 0.264938 
2280 0.264938 
2281 0.273758 
2282 0.273758 
2283 0.283382 
2284 0.283382 
2285 0.341411 
2286 0.341411 
2287 0.343240 
2288 0.343240 
2289 0.340115 
2290 0.340115 
2291 0.338799 
2292 0.338799 
2293 0.332685 
2294 0.332685 
2295 0.316728 
2296 0.316728 
2297 0.310709 
2298 0.310709 
2299 0.306362 
2300 0.306362 
2301 0.298901 
2302 0.298901 
2303 0.280321 
2304 0.280321 
2305 0.271260 
2306 0.271260 
2307 0.252816 
2308 0.252816 
2309 0.243787 
2310 0.243787 
2311 0.248448 
2312 0.248448 
2313 0.249483 
2314 0.249483 
2315 0.244394 
2316 0.244394 
2317 0.231070 
2318 0.231070 
2319 0.214851 
2320 0.214851 
2321 0.197943 
2322 0.197943 
2323 0.187222 
2324 0.187222 
2325 0.173898 
2326 0.173898 
2327 0.169102 
2328 0.169102 
2329 0.159289 
2330 0.159289 
2331 0.150710 
2332 0.150710 
2333 0.149685 
2334 0.149685 
2335 0.169875 
2336 0.169875 
2337 0.156948 
2338 0.156948 
2339 0.149571 
2340 0.149571 
2341 0.140458 
2342 0.140458 
2343 0.134909 
2344 0.134909 
2345 0.132882 
2346 0.132882 
2347 0.127960 
2348 0.127960 
2349 0.134711 
2350 0.134711 
2351 0.150417 
2352 0.150417 
2353 0.157074 
2354 0.157074 
2355 0.158861 
2356 0.158861 
2357 0.158411 
2358 0.158411 
2359 0.151901 
2360 0.151901 
2361 0.146028 
2362 0.146028 
2363 0.142851 
2364 0.142851 
2365 0.140239 
2366 0.140239 
2367 0.135150 
2368 0.135150 
2369 0.131879 
2370 0.131879 
2371 0.132662 
2372 0.132662 
2373 0.123968 
2374 0.123968 
2375 0.118701 
2376 0.118701 
2377 0.112996 
2378 0.112996 
2379 0.106067 
2380 0.106067 
2381 0.102807 
2382 0.102807 
2383 0.116089 
2384 0.116089 
2385 0.216106 
2386 0.216106 
2387 0.244143 
2388 0.244143 
2389 0.279892 
2390 0.279892 
2391 0.295013 
2392 0.295013 
2393 0.314952 
2394 0.314952 
2395 0.395197 
2396 0.395197 
2397 0.493134 
2398 0.493134 
2399 0.553723 
2400 0.553723 
2401 0.609746 
2402 0.609746 
2403 0.663782 
2404 0.663782 
2405 0.680325 
2406 0.680325 
2407 0.682885 
2408 0.682885 
2409 0.602337 
2410 0.602337 
2411 0.453006 
2412 0.453006 
2413 0.304627 
2414 0.304627 
2415 0.174619 
2416 0.174619 
2417 0.127479 
2418 0.127479 
2419 0.084927 
2420 0.084927 
2421 0.068615 
2422 0.068615 
2423 0.069064 
2424 0.069064 
2425 0.075146 
2426 0.075146 
2427 0.077100 
2428 0.077100 
2429 0.078364 
2430 0.078364 
2431 0.078856 
2432 0.078856 
2433 0.111177 
2434 0.111177 
2435 0.213775 
2436 0.213775 
2437 0.231457 
2438 0.231457 
2439 0.244613 
2440 0.244613 
2441 0.246233 
2442 0.246233 
2443 0.247382 
2444 0.247382 
2445 0.242001 
2446 0.242001 
2447 0.238448 
2448 0.238448 
2449 0.234560 
2450 0.234560 
2451 0.225584 
2452 0.225584 
2453 0.216680 
2454 0.216680 
2455 0.200462 
2456 0.200462 
2457 0.178287 
2458 0.178287 
2459 0.162246 
2460 0.162246 
2461 0.148609 
2462 0.148609 
2463 0.135902 
2464 0.135902 
2465 0.129966 
2466 0.129966 
2467 0.118848 
2468 0.118848 
2469 0.112860 
2470 0.112860 
2471 0.114511 
2472 0.114511 
2473 0.116078 
2474 0.116078 
2475 0.121481 
2476 0.121481 
2477 0.139957 
2478 0.139957 
2479 0.152016 
2480 0.152016 
2481 0.157251 
2482 0.157251 
2483 0.159028 
2484 0.159028 
2485 0.163155 
2486 0.163155 
2487 0.155642 
2488 0.155642 
2489 0.149414 
2490 0.149414 
2491 0.148149 
2492 0.148149 
2493 0.142590 
2494 0.142590 
2495 0.140061 
2496 0.140061 
2497 0.141085 
2498 0.141085 
2499 0.137678 
2500 0.137678 
2501 0.132453 
2502 0.132453 
2503 0.129256 
2504 0.129256 
2505 0.124898 
2506 0.124898 
2507 0.132871 
2508 0.132871 
2509 0.154618 
2510 0.154618 
2511 0.204360 
2512 0.204360 
2513 0.234821 
2514 0.234821 
2515 0.256934 
2516 0.256934 
2517 0.272326 
2518 0.272326 
2519 0.289172 
2520 0.289172 
2521 0.286079 
2522 0.286079 
2523 0.304345 
2524 0.304345 
2525 0.317460 
2526 0.317460 
2527 0.323563 
2528 0.323563 
2529 0.323981 
2530 0.323981 
2531 0.322518 
2532 0.322518 
2533 0.322309 
2534 0.322309 
2535 0.299946 
2536 0.299946 
2537 0.299496 
2538 0.299496 
2539 0.294282 
2540 0.294282 
2541 0.216085 
2542 0.216085 
2543 0.193972 
2544 0.193972 
2545 0.162288 
2546 0.162288 
2547 0.144638 
2548 0.144638 
2549 0.132224 
2550 0.132224 
2551 0.128629 
2552 0.128629 
2553 0.117980 
2554 0.117980 
2555 0.116862 
2556 0.116862 
2557 0.114772 
2558 0.114772 
2559 0.119955 
2560 0.119955 
2561 0.161243 
2562 0.161243 
2563 0.161996 
2564 0.161996 
2565 0.162445 
2566 0.162445 
2567 0.162225 
2568 0.162225 
2569 0.163479 
2570 0.163479 
2571 0.163730 
2572 0.163730 
2573 0.164859 
2574 0.164859 
2575 0.166249 
2576 0.166249 
2577 0.168422 
2578 0.168422 
2579 0.169927 
2580 0.169927 
2581 0.170523 
2582 0.170523 
2583 0.170920 
2584 0.170920 
2585 0.175361 
2586 0.175361 
2587 0.174692 
2588 0.174692 
2589 0.175539 
2590 0.175539 
2591 0.175633 
2592 0.175633 
2593 0.176281 
2594 0.176281 
2595 0.177232 
2596 0.177232 
2597 0.176437 
2598 0.176437 
2599 0.178329 
2600 0.178329 
2601 0.180408 
2602 0.180408 
2603 0.184035 
2604 0.184035 
2605 0.184735 
2606 0.184735 
2607 0.186239 
2608 0.186239 
2609 0.188643 
2610 0.188643 
2611 0.209480 
2612 0.209480 
2613 0.208843 
2614 0.208843 
2615 0.209595 
2616 0.209595 
2617 0.211737 
2618 0.211737 
2619 0.213274 
2620 0.213274 
2621 0.215207 
2622 0.215207 
2623 0.219376 
2624 0.219376 
2625 0.243913 
2626 0.243913 
2627 0.267258 
2628 0.267258 
2629 0.290948 
2630 0.290948 
2631 0.309058 
2632 0.309058 
2633 0.314346 
2634 0.314346 
2635 0.301231 
2636 0.301231 
2637 0.310970 
2638 0.310970 
2639 0.328171 
2640 0.328171 
2641 0.353972 
2642 0.353972 
2643 0.403181 
2644 0.403181 
2645 0.441219 
2646 0.441219 
2647 0.461711 
2648 0.461711 
2649 0.523136 
2650 0.523136 
2651 0.591072 
2652 0.591072 
2653 0.645370 
2654 0.645370 
2655 0.705238 
2656 0.705238 
2657 0.727297 
2658 0.727297 
2659 0.751008 
2660 0.751008 
2661 0.765826 
2662 0.765826 
2663 0.766558 
2664 0.766558 
2665 0.755209 
2666 0.755209 
2667 0.737946 
2668 0.737946 
2669 0.721686 
2670 0.721686 
2671 0.699845 
2672 0.699845 
2673 0.669864 
2674 0.669864 
2675 0.657126 
2676 0.657126 
2677 0.632025 
2678 0.632025 
2679 0.595711 
2680 0.595711 
2681 0.428658 
2682 0.428658 
2683 0.385144 
2684 0.385144 
2685 0.251050 
2686 0.251050 
2687 0.246839 
2688 0.246839 
2689 0.248135 
2690 0.248135 
2691 0.244310 
2692 0.244310 
2693 0.242293 
2694 0.242293 
2695 0.237225 
2696 0.237225 
2697 0.233860 
2698 0.233860 
2699 0.226148 
2700 0.226148 
2701 0.223797 
2702 0.223797 
2703 0.219920 
2704 0.219920 
2705 0.216252 
2706 0.216252 
2707 0.214245 
2708 0.214245 
2709 0.214737 
2710 0.214737 
2711 0.212302 
2712 0.212302 
2713 0.212103 
2714 0.212103 
2715 0.208738 
2716 0.208738 
2717 0.204976 
2718 0.204976 
2719 0.189260 
2720 0.189260 
2721 0.174839 
2722 0.174839 
2723 0.173302 
2724 0.173302 
2725 0.170962 
2726 0.170962 
2727 0.179646 
2728 0.179646 
2729 0.191538 
2730 0.191538 
2731 0.207087 
2732 0.207087 
2733 0.228081 
2734 0.228081 
2735 0.247466 
2736 0.247466 
2737 0.260769 
2738 0.260769 
2739 0.271177 
2740 0.271177 
2741 0.272107 
2742 0.272107 
2743 0.274395 
2744 0.274395 
2745 0.278617 
2746 0.278617 
2747 0.288660 
2748 0.288660 
2749 0.300322 
2750 0.300322 
2751 0.306331 
2752 0.306331 
2753 0.310166 
2754 0.310166 
2755 0.316237 
2756 0.316237 
2757 0.319613 
2758 0.319613 
2759 0.321055 
2760 0.321055 
2761 0.362823 
2762 0.362823 
2763 0.360806 
2764 0.360806 
2765 0.362489 
2766 0.362489 
2767 0.361266 
2768 0.361266 
2769 0.357943 
2770 0.357943 
2771 0.358622 
2772 0.358622 
2773 0.356919 
2774 0.356919 
2775 0.352415 
2776 0.352415 
2777 0.355101 
2778 0.355101 
2779 0.361297 
2780 0.361297 
2781 0.366794 
2782 0.366794 
2783 0.368550 
2784 0.368550 
2785 0.414362 
2786 0.414362 
2787 0.415146 
2788 0.415146 
2789 0.413944 
2790 0.413944 
2791 0.415094 
2792 0.415094 
2793 0.416097 
2794 0.416097 
2795 0.416944 
2796 0.416944 
2797 0.417456 
2798 0.417456 
2799 0.416442 
2800 0.416442 
2801 0.420277 
2802 0.420277 
2803 0.422503 
2804 0.422503 
2805 0.424426 
2806 0.424426 
2807 0.426338 
2808 0.426338 
2809 0.428292 
2810 0.428292 
2811 0.448921 
2812 0.448921 
2813 0.448680 
2814 0.448680 
2815 0.449548 
2816 0.449548 
2817 0.452515 
2818 0.452515 
2819 0.452965 
2820 0.452965 
2821 0.452693 
2822 0.452693 
2823 0.456559 
2824 0.456559 
2825 0.457458 
2826 0.457458 
2827 0.459903 
2828 0.459903 
2829 0.463383 
2830 0.463383 
2831 0.464616 
2832 0.464616 
2833 0.465254 
2834 0.465254 
2835 0.449203 
2836 0.449203 
2837 0.445827 
2838 0.445827 
2839 0.446266 
2840 0.446266 
2841 0.447876 
2842 0.447876 
2843 0.449119 
2844 0.449119 
2845 0.450039 
2846 0.450039 
2847 0.451021 
2848 0.451021 
2849 0.451136 
2850 0.451136 
2851 0.453863 
2852 0.453863 
2853 0.459433 
2854 0.459433 
2855 0.465128 
2856 0.465128 
2857 0.469883 
2858 0.469883 
2859 0.471064 
2860 0.471064 
2861 0.494890 
2862 0.494890 
2863 0.492110 
2864 0.492110 
2865 0.489456 
2866 0.489456 
2867 0.490961 
2868 0.490961 
2869 0.491974 
2870 0.491974 
2871 0.492539 
2872 0.492539 
2873 0.491776 
2874 0.491776 
2875 0.490470 
2876 0.490470 
2877 0.489205 
2878 0.489205 
2879 0.493605 
2880 0.493605 
2881 0.499383 
2882 0.499383 
2883 0.496499 
2884 0.496499 
2885 0.500888 
2886 0.500888 
2887 0.498255 
2888 0.498255 
2889 0.490302 
2890 0.490302 
2891 0.487063 
2892 0.487063 
2893 0.483102 
2894 0.483102 
2895 0.478379 
2896 0.478379 
2897 0.475861 
2898 0.475861 
2899 0.474345 
2900 0.474345 
2901 0.468870 
2902 0.468870 
2903 0.466957 
2904 0.466957 
2905 0.468556 
2906 0.468556 
2907 0.467835 
2908 0.467835 
2909 0.468023 
2910 0.468023 
2911 0.476373 
2912 0.476373 
2913 0.475955 
2914 0.475955 
2915 0.477031 
2916 0.477031 
2917 0.479090 
2918 0.479090 
2919 0.480250 
2920 0.480250 
2921 0.486655 
2922 0.486655 
2923 0.488181 
2924 0.488181 
2925 0.492560 
2926 0.492560 
2927 0.495036 
2928 0.495036 
2929 0.501087 
2930 0.501087 
2931 0.504211 
2932 0.504211 
2933 0.505946 
2934 0.505946 
2935 0.534830 
2936 0.534830 
2937 0.533168 
2938 0.533168 
2939 0.534673 
2940 0.534673 
2941 0.533022 
2942 0.533022 
2943 0.532729 
2944 0.532729 
2945 0.536606 
2946 0.536606 
2947 0.541309 
2948 0.541309 
2949 0.546607 
2950 0.546607 
2951 0.553462 
2952 0.553462 
2953 0.558980 
2954 0.558980 
2955 0.546377 
2956 0.546377 
2957 0.461753 
2958 0.461753 
2959 0.434729 
2960 0.434729 
2961 0.483803 
2962 0.483803 
2963 0.558091 
2964 0.558091 
2965 0.624219 
2966 0.624219 
2967 0.802025 
2968 0.802025 
2969 0.856731 
2970 0.856731 
2971 0.897162 
2972 0.897162 
2973 0.937196 
2974 0.937196 
2975 0.955117 
2976 0.955117 
2977 0.961168 
2978 0.961168 
2979 0.963885 
2980 0.963885 
2981 0.966591 
2982 0.966591 
2983 0.972517 
2984 0.972517 
2985 0.987523 
2986 0.987523 
2987 0.987669 
2988 0.987669 
2989 0.988202 
2990 0.988202 
2991 0.988003 
2992 0.988003 
2993 0.988108 
2994 0.988108 
2995 0.988223 
2996 0.988223 
2997 0.988515 
2998 0.988515 
2999 0.989728 
3000 0.989728 
3001 0.989832 
3002 0.989832 
3003 0.989749 
3004 0.989749 
3005 0.989602 
3006 0.989602 
3007 0.989487 
3008 0.989487 
3009 0.989947 
3010 0.989947 
3011 0.989864 
3012 0.989864 
3013 0.989571 
3014 0.989571 
3015 0.988934 
3016 0.988934 
3017 0.988035 
3018 0.988035 
3019 0.988129 
3020 0.988129 
3021 0.986990 
3022 0.986990 
3023 0.986164 
3024 0.986164 
3025 0.985861 
3026 0.985861 
3027 0.986216 
3028 0.986216 
3029 0.985913 
3030 0.985913 
3031 0.985171 
3032 0.985171 
3033 0.985077 
3034 0.985077 
3035 0.983876 
3036 0.983876 
3037 0.984231 
3038 0.984231 
3039 0.984670 
3040 0.984670 
3041 0.984346 
3042 0.984346 
3043 0.984127 
3044 0.984127 
3045 0.983782 
3046 0.983782 
3047 0.983761 
3048 0.983761 
3049 0.983259 
3050 0.983259 
3051 0.983416 
3052 0.983416 
3053 0.983792 
3054 0.983792 
3055 0.983332 
3056 0.983332 
3057 0.982716 
3058 0.982716 
3059 0.982235 
3060 0.982235 
3061 0.980803 
3062 0.980803 
3063 0.980229 
3064 0.980229 
3065 0.979267 
3066 0.979267 
3067 0.978975 
3068 0.978975 
3069 0.979257 
3070 0.979257 
3071 0.979497 
3072 0.979497 
3073 0.979236 
3074 0.979236 
3075 0.979434 
3076 0.979434 
3077 0.979351 
3078 0.979351 
3079 0.978818 
3080 0.978818 
3081 0.978483 
3082 0.978483 
3083 0.978316 
3084 0.978316 
3085 0.977616 
3086 0.977616 
3087 0.976268 
3088 0.976268 
3089 0.976477 
3090 0.976477 
3091 0.976780 
3092 0.976780 
3093 0.976456 
3094 0.976456 
3095 0.976341 
3096 0.976341 
3097 0.975119 
3098 0.975119 
3099 0.974931 
3100 0.974931 
3101 0.975150 
3102 0.975150 
3103 0.975641 
3104 0.975641 
3105 0.976498 
3106 0.976498 
3107 0.976926 
3108 0.976926 
3109 0.977041 
3110 0.977041 
3111 0.976226 
3112 0.976226 
3113 0.975766 
3114 0.975766 
3115 0.975223 
3116 0.975223 
3117 0.974627 
3118 0.974627 
3119 0.973980 
3120 0.973980 
3121 0.974450 
3122 0.974450 
3123 0.974095 
3124 0.974095 
3125 0.973279 
3126 0.973279 
3127 0.972893 
3128 0.972893 
3129 0.972349 
3130 0.972349 
3131 0.972067 
3132 0.972067 
3133 0.972548 
3134 0.972548 
3135 0.972328 
3136 0.972328 
3137 0.970855 
3138 0.970855 
3139 0.969695 
3140 0.969695 
3141 0.967616 
3142 0.967616 
3143 0.966100 
3144 0.966100 
3145 0.964407 
3146 0.964407 
3147 0.963028 
3148 0.963028 
3149 0.962464 
3150 0.962464 
3151 0.962443 
3152 0.962443 
3153 0.962735 
3154 0.962735 
3155 0.961774 
3156 0.961774 
3157 0.961419 
3158 0.961419 
3159 0.960781 
3160 0.960781 
3161 0.962119 
3162 0.962119 
3163 0.961168 
3164 0.961168 
3165 0.960729 
3166 0.960729 
3167 0.961137 
3168 0.961137 
3169 0.960583 
3170 0.960583 
3171 0.960039 
3172 0.960039 
3173 0.959977 
3174 0.959977 
3175 0.959956 
3176 0.959956 
3177 0.959590 
3178 0.959590 
3179 0.960133 
3180 0.960133 
3181 0.959809 
3182 0.959809 
3183 0.958838 
3184 0.958838 
3185 0.960332 
3186 0.960332 
3187 0.959642 
3188 0.959642 
3189 0.959956 
3190 0.959956 
3191 0.959339 
3192 0.959339 
3193 0.959245 
3194 0.959245 
3195 0.959088 
3196 0.959088 
3197 0.958827 
3198 0.958827 
3199 0.958890 
3200 0.958890 
3201 0.959256 
3202 0.959256 
3203 0.959036 
3204 0.959036 
3205 0.958482 
3206 0.958482 
3207 0.958096 
3208 0.958096 
3209 0.958242 
3210 0.958242 
3211 0.958869 
3212 0.958869 
3213 0.959130 
3214 0.959130 
3215 0.959579 
3216 0.959579 
3217 0.960332 
3218 0.960332 
3219 0.960133 
3220 0.960133 
3221 0.960269 
3222 0.960269 
3223 0.960280 
3224 0.960280 
3225 0.960227 
3226 0.960227 
3227 0.960050 
3228 0.960050 
3229 0.959966 
3230 0.959966 
3231 0.959569 
3232 0.959569 
3233 0.959485 
3234 0.959485 
3235 0.959621 
3236 0.959621 
3237 0.959433 
3238 0.959433 
3239 0.959245 
3240 0.959245 
3241 0.959245 
3242 0.959245 
3243 0.959726 
3244 0.959726 
3245 0.959506 
3246 0.959506 
3247 0.959287 
3248 0.959287 
3249 0.959747 
3250 0.959747 
3251 0.959590 
3252 0.959590 
3253 0.959663 
3254 0.959663 
3255 0.959809 
3256 0.959809 
3257 0.959485 
3258 0.959485 
3259 0.959402 
3260 0.959402 
3261 0.958733 
3262 0.958733 
3263 0.958952 
3264 0.958952 
3265 0.959423 
3266 0.959423 
3267 0.959465 
3268 0.959465 
3269 0.959548 
3270 0.959548 
3271 0.959538 
3272 0.959538 
3273 0.959757 
3274 0.959757 
3275 0.959496 
3276 0.959496 
3277 0.958723 
3278 0.958723 
3279 0.958378 
3280 0.958378 
3281 0.958629 
3282 0.958629 
3283 0.958461 
3284 0.958461 
3285 0.957385 
3286 0.957385 
3287 0.957270 
3288 0.957270 
3289 0.957897 
3290 0.957897 
3291 0.957479 
3292 0.957479 
3293 0.957761 
3294 0.957761 
3295 0.957458 
3296 0.957458 
3297 0.957270 
3298 0.957270 
3299 0.957740 
3300 0.957740 
3301 0.957636 
3302 0.957636 
3303 0.957458 
3304 0.957458 
3305 0.957646 
3306 0.957646 
3307 0.957301 
3308 0.957301 
3309 0.957479 
3310 0.957479 
3311 0.958294 
3312 0.958294 
3313 0.958211 
3314 0.958211 
3315 0.958252 
3316 0.958252 
3317 0.958169 
3318 0.958169 
3319 0.958273 
3320 0.958273 
3321 0.958221 
3322 0.958221 
3323 0.957960 
3324 0.957960 
3325 0.957385 
3326 0.957385 
3327 0.957939 
3328 0.957939 
3329 0.958022 
3330 0.958022 
3331 0.957542 
3332 0.957542 
3333 0.957824 
3334 0.957824 
3335 0.957740 
3336 0.957740 
3337 0.957678 
3338 0.957678 
3339 0.957510 
3340 0.957510 
3341 0.957343 
3342 0.957343 
3343 0.957333 
3344 0.957333 
3345 0.957406 
3346 0.957406 
3347 0.957291 
3348 0.957291 
3349 0.957166 
3350 0.957166 
3351 0.956706 
3352 0.956706 
3353 0.956622 
3354 0.956622 
3355 0.956340 
3356 0.956340 
3357 0.956141 
3358 0.956141 
3359 0.956476 
3360 0.956476 
3361 0.957845 
3362 0.957845 
3363 0.958315 
3364 0.958315 
3365 0.958054 
3366 0.958054 
3367 0.958085 
3368 0.958085 
3369 0.958106 
3370 0.958106 
3371 0.957949 
3372 0.957949 
3373 0.958096 
3374 0.958096 
3375 0.958012 
3376 0.958012 
3377 0.958242 
3378 0.958242 
3379 0.958367 
3380 0.958367 
3381 0.958336 
3382 0.958336 
3383 0.958043 
3384 0.958043 
3385 0.957761 
3386 0.957761 
3387 0.957322 
3388 0.957322 
3389 0.957521 
3390 0.957521 
3391 0.957469 
3392 0.957469 
3393 0.957395 
3394 0.957395 
3395 0.957197 
3396 0.957197 
3397 0.957218 
3398 0.957218 
3399 0.957270 
3400 0.957270 
3401 0.957479 
3402 0.957479 
3403 0.957406 
3404 0.957406 
3405 0.957301 
3406 0.957301 
3407 0.957489 
3408 0.957489 
3409 0.957552 
3410 0.957552 
3411 0.957051 
3412 0.957051 
3413 0.956925 
3414 0.956925 
3415 0.957166 
3416 0.957166 
3417 0.957322 
3418 0.957322 
3419 0.957082 
3420 0.957082 
3421 0.956925 
3422 0.956925 
3423 0.957051 
3424 0.957051 
3425 0.956863 
3426 0.956863 
3427 0.956946 
3428 0.956946 
3429 0.956768 
3430 0.956768 
3431 0.956528 
3432 0.956528 
3433 0.957009 
3434 0.957009 
3435 0.959433 
3436 0.959433 
3437 0.959381 
3438 0.959381 
3439 0.958817 
3440 0.958817 
3441 0.958911 
3442 0.958911 
3443 0.958566 
3444 0.958566 
3445 0.958649 
3446 0.958649 
3447 0.958482 
3448 0.958482 
3449 0.958702 
3450 0.958702 
3451 0.958702 
3452 0.958702 
3453 0.958817 
3454 0.958817 
3455 0.958566 
3456 0.958566 
3457 0.958420 
3458 0.958420 
3459 0.958315 
3460 0.958315 
3461 0.959235 
3462 0.959235 
3463 0.959057 
3464 0.959057 
3465 0.958994 
3466 0.958994 
3467 0.958796 
3468 0.958796 
3469 0.959224 
3470 0.959224 
3471 0.959036 
3472 0.959036 
3473 0.958900 
3474 0.958900 
3475 0.959005 
3476 0.959005 
3477 0.959266 
3478 0.959266 
3479 0.958963 
3480 0.958963 
3481 0.958858 
3482 0.958858 
3483 0.958963 
3484 0.958963 
3485 0.958127 
3486 0.958127 
3487 0.958242 
3488 0.958242 
3489 0.958378 
3490 0.958378 
3491 0.958430 
3492 0.958430 
3493 0.958451 
3494 0.958451 
3495 0.958660 
3496 0.958660 
3497 0.958409 
3498 0.958409 
3499 0.958096 
3500 0.958096 
3501 0.958378 
3502 0.958378 
3503 0.958305 
3504 0.958305 
3505 0.958472 
3506 0.958472 
3507 0.958273 
3508 0.958273 
3509 0.958315 
3510 0.958315 
3511 0.959569 
3512 0.959569 
3513 0.959569 
3514 0.959569 
3515 0.959945 
3516 0.959945 
3517 0.959663 
3518 0.959663 
3519 0.959444 
3520 0.959444 
3521 0.959548 
3522 0.959548 
3523 0.959600 
3524 0.959600 
3525 0.959726 
3526 0.959726 
3527 0.959715 
3528 0.959715 
3529 0.959632 
3530 0.959632 
3531 0.959694 
3532 0.959694 
3533 0.959809 
3534 0.959809 
3535 0.960050 
3536 0.960050 
3537 0.959245 
3538 0.959245 
3539 0.959402 
3540 0.959402 
3541 0.959256 
3542 0.959256 
3543 0.959245 
3544 0.959245 
3545 0.959329 
3546 0.959329 
3547 0.959162 
3548 0.959162 
3549 0.958900 
3550 0.958900 
3551 0.958482 
3552 0.958482 
3553 0.958744 
3554 0.958744 
3555 0.958681 
3556 0.958681 
3557 0.957907 
3558 0.957907 
3559 0.958305 
3560 0.958305 
3561 0.958524 
3562 0.958524 
3563 0.958587 
3564 0.958587 
3565 0.958472 
3566 0.958472 
3567 0.958430 
3568 0.958430 
3569 0.958357 
3570 0.958357 
3571 0.958493 
3572 0.958493 
3573 0.958524 
3574 0.958524 
3575 0.958054 
3576 0.958054 
3577 0.958472 
3578 0.958472 
3579 0.958890 
3580 0.958890 
3581 0.958848 
3582 0.958848 
3583 0.958764 
3584 0.958764 
3585 0.958754 
3586 0.958754 
3587 0.958566 
3588 0.958566 
3589 0.958618 
3590 0.958618 
3591 0.958618 
3592 0.958618 
3593 0.958608 
3594 0.958608 
3595 0.958054 
3596 0.958054 
3597 0.958043 
3598 0.958043 
3599 0.958106 
3600 0.958106 
3601 0.958493 
3602 0.958493 
3603 0.958367 
3604 0.958367 
3605 0.957981 
3606 0.957981 
3607 0.958420 
3608 0.958420 
3609 0.958555 
3610 0.958555 
3611 0.958420 
3612 0.958420 
3613 0.958461 
3614 0.958461 
3615 0.958785 
3616 0.958785 
3617 0.958587 
3618 0.958587 
3619 0.958420 
3620 0.958420 
3621 0.958670 
3622 0.958670 
3623 0.958482 
3624 0.958482 
3625 0.958785 
3626 0.958785 
3627 0.958879 
3628 0.958879 
3629 0.958670 
3630 0.958670 
3631 0.958712 
3632 0.958712 
3633 0.958723 
3634 0.958723 
3635 0.958733 
3636 0.958733 
3637 0.958796 
3638 0.958796 
3639 0.958660 
3640 0.958660 
3641 0.958817 
3642 0.958817 
3643 0.959036 
3644 0.959036 
3645 0.960687 
3646 0.960687 
3647 0.960384 
3648 0.960384 
3649 0.960541 
3650 0.960541 
3651 0.960447 
3652 0.960447 
3653 0.960426 
3654 0.960426 
3655 0.960290 
3656 0.960290 
3657 0.960342 
3658 0.960342 
3659 0.959997 
3660 0.959997 
3661 0.959893 
3662 0.959893 
3663 0.959548 
3664 0.959548 
3665 0.959705 
3666 0.959705 
3667 0.959653 
3668 0.959653 
3669 0.960102 
3670 0.960102 
3671 0.959778 
3672 0.959778 
3673 0.960018 
3674 0.960018 
3675 0.960092 
3676 0.960092 
3677 0.959506 
3678 0.959506 
3679 0.959789 
3680 0.959789 
3681 0.959465 
3682 0.959465 
3683 0.959653 
3684 0.959653 
3685 0.958963 
3686 0.958963 
3687 0.958869 
3688 0.958869 
3689 0.958608 
3690 0.958608 
3691 0.959109 
3692 0.959109 
3693 0.958963 
3694 0.958963 
3695 0.958096 
3696 0.958096 
3697 0.958231 
3698 0.958231 
3699 0.958440 
3700 0.958440 
3701 0.957866 
3702 0.957866 
3703 0.958723 
3704 0.958723 
3705 0.958461 
3706 0.958461 
3707 0.959621 
3708 0.959621 
3709 0.959559 
3710 0.959559 
3711 0.959266 
3712 0.959266 
3713 0.959830 
3714 0.959830 
3715 0.959903 
3716 0.959903 
3717 0.959276 
3718 0.959276 
3719 0.959308 
3720 0.959308 
3721 0.959820 
3722 0.959820 
3723 0.959924 
3724 0.959924 
3725 0.959433 
3726 0.959433 
3727 0.958796 
3728 0.958796 
3729 0.959005 
3730 0.959005 
3731 0.958744 
3732 0.958744 
3733 0.958242 
3734 0.958242 
3735 0.958336 
3736 0.958336 
3737 0.958806 
3738 0.958806 
3739 0.958211 
3740 0.958211 
3741 0.957928 
3742 0.957928 
3743 0.957228 
3744 0.957228 
3745 0.957166 
3746 0.957166 
3747 0.958221 
3748 0.958221 
3749 0.958137 
3750 0.958137 
3751 0.958096 
3752 0.958096 
3753 0.957354 
3754 0.957354 
3755 0.957385 
3756 0.957385 
3757 0.957542 
3758 0.957542 
3759 0.957678 
3760 0.957678 
3761 0.957761 
3762 0.957761 
3763 0.957552 
3764 0.957552 
3765 0.957521 
3766 0.957521 
3767 0.957479 
3768 0.957479 
3769 0.960071 
3770 0.960071 
3771 0.959318 
3772 0.959318 
3773 0.959214 
3774 0.959214 
3775 0.959099 
3776 0.959099 
3777 0.959026 
3778 0.959026 
3779 0.958827 
3780 0.958827 
3781 0.958744 
3782 0.958744 
3783 0.959036 
3784 0.959036 
3785 0.958691 
3786 0.958691 
3787 0.958879 
3788 0.958879 
3789 0.958858 
3790 0.958858 
3791 0.958890 
3792 0.958890 
3793 0.958942 
3794 0.958942 
3795 0.957584 
3796 0.957584 
3797 0.957531 
3798 0.957531 
3799 0.957291 
3800 0.957291 
3801 0.956967 
3802 0.956967 
3803 0.956685 
3804 0.956685 
3805 0.956852 
3806 0.956852 
3807 0.956465 
3808 0.956465 
3809 0.956497 
3810 0.956497 
3811 0.957281 
3812 0.957281 
3813 0.956486 
3814 0.956486 
3815 0.957009 
3816 0.957009 
3817 0.956967 
3818 0.956967 
3819 0.961732 
3820 0.961732 
3821 0.961753 
3822 0.961753 
3823 0.961189 
3824 0.961189 
3825 0.960980 
3826 0.960980 
3827 0.960771 
3828 0.960771 
3829 0.960698 
3830 0.960698 
3831 0.960739 
3832 0.960739 
3833 0.961251 
3834 0.961251 
3835 0.961586 
3836 0.961586 
3837 0.961450 
3838 0.961450 
3839 0.961565 
3840 0.961565 
3841 0.961575 
3842 0.961575 
3843 0.962077 
3844 0.962077 
3845 0.962328 
3846 0.962328 
3847 0.962035 
3848 0.962035 
3849 0.962370 
3850 0.962370 
3851 0.962192 
3852 0.962192 
3853 0.962046 
3854 0.962046 
3855 0.962046 
3856 0.962046 
3857 0.962171 
3858 0.962171 
3859 0.962244 
3860 0.962244 
3861 0.962077 
3862 0.962077 
3863 0.962432 
3864 0.962432 
3865 0.962464 
3866 0.962464 
3867 0.962495 
3868 0.962495 
3869 0.962694 
3870 0.962694 
3871 0.962662 
3872 0.962662 
3873 0.962819 
3874 0.962819 
3875 0.963122 
3876 0.963122 
3877 0.963143 
3878 0.963143 
3879 0.962965 
3880 0.962965 
3881 0.962809 
3882 0.962809 
3883 0.963059 
3884 0.963059 
3885 0.963331 
3886 0.963331 
3887 0.962976 
3888 0.962976 
3889 0.963247 
3890 0.963247 
3891 0.962944 
3892 0.962944 
3893 0.962652 
3894 0.962652 
3895 0.962171 
3896 0.962171 
3897 0.962600 
3898 0.962600 
3899 0.962725 
3900 0.962725 
3901 0.962746 
3902 0.962746 
3903 0.962505 
3904 0.962505 
3905 0.962683 
3906 0.962683 
3907 0.962735 
3908 0.962735 
3909 0.962547 
3910 0.962547 
3911 0.962223 
3912 0.962223 
3913 0.961784 
3914 0.961784 
3915 0.962129 
3916 0.962129 
3917 0.962025 
3918 0.962025 
3919 0.965118 
3920 0.965118 
3921 0.964919 
3922 0.964919 
3923 0.964637 
3924 0.964637 
3925 0.964742 
3926 0.964742 
3927 0.965024 
3928 0.965024 
3929 0.965076 
3930 0.965076 
3931 0.964564 
3932 0.964564 
3933 0.964334 
3934 0.964334 
3935 0.964470 
3936 0.964470 
3937 0.964481 
3938 0.964481 
3939 0.964554 
3940 0.964554 
3941 0.964292 
3942 0.964292 
3943 0.964188 
3944 0.964188 
3945 0.962850 
3946 0.962850 
3947 0.962192 
3948 0.962192 
3949 0.962296 
3950 0.962296 
3951 0.962547 
3952 0.962547 
3953 0.962809 
3954 0.962809 
3955 0.963038 
3956 0.963038 
3957 0.963227 
3958 0.963227 
3959 0.963341 
3960 0.963341 
3961 0.962976 
3962 0.962976 
3963 0.963185 
3964 0.963185 
3965 0.963268 
3966 0.963268 
3967 0.963268 
3968 0.963268 
3969 0.964083 
3970 0.964083 
3971 0.963791 
3972 0.963791 
3973 0.963864 
3974 0.963864 
3975 0.963707 
3976 0.963707 
3977 0.963582 
3978 0.963582 
3979 0.964021 
3980 0.964021 
3981 0.963655 
3982 0.963655 
3983 0.963551 
3984 0.963551 
3985 0.963822 
3986 0.963822 
3987 0.963634 
3988 0.963634 
3989 0.963488 
3990 0.963488 
3991 0.963854 
3992 0.963854 
3993 0.963582 
3994 0.963582 
3995 0.963885 
3996 0.963885 
3997 0.963718 
3998 0.963718 
3999 0.963341 
4000 0.963341 
4001 0.963321 
4002 0.963321 
4003 0.963467 
4004 0.963467 
4005 0.963268 
4006 0.963268 
4007 0.963268 
4008 0.963268 
4009 0.963446 
4010 0.963446 
4011 0.963739 
4012 0.963739 
4013 0.963801 
4014 0.963801 
4015 0.963739 
4016 0.963739 
4017 0.963739 
4018 0.963739 
4019 0.963498 
4020 0.963498 
4021 0.963582 
4022 0.963582 
4023 0.963582 
4024 0.963582 
4025 0.963425 
4026 0.963425 
4027 0.963958 
4028 0.963958 
4029 0.964251 
4030 0.964251 
4031 0.964439 
4032 0.964439 
4033 0.963989 
4034 0.963989 
4035 0.963937 
4036 0.963937 
4037 0.963958 
4038 0.963958 
4039 0.963686 
4040 0.963686 
4041 0.963665 
4042 0.963665 
4043 0.963864 
4044 0.963864 
4045 0.962673 
4046 0.962673 
4047 0.962798 
4048 0.962798 
4049 0.962495 
4050 0.962495 
4051 0.962547 
4052 0.962547 
4053 0.962537 
4054 0.962537 
4055 0.962673 
4056 0.962673 
4057 0.963091 
4058 0.963091 
4059 0.962829 
4060 0.962829 
4061 0.963247 
4062 0.963247 
4063 0.963206 
4064 0.963206 
4065 0.963059 
4066 0.963059 
4067 0.963759 
4068 0.963759 
4069 0.962694 
4070 0.962694 
4071 0.962276 
4072 0.962276 
4073 0.962077 
4074 0.962077 
4075 0.962077 
4076 0.962077 
4077 0.962349 
4078 0.962349 
4079 0.961993 
4080 0.961993 
4081 0.961899 
4082 0.961899 
4083 0.962056 
4084 0.962056 
4085 0.962234 
4086 0.962234 
4087 0.962140 
4088 0.962140 
4089 0.962359 
4090 0.962359 
4091 0.962088 
4092 0.962088 
4093 0.961858 
4094 0.961858 
4095 0.965400 
4096 0.965400 
4097 0.964940 
4098 0.964940 
4099 0.965034 
4100 0.965034 
4101 0.965494 
4102 0.965494 
4103 0.965118 
4104 0.965118 
4105 0.964679 
4106 0.964679 
4107 0.964878 
4108 0.964878 
4109 0.964386 
4110 0.964386 
4111 0.964742 
4112 0.964742 
4113 0.964679 
4114 0.964679 
4115 0.964512 
4116 0.964512 
4117 0.964334 
4118 0.964334 
4119 0.965996 
4120 0.965996 
4121 0.965745 
4122 0.965745 
4123 0.966414 
4124 0.966414 
4125 0.966247 
4126 0.966247 
4127 0.966111 
4128 0.966111 
4129 0.965651 
4130 0.965651 
4131 0.965296 
4132 0.965296 
4133 0.965421 
4134 0.965421 
4135 0.965358 
4136 0.965358 
4137 0.965505 
4138 0.965505 
4139 0.965442 
4140 0.965442 
4141 0.965620 
4142 0.965620 
4143 0.966163 
4144 0.966163 
4145 0.967563 
4146 0.967563 
4147 0.967647 
4148 0.967647 
4149 0.967312 
4150 0.967312 
4151 0.968253 
4152 0.968253 
4153 0.967699 
4154 0.967699 
4155 0.968284 
4156 0.968284 
4157 0.967689 
4158 0.967689 
4159 0.967427 
4160 0.967427 
4161 0.967103 
4162 0.967103 
4163 0.966508 
4164 0.966508 
4165 0.966738 
4166 0.966738 
4167 0.966435 
4168 0.966435 
4169 0.965703 
4170 0.965703 
4171 0.965014 
4172 0.965014 
4173 0.965014 
4174 0.965014 
4175 0.965327 
4176 0.965327 
4177 0.963968 
4178 0.963968 
4179 0.963561 
4180 0.963561 
4181 0.962809 
4182 0.962809 
4183 0.962850 
4184 0.962850 
4185 0.963216 
4186 0.963216 
4187 0.964407 
4188 0.964407 
4189 0.966989 
4190 0.966989 
4191 0.968775 
4192 0.968775 
4193 0.968817 
4194 0.968817 
4195 0.971973 
4196 0.971973 
4197 0.971712 
4198 0.971712 
4199 0.970709 
4200 0.970709 
4201 0.970479 
4202 0.970479 
4203 0.972318 
4204 0.972318 
4205 0.972652 
4206 0.972652 
4207 0.973886 
4208 0.973886 
4209 0.974544 
4210 0.974544 
4211 0.974972 
4212 0.974972 
4213 0.975150 
4214 0.975150 
4215 0.974774 
4216 0.974774 
4217 0.974701 
4218 0.974701 
4219 0.975317 
4220 0.975317 
4221 0.976644 
4222 0.976644 
4223 0.976362 
4224 0.976362 
4225 0.976937 
4226 0.976937 
4227 0.976665 
4228 0.976665 
4229 0.976101 
4230 0.976101 
4231 0.976352 
4232 0.976352 
4233 0.976184 
4234 0.976184 
4235 0.977992 
4236 0.977992 
4237 0.977992 
4238 0.977992 
4239 0.979340 
4240 0.979340 
4241 0.977783 
4242 0.977783 
4243 0.975192 
4244 0.975192 
4245 0.973791 
4246 0.973791 
4247 0.974627 
4248 0.974627 
4249 0.975996 
4250 0.975996 
4251 0.976488 
4252 0.976488 
4253 0.975275 
4254 0.975275 
4255 0.976728 
4256 0.976728 
4257 0.978442 
4258 0.978442 
4259 0.979414 
4260 0.979414 
4261 0.979403 
4262 0.979403 
4263 0.979581 
4264 0.979581 
4265 0.980605 
4266 0.980605 
4267 0.981869 
4268 0.981869 
4269 0.982904 
4270 0.982904 
4271 0.982883 
4272 0.982883 
4273 0.981566 
4274 0.981566 
4275 0.982329 
4276 0.982329 
4277 0.983635 
4278 0.983635 
4279 0.985255 
4280 0.985255 
4281 0.984503 
4282 0.984503 
4283 0.984492 
4284 0.984492 
4285 0.984879 
4286 0.984879 
4287 0.985015 
4288 0.985015 
4289 0.983614 
4290 0.983614 
4291 0.984524 
4292 0.984524 
4293 0.983876 
4294 0.983876 
4295 0.986175 
4296 0.986175 
4297 0.985380 
4298 0.985380 
4299 0.986572 
4300 0.986572 
4301 0.987596 
4302 0.987596 
4303 0.988118 
4304 0.988118 
4305 0.989268 
4306 0.989268 
4307 0.988526 
4308 0.988526 
4309 0.988296 
4310 0.988296 
4311 0.988568 
4312 0.988568 
4313 0.989007 
4314 0.989007 
4315 0.987617 
4316 0.987617 
4317 0.986352 
4318 0.986352 
4319 0.987282 
4320 0.987282 
4321 0.987909 
4322 0.987909 
4323 0.988902 
4324 0.988902 
4325 0.987679 
4326 0.987679 
4327 0.987575 
4328 0.987575 
4329 0.986791 
4330 0.986791 
4331 0.986530 
4332 0.986530 
4333 0.986572 
4334 0.986572 
4335 0.986175 
4336 0.986175 
4337 0.986175 
4338 0.986175 
4339 0.986760 
4340 0.986760 
4341 0.986488 
4342 0.986488 
4343 0.986823 
4344 0.986823 
4345 0.985119 
4346 0.985119 
4347 0.985537 
4348 0.985537 
4349 0.985391 
4350 0.985391 
4351 0.985966 
4352 0.985966 
4353 0.986446 
4354 0.986446 
4355 0.986352 
4356 0.986352 
4357 0.987335 
4358 0.987335 
4359 0.988014 
4360 0.988014 
4361 0.988421 
4362 0.988421 
4363 0.988808 
4364 0.988808 
4365 0.988244 
4366 0.988244 
4367 0.987157 
4368 0.987157 
4369 0.986081 
4370 0.986081 
4371 0.985725 
4372 0.985725 
4373 0.984816 
4374 0.984816 
4375 0.984691 
4376 0.984691 
4377 0.985057 
4378 0.985057 
4379 0.984189 
4380 0.984189 
4381 0.980103 
4382 0.980103 
4383 0.975537 
4384 0.975537 
4385 0.975139 
4386 0.975139 
4387 0.973603 
4388 0.973603 
4389 0.972590 
4390 0.972590 
4391 0.969549 
4392 0.969549 
4393 0.961575 
4394 0.961575 
4395 0.944469 
4396 0.944469 
4397 0.935524 
4398 0.935524 
4399 0.920653 
4400 0.920653 
4401 0.904529 
4402 0.904529 
4403 0.895396 
4404 0.895396 
4405 0.885019 
4406 0.885019 
4407 0.885217 
4408 0.885217 
4409 0.862949 
4410 0.862949 
4411 0.821755 
4412 0.821755 
4413 0.838318 
4414 0.838318 
4415 0.859134 
4416 0.859134 
4417 0.938930 
4418 0.938930 
4419 0.974147 
4420 0.974147 
4421 0.984430 
4422 0.984430 
4423 0.985286 
4424 0.985286 
4425 0.985569 
4426 0.985569 
4427 0.985245 
4428 0.985245 
4429 0.983290 
4430 0.983290 
4431 0.982507 
4432 0.982507 
4433 0.981911 
4434 0.981911 
4435 0.979696 
4436 0.979696 
4437 0.979487 
4438 0.979487 
4439 0.977313 
4440 0.977313 
4441 0.977031 
4442 0.977031 
4443 0.974826 
4444 0.974826 
4445 0.973865 
4446 0.973865 
4447 0.972935 
4448 0.972935 
4449 0.971597 
4450 0.971597 
4451 0.968775 
4452 0.968775 
4453 0.965536 
4454 0.965536 
4455 0.964010 
4456 0.964010 
4457 0.962955 
4458 0.962955 
4459 0.959841 
4460 0.959841 
4461 0.957322 
4462 0.957322 
4463 0.955002 
4464 0.955002 
4465 0.951596 
4466 0.951596 
4467 0.948826 
4468 0.948826 
4469 0.947426 
4470 0.947426 
4471 0.954877 
4472 0.954877 
4473 0.958942 
4474 0.958942 
4475 0.962161 
4476 0.962161 
4477 0.965944 
4478 0.965944 
4479 0.967292 
4480 0.967292 
4481 0.970594 
4482 0.970594 
4483 0.960342 
4484 0.960342 
4485 0.958461 
4486 0.958461 
4487 0.937561 
4488 0.937561 
4489 0.927958 
4490 0.927958 
4491 0.927237 
4492 0.927237 
4493 0.933831 
4494 0.933831 
4495 0.926244 
4496 0.926244 
4497 0.929912 
4498 0.929912 
4499 0.935283 
4500 0.935283 
4501 0.945253 
4502 0.945253 
4503 0.957124 
4504 0.957124 
4505 0.962505 
4506 0.962505 
4507 0.975202 
4508 0.975202 
4509 0.978891 
4510 0.978891 
4511 0.979006 
4512 0.979006 
4513 0.980041 
4514 0.980041 
4515 0.982151 
4516 0.982151 
4517 0.982632 
4518 0.982632 
4519 0.980229 
4520 0.980229 
4521 0.980950 
4522 0.980950 
4523 0.982319 
4524 0.982319 
4525 0.983897 
4526 0.983897 
4527 0.983782 
4528 0.983782 
4529 0.983573 
4530 0.983573 
4531 0.983709 
4532 0.983709 
4533 0.983102 
4534 0.983102 
4535 0.983573 
4536 0.983573 
4537 0.983437 
4538 0.983437 
4539 0.982841 
4540 0.982841 
4541 0.983604 
4542 0.983604 
4543 0.982528 
4544 0.982528 
4545 0.984116 
4546 0.984116 
4547 0.982674 
4548 0.982674 
4549 0.983897 
4550 0.983897 
4551 0.981629 
4552 0.981629 
4553 0.981608 
4554 0.981608 
4555 0.979884 
4556 0.979884 
4557 0.980291 
4558 0.980291 
4559 0.981493 
4560 0.981493 
4561 0.979999 
4562 0.979999 
4563 0.979612 
4564 0.979612 
4565 0.980385 
4566 0.980385 
4567 0.981733 
4568 0.981733 
4569 0.981159 
4570 0.981159 
4571 0.981629 
4572 0.981629 
4573 0.981075 
4574 0.981075 
4575 0.982538 
4576 0.982538 
4577 0.983437 
4578 0.983437 
4579 0.983907 
4580 0.983907 
4581 0.983165 
4582 0.983165 
4583 0.982862 
4584 0.982862 
4585 0.982569 
4586 0.982569 
4587 0.981963 
4588 0.981963 
4589 0.980991 
4590 0.980991 
4591 0.979633 
4592 0.979633 
4593 0.980145 
4594 0.980145 
4595 0.980208 
4596 0.980208 
4597 0.979539 
4598 0.979539 
4599 0.978734 
4600 0.978734 
4601 0.978160 
4602 0.978160 
4603 0.976404 
4604 0.976404 
4605 0.975307 
4606 0.975307 
4607 0.977365 
4608 0.977365 
4609 0.977951 
4610 0.977951 
4611 0.978024 
4612 0.978024 
4613 0.977627 
4614 0.977627 
4615 0.980176 
4616 0.980176 
4617 0.981524 
4618 0.981524 
4619 0.980229 
4620 0.980229 
4621 0.981942 
4622 0.981942 
4623 0.979424 
4624 0.979424 
4625 0.978870 
4626 0.978870 
4627 0.979863 
4628 0.979863 
4629 0.980657 
4630 0.980657 
4631 0.981932 
4632 0.981932 
4633 0.981472 
4634 0.981472 
4635 0.981441 
4636 0.981441 
4637 0.983646 
4638 0.983646 
4639 0.983625 
4640 0.983625 
4641 0.981671 
4642 0.981671 
4643 0.981827 
4644 0.981827 
4645 0.981065 
4646 0.981065 
4647 0.983437 
4648 0.983437 
4649 0.982517 
4650 0.982517 
4651 0.982434 
4652 0.982434 
4653 0.982643 
4654 0.982643 
4655 0.982569 
4656 0.982569 
4657 0.982643 
4658 0.982643 
4659 0.985590 
4660 0.985590 
4661 0.985391 
4662 0.985391 
4663 0.986206 
4664 0.986206 
4665 0.986708 
4666 0.986708 
4667 0.986708 
4668 0.986708 
4669 0.986843 
4670 0.986843 
4671 0.987209 
4672 0.987209 
4673 0.987230 
4674 0.987230 
4675 0.984085 
4676 0.984085 
4677 0.982496 
4678 0.982496 
4679 0.979152 
4680 0.979152 
4681 0.979978 
4682 0.979978 
4683 0.979278 
4684 0.979278 
4685 0.978348 
4686 0.978348 
4687 0.972893 
4688 0.972893 
4689 0.967647 
4690 0.967647 
4691 0.966477 
4692 0.966477 
4693 0.961283 
4694 0.961283 
4695 0.957124 
4696 0.957124 
4697 0.959297 
4698 0.959297 
4699 0.964219 
4700 0.964219 
4701 0.964846 
4702 0.964846 
4703 0.966675 
4704 0.966675 
4705 0.968410 
4706 0.968410 
4707 0.967511 
4708 0.967511 
4709 0.969099 
4710 0.969099 
4711 0.976770 
4712 0.976770 
4713 0.981629 
4714 0.981629 
4715 0.982956 
4716 0.982956 
4717 0.986718 
4718 0.986718 
4719 0.987847 
4720 0.987847 
4721 0.988610 
4722 0.988610 
4723 0.987345 
4724 0.987345 
4725 0.986739 
4726 0.986739 
4727 0.985286 
4728 0.985286 
4729 0.984189 
4730 0.984189 
4731 0.981253 
4732 0.981253 
4733 0.981733 
4734 0.981733 
4735 0.982057 
4736 0.982057 
4737 0.982183 
4738 0.982183 
4739 0.984910 
4740 0.984910 
4741 0.985934 
4742 0.985934 
4743 0.986363 
4744 0.986363 
4745 0.986008 
4746 0.986008 
4747 0.984137 
4748 0.984137 
4749 0.957636 
4750 0.957636 
4751 0.944291 
4752 0.944291 
4753 0.839541 
4754 0.839541 
4755 0.730704 
4756 0.730704 
4757 0.642851 
4758 0.642851 
4759 0.409054 
4760 0.409054 
4761 0.337649 
4762 0.337649 
4763 0.300510 
4764 0.300510 
4765 0.262023 
4766 0.262023 
4767 0.236504 
4768 0.236504 
4769 0.184567 
4770 0.184567 
4771 0.167586 
4772 0.167586 
4773 0.144471 
4774 0.144471 
4775 0.131628 
4776 0.131628 
4777 0.111428 
4778 0.111428 
4779 0.098637 
4780 0.098637 
4781 0.084509 
4782 0.084509 
4783 0.066943 
4784 0.066943 
4785 0.063160 
4786 0.063160 
4787 0.062282 
4788 0.062282 
4789 0.060965 
4790 0.060965 
4791 0.060453 
4792 0.060453 
4793 0.060380 
4794 0.060380 
4795 0.055981 
4796 0.055981 
4797 0.055427 
4798 0.055427 
4799 0.055082 
4800 0.055082 
4801 0.054685 
4802 0.054685 
4803 0.053044 
4804 0.053044 
4805 0.052762 
4806 0.052762 
4807 0.052877 
4808 0.052877 
4809 0.052114 
4810 0.052114 
4811 0.053870 
4812 0.053870 
4813 0.055897 
4814 0.055897 
4815 0.058520 
4816 0.058520 
4817 0.061634 
4818 0.061634 
4819 0.084833 
4820 0.084833 
4821 0.083809 
4822 0.083809 
4823 0.084749 
4824 0.084749 
4825 0.084645 
4826 0.084645 
4827 0.085491 
4828 0.085491 
4829 0.085836 
4830 0.085836 
4831 0.085585 
4832 0.085585 
4833 0.088125 
4834 0.088125 
4835 0.087780 
4836 0.087780 
4837 0.088396 
4838 0.088396 
4839 0.090497 
4840 0.090497 
4841 0.091469 
4842 0.091469 
4843 0.092367 
4844 0.092367 
4845 0.093235 
4846 0.093235 
4847 0.094227 
4848 0.094227 
4849 0.095638 
4850 0.095638 
4851 0.098157 
4852 0.098157 
4853 0.099975 
4854 0.099975 
4855 0.101302 
4856 0.101302 
4857 0.101866 
4858 0.101866 
4859 0.096537 
4860 0.096537 
4861 0.097540 
4862 0.097540 
4863 0.098272 
4864 0.098272 
4865 0.098658 
4866 0.098658 
4867 0.100508 
4868 0.100508 
4869 0.101177 
4870 0.101177 
4871 0.103340 
4872 0.103340 
4873 0.105503 
4874 0.105503 
4875 0.106005 
4876 0.106005 
4877 0.106120 
4878 0.106120 
4879 0.107948 
4880 0.107948 
4881 0.107185 
4882 0.107185 
4883 0.096129 
4884 0.096129 
4885 0.095795 
4886 0.095795 
4887 0.097122 
4888 0.097122 
4889 0.097028 
4890 0.097028 
4891 0.096924 
4892 0.096924 
4893 0.097969 
4894 0.097969 
4895 0.099578 
4896 0.099578 
4897 0.101626 
4898 0.101626 
4899 0.101960 
4900 0.101960 
4901 0.104489 
4902 0.104489 
4903 0.104385 
4904 0.104385 
4905 0.104040 
4906 0.104040 
4907 0.104960 
4908 0.104960 
4909 0.090852 
4910 0.090852 
4911 0.089723 
4912 0.089723 
4913 0.089211 
4914 0.089211 
4915 0.091469 
4916 0.091469 
4917 0.125901 
4918 0.125901 
4919 0.156980 
4920 0.156980 
4921 0.181631 
4922 0.181631 
4923 0.190723 
4924 0.190723 
4925 0.201423 
4926 0.201423 
4927 0.221477 
4928 0.221477 
4929 0.252430 
4930 0.252430 
4931 0.271720 
4932 0.271720 
4933 0.298556 
4934 0.298556 
4935 0.363565 
4936 0.363565 
4937 0.389230 
4938 0.389230 
4939 0.508538 
4940 0.508538 
4941 0.590559 
4942 0.590559 
4943 0.642694 
4944 0.642694 
4945 0.686302 
4946 0.686302 
4947 0.716816 
4948 0.716816 
4949 0.726252 
4950 0.726252 
4951 0.734466 
4952 0.734466 
4953 0.730725 
4954 0.730725 
4955 0.667210 
4956 0.667210 
4957 0.566890 
4958 0.566890 
4959 0.241572 
4960 0.241572 
4961 0.167085 
4962 0.167085 
4963 0.126863 
4964 0.126863 
4965 0.090309 
4966 0.090309 
4967 0.103894 
4968 0.103894 
4969 0.134627 
4970 0.134627 
4971 0.188862 
4972 0.188862 
4973 0.232815 
4974 0.232815 
4975 0.263120 
4976 0.263120 
4977 0.295703 
4978 0.295703 
4979 0.306174 
4980 0.306174 
4981 0.308692 
4982 0.308692 
4983 0.315213 
4984 0.315213 
4985 0.312392 
4986 0.312392 
4987 0.308128 
4988 0.308128 
4989 0.298295 
4990 0.298295 
4991 0.284981 
4992 0.284981 
4993 0.273141 
4994 0.273141 
4995 0.251458 
4996 0.251458 
4997 0.236577 
4998 0.236577 
4999 0.224560 
5000 0.224560 
5001 0.194558 
5002 0.194558 
5003 0.168746 
5004 0.168746 
5005 0.147940 
5006 0.147940 
5007 0.120624 
5008 0.120624 
5009 0.125473 
5010 0.125473 
5011 0.114981 
5012 0.114981 
5013 0.103549 
5014 0.103549 
5015 0.098303 
5016 0.098303 
5017 0.093047 
5018 0.093047 
5019 0.093276 
5020 0.093276 
5021 0.111177 
5022 0.111177 
5023 0.121753 
5024 0.121753 
5025 0.124783 
5026 0.124783 
5027 0.127939 
5028 0.127939 
5029 0.125180 
5030 0.125180 
5031 0.118545 
5032 0.118545 
5033 0.111731 
5034 0.111731 
5035 0.108450 
5036 0.108450 
5037 0.107415 
5038 0.107415 
5039 0.106423 
5040 0.106423 
5041 0.106172 
5042 0.106172 
5043 0.100268 
5044 0.100268 
5045 0.098261 
5046 0.098261 
5047 0.099567 
5048 0.099567 
5049 0.111271 
5050 0.111271 
5051 0.131294 
5052 0.131294 
5053 0.152235 
5054 0.152235 
5055 0.181370 
5056 0.181370 
5057 0.208164 
5058 0.208164 
5059 0.258616 
5060 0.258616 
5061 0.298410 
5062 0.298410 
5063 0.345215 
5064 0.345215 
5065 0.384204 
5066 0.384204 
5067 0.450164 
5068 0.450164 
5069 0.500930 
5070 0.500930 
5071 0.543388 
5072 0.543388 
5073 0.588449 
5074 0.588449 
5075 0.615389 
5076 0.615389 
5077 0.638588 
5078 0.638588 
5079 0.660512 
5080 0.660512 
5081 0.683303 
5082 0.683303 
5083 0.726618 
5084 0.726618 
5085 0.683606 
5086 0.683606 
5087 0.602786 
5088 0.602786 
5089 0.443842 
5090 0.443842 
5091 0.352854 
5092 0.352854 
5093 0.336427 
5094 0.336427 
5095 0.320584 
5096 0.320584 
5097 0.304167 
5098 0.304167 
5099 0.294992 
5100 0.294992 
5101 0.291063 
5102 0.291063 
5103 0.284762 
5104 0.284762 
5105 0.281961 
5106 0.281961 
5107 0.287573 
5108 0.287573 
5109 0.366293 
5110 0.366293 
5111 0.353554 
5112 0.353554 
5113 0.335831 
5114 0.335831 
5115 0.319477 
5116 0.319477 
5117 0.307919 
5118 0.307919 
5119 0.304418 
5120 0.304418 
5121 0.303436 
5122 0.303436 
5123 0.303833 
5124 0.303833 
5125 0.310239 
5126 0.310239 
5127 0.316791 
5128 0.316791 
5129 0.317408 
5130 0.317408 
5131 0.318526 
5132 0.318526 
5133 0.408019 
5134 0.408019 
5135 0.405783 
5136 0.405783 
5137 0.406013 
5138 0.406013 
5139 0.406556 
5140 0.406556 
5141 0.405888 
5142 0.405888 
5143 0.405135 
5144 0.405135 
5145 0.403181 
5146 0.403181 
5147 0.403411 
5148 0.403411 
5149 0.403097 
5150 0.403097 
5151 0.404101 
5152 0.404101 
5153 0.402345 
5154 0.402345 
5155 0.402335 
5156 0.402335 
5157 0.401937 
5158 0.401937 
5159 0.380410 
5160 0.380410 
5161 0.378529 
5162 0.378529 
5163 0.380442 
5164 0.380442 
5165 0.379752 
5166 0.379752 
5167 0.380191 
5168 0.380191 
5169 0.381633 
5170 0.381633 
5171 0.382908 
5172 0.382908 
5173 0.385353 
5174 0.385353 
5175 0.387590 
5176 0.387590 
5177 0.388760 
5178 0.388760 
5179 0.391435 
5180 0.391435 
5181 0.391905 
5182 0.391905 
5183 0.327053 
5184 0.327053 
5185 0.326948 
5186 0.326948 
5187 0.331066 
5188 0.331066 
5189 0.333375 
5190 0.333375 
5191 0.334775 
5192 0.334775 
5193 0.336322 
5194 0.336322 
5195 0.306571 
5196 0.306571 
5197 0.305934 
5198 0.305934 
5199 0.307073 
5200 0.307073 
5201 0.313374 
5202 0.313374 
5203 0.316603 
5204 0.316603 
5205 0.320835 
5206 0.320835 
5207 0.321713 
5208 0.321713 
5209 0.323270 
5210 0.323270 
5211 0.325402 
5212 0.325402 
5213 0.326666 
5214 0.326666 
5215 0.327419 
5216 0.327419 
5217 0.328453 
5218 0.328453 
5219 0.000366 
5220 0.000366 
5221 0.029647 
5222 0.029647 
5223 0.071237 
5224 0.071237 
5225 0.096944 
5226 0.096944 
5227 0.117938 
5228 0.117938 
5229 0.133143 
5230 0.133143 
5231 0.156509 
5232 0.156509 
5233 0.177085 
5234 0.177085 
5235 0.192091 
5236 0.192091 
5237 0.204485 
5238 0.204485 
5239 0.215698 
5240 0.215698 
5241 0.224852 
5242 0.224852 
5243 0.235595 
5244 0.235595 
5245 0.324221 
5246 0.324221 
5247 0.326321 
5248 0.326321 
5249 0.329185 
5250 0.329185 
5251 0.336050 
5252 0.336050 
5253 0.342320 
5254 0.342320 
5255 0.346417 
5256 0.346417 
5257 0.362437 
5258 0.362437 
5259 0.379376 
5260 0.379376 
5261 0.401436 
5262 0.401436 
5263 0.431762 
5264 0.431762 
5265 0.445315 
5266 0.445315 
5267 0.423120 
5268 0.423120 
5269 0.209971 
5270 0.209971 
5271 0.221780 
5272 0.221780 
5273 0.224883 
5274 0.224883 
5275 0.231613 
5276 0.231613 
5277 0.234623 
5278 0.234623 
5279 0.235720 
5280 0.235720 
5281 0.236640 
5282 0.236640 
5283 0.230756 
5284 0.230756 
5285 0.230380 
5286 0.230380 
5287 0.228081 
5288 0.228081 
5289 0.249535 
5290 0.249535 
5291 0.285159 
5292 0.285159 
5293 0.337973 
5294 0.337973 
5295 0.392731 
5296 0.392731 
5297 0.459527 
5298 0.459527 
5299 0.525069 
5300 0.525069 
5301 0.563097 
5302 0.563097 
5303 0.647930 
5304 0.647930 
5305 0.710076 
5306 0.710076 
5307 0.744801 
5308 0.744801 
5309 0.774364 
5310 0.774364 
5311 0.804983 
5312 0.804983 
5313 0.822821 
5314 0.822821 
5315 0.836500 
5316 0.836500 
5317 0.852603 
5318 0.852603 
5319 0.919431 
5320 0.919431 
5321 0.919002 
5322 0.919002 
5323 0.923402 
5324 0.923402 
5325 0.927634 
5326 0.927634 
5327 0.930821 
5328 0.930821 
5329 0.932566 
5330 0.932566 
5331 0.935127 
5332 0.935127 
5333 0.936590 
5334 0.936590 
5335 0.938439 
5336 0.938439 
5337 0.940581 
5338 0.940581 
5339 0.941052 
5340 0.941052 
5341 0.941929 
5342 0.941929 
5343 0.941647 
5344 0.941647 
5345 0.893713 
5346 0.893713 
5347 0.903902 
5348 0.903902 
5349 0.907392 
5350 0.907392 
5351 0.910057 
5352 0.910057 
5353 0.916139 
5354 0.916139 
5355 0.918333 
5356 0.918333 
5357 0.919849 
5358 0.919849 
5359 0.924656 
5360 0.924656 
5361 0.925711 
5362 0.925711 
5363 0.884423 
5364 0.884423 
5365 0.859291 
5366 0.859291 
5367 0.753840 
5368 0.753840 
5369 0.625389 
5370 0.625389 
5371 0.631116 
5372 0.631116 
5373 0.624909 
5374 0.624909 
5375 0.622286 
5376 0.622286 
5377 0.613434 
5378 0.613434 
5379 0.595868 
5380 0.595868 
5381 0.579681 
5382 0.579681 
5383 0.558384 
5384 0.558384 
5385 0.549136 
5386 0.549136 
5387 0.551623 
5388 0.551623 
5389 0.559199 
5390 0.559199 
5391 0.560380 
5392 0.560380 
5393 0.568092 
5394 0.568092 
5395 0.581343 
5396 0.581343 
5397 0.590183 
5398 0.590183 
5399 0.591437 
5400 0.591437 
5401 0.586923 
5402 0.586923 
5403 0.580245 
5404 0.580245 
5405 0.576473 
5406 0.576473 
5407 0.570527 
5408 0.570527 
5409 0.567120 
5410 0.567120 
5411 0.560474 
5412 0.560474 
5413 0.556722 
5414 0.556722 
5415 0.554664 
5416 0.554664 
5417 0.562836 
5418 0.562836 
5419 0.575167 
5420 0.575167 
5421 0.590068 
5422 0.590068 
5423 0.604845 
5424 0.604845 
5425 0.623153 
5426 0.623153 
5427 0.631053 
5428 0.631053 
5429 0.636205 
5430 0.636205 
5431 0.647794 
5432 0.647794 
5433 0.654566 
5434 0.654566 
5435 0.671735 
5436 0.671735 
5437 0.686396 
5438 0.686396 
5439 0.693011 
5440 0.693011 
5441 0.699689 
5442 0.699689 
5443 0.708446 
5444 0.708446 
5445 0.721299 
5446 0.721299 
5447 0.724267 
5448 0.724267 
5449 0.728050 
5450 0.728050 
5451 0.730370 
5452 0.730370 
5453 0.733996 
5454 0.733996 
5455 0.735354 
5456 0.735354 
5457 0.737727 
5458 0.737727 
5459 0.737423 
5460 0.737423 
5461 0.738970 
5462 0.738970 
5463 0.751667 
5464 0.751667 
5465 0.766767 
5466 0.766767 
5467 0.774040 
5468 0.774040 
5469 0.833908 
5470 0.833908 
5471 0.836050 
5472 0.836050 
5473 0.834222 
5474 0.834222 
5475 0.834660 
5476 0.834660 
5477 0.836123 
5478 0.836123 
5479 0.838245 
5480 0.838245 
5481 0.838213 
5482 0.838213 
5483 0.839645 
5484 0.839645 
5485 0.844651 
5486 0.844651 
5487 0.845894 
5488 0.845894 
5489 0.847106 
5490 0.847106 
5491 0.850701 
5492 0.850701 
5493 0.854860 
5494 0.854860 
5495 0.908793 
5496 0.908793 
5497 0.924771 
5498 0.924771 
5499 0.960614 
5500 0.960614 
5501 0.971283 
5502 0.971283 
5503 0.974993 
5504 0.974993 
5505 0.975223 
5506 0.975223 
5507 0.975265 
5508 0.975265 
5509 0.976164 
5510 0.976164 
5511 0.977992 
5512 0.977992 
5513 0.978337 
5514 0.978337 
5515 0.978724 
5516 0.978724 
5517 0.978463 
5518 0.978463 
5519 0.980072 
5520 0.980072 
5521 0.980344 
5522 0.980344 
5523 0.980668 
5524 0.980668 
5525 0.980459 
5526 0.980459 
5527 0.980155 
5528 0.980155 
5529 0.980417 
5530 0.980417 
5531 0.979999 
5532 0.979999 
5533 0.980260 
5534 0.980260 
5535 0.979779 
5536 0.979779 
5537 0.979309 
5538 0.979309 
5539 0.979069 
5540 0.979069 
5541 0.978651 
5542 0.978651 
5543 0.978588 
5544 0.978588 
5545 0.978034 
5546 0.978034 
5547 0.978118 
5548 0.978118 
5549 0.978180 
5550 0.978180 
5551 0.977292 
5552 0.977292 
5553 0.977292 
5554 0.977292 
5555 0.976655 
5556 0.976655 
5557 0.976937 
5558 0.976937 
5559 0.976832 
5560 0.976832 
5561 0.976404 
5562 0.976404 
5563 0.976111 
5564 0.976111 
5565 0.975317 
5566 0.975317 
5567 0.974460 
5568 0.974460 
5569 0.971890 
5570 0.971890 
5571 0.971733 
5572 0.971733 
5573 0.972245 
5574 0.972245 
5575 0.972234 
5576 0.972234 
5577 0.972349 
5578 0.972349 
5579 0.971555 
5580 0.971555 
5581 0.971336 
5582 0.971336 
5583 0.971566 
5584 0.971566 
5585 0.971283 
5586 0.971283 
5587 0.970667 
5588 0.970667 
5589 0.971179 
5590 0.971179 
5591 0.970918 
5592 0.970918 
5593 0.971806 
5594 0.971806 
5595 0.971346 
5596 0.971346 
5597 0.971283 
5598 0.971283 
5599 0.971733 
5600 0.971733 
5601 0.971597 
5602 0.971597 
5603 0.971001 
5604 0.971001 
5605 0.971200 
5606 0.971200 
5607 0.970531 
5608 0.970531 
5609 0.970406 
5610 0.970406 
5611 0.969392 
5612 0.969392 
5613 0.969455 
5614 0.969455 
5615 0.969016 
5616 0.969016 
5617 0.968964 
5618 0.968964 
5619 0.967072 
5620 0.967072 
5621 0.966215 
5622 0.966215 
5623 0.966142 
5624 0.966142 
5625 0.966184 
5626 0.966184 
5627 0.966247 
5628 0.966247 
5629 0.966435 
5630 0.966435 
5631 0.966842 
5632 0.966842 
5633 0.967689 
5634 0.967689 
5635 0.968984 
5636 0.968984 
5637 0.968535 
5638 0.968535 
5639 0.968911 
5640 0.968911 
5641 0.969361 
5642 0.969361 
5643 0.969726 
5644 0.969726 
5645 0.969549 
5646 0.969549 
5647 0.969706 
5648 0.969706 
5649 0.969800 
5650 0.969800 
5651 0.969611 
5652 0.969611 
5653 0.969444 
5654 0.969444 
5655 0.969382 
5656 0.969382 
5657 0.969695 
5658 0.969695 
5659 0.970301 
5660 0.970301 
5661 0.970228 
5662 0.970228 
5663 0.970155 
5664 0.970155 
5665 0.969800 
5666 0.969800 
5667 0.969810 
5668 0.969810 
5669 0.971952 
5670 0.971952 
5671 0.972391 
5672 0.972391 
5673 0.971848 
5674 0.971848 
5675 0.971513 
5676 0.971513 
5677 0.971566 
5678 0.971566 
5679 0.971963 
5680 0.971963 
5681 0.971754 
5682 0.971754 
5683 0.971795 
5684 0.971795 
5685 0.971576 
5686 0.971576 
5687 0.971743 
5688 0.971743 
5689 0.971670 
5690 0.971670 
5691 0.971984 
5692 0.971984 
5693 0.971712 
5694 0.971712 
5695 0.971169 
5696 0.971169 
5697 0.971639 
5698 0.971639 
5699 0.971189 
5700 0.971189 
5701 0.971315 
5702 0.971315 
5703 0.971158 
5704 0.971158 
5705 0.971451 
5706 0.971451 
5707 0.971200 
5708 0.971200 
5709 0.971242 
5710 0.971242 
5711 0.972088 
5712 0.972088 
5713 0.971994 
5714 0.971994 
5715 0.972537 
5716 0.972537 
5717 0.972423 
5718 0.972423 
5719 0.972642 
5720 0.972642 
5721 0.973227 
5722 0.973227 
5723 0.973112 
5724 0.973112 
5725 0.973353 
5726 0.973353 
5727 0.973217 
5728 0.973217 
5729 0.973279 
5730 0.973279 
5731 0.973279 
5732 0.973279 
5733 0.973373 
5734 0.973373 
5735 0.973394 
5736 0.973394 
Time taken: 407.483106
