1 0.155175 
2 0.155175 
3 0.170972 
4 0.170972 
5 0.194109 
6 0.194109 
7 0.228063 
8 0.228063 
9 0.249896 
10 0.249896 
11 0.262153 
12 0.262153 
13 0.269692 
14 0.269692 
15 0.268220 
16 0.268220 
17 0.272480 
18 0.272480 
19 0.273471 
20 0.273471 
21 0.270945 
22 0.270945 
23 0.271321 
24 0.271321 
25 0.272981 
26 0.272981 
27 0.277272 
28 0.277272 
29 0.278744 
30 0.278744 
31 0.283328 
32 0.283328 
33 0.285719 
34 0.285719 
35 0.290814 
36 0.290814 
37 0.290459 
38 0.290459 
39 0.287922 
40 0.287922 
41 0.287943 
42 0.287943 
43 0.281615 
44 0.281615 
45 0.282576 
46 0.282576 
47 0.282023 
48 0.282023 
49 0.279047 
50 0.279047 
51 0.274150 
52 0.274150 
53 0.271039 
54 0.271039 
55 0.268084 
56 0.268084 
57 0.263782 
58 0.263782 
59 0.261255 
60 0.261255 
61 0.260754 
62 0.260754 
63 0.258572 
64 0.258572 
65 0.257632 
66 0.257632 
67 0.256118 
68 0.256118 
69 0.265275 
70 0.265275 
71 0.262383 
72 0.262383 
73 0.262331 
74 0.262331 
75 0.262362 
76 0.262362 
77 0.261475 
78 0.261475 
79 0.261485 
80 0.261485 
81 0.263646 
82 0.263646 
83 0.273169 
84 0.273169 
85 0.299574 
86 0.299574 
87 0.322857 
88 0.322857 
89 0.341965 
90 0.341965 
91 0.370928 
92 0.370928 
93 0.389148 
94 0.389148 
95 0.405519 
96 0.405519 
97 0.412285 
98 0.412285 
99 0.418205 
100 0.418205 
101 0.423499 
102 0.423499 
103 0.428740 
104 0.428740 
105 0.427654 
106 0.427654 
107 0.431757 
108 0.431757 
109 0.439338 
110 0.439338 
111 0.444402 
112 0.444402 
113 0.450050 
114 0.450050 
115 0.459677 
116 0.459677 
117 0.467090 
118 0.467090 
119 0.479379 
120 0.479379 
121 0.486949 
122 0.486949 
123 0.488463 
124 0.488463 
125 0.486928 
126 0.486928 
127 0.480799 
128 0.480799 
129 0.473553 
130 0.473553 
131 0.468698 
132 0.468698 
133 0.463655 
134 0.463655 
135 0.464626 
136 0.464626 
137 0.460011 
138 0.460011 
139 0.451627 
140 0.451627 
141 0.446542 
142 0.446542 
143 0.439714 
144 0.439714 
145 0.430525 
146 0.430525 
147 0.427174 
148 0.427174 
149 0.422674 
150 0.422674 
151 0.416816 
152 0.416816 
153 0.413423 
154 0.413423 
155 0.408025 
156 0.408025 
157 0.402460 
158 0.402460 
159 0.398659 
160 0.398659 
161 0.395611 
162 0.395611 
163 0.393658 
164 0.393658 
165 0.389868 
166 0.389868 
167 0.388427 
168 0.388427 
169 0.394274 
170 0.394274 
171 0.391612 
172 0.391612 
173 0.386788 
174 0.386788 
175 0.382695 
176 0.382695 
177 0.380262 
178 0.380262 
179 0.377882 
180 0.377882 
181 0.376859 
182 0.376859 
183 0.373288 
184 0.373288 
185 0.371293 
186 0.371293 
187 0.368130 
188 0.368130 
189 0.366595 
190 0.366595 
191 0.365091 
192 0.365091 
193 0.363598 
194 0.363598 
195 0.360675 
196 0.360675 
197 0.360633 
198 0.360633 
199 0.360800 
200 0.360800 
201 0.359986 
202 0.359986 
203 0.360184 
204 0.360184 
205 0.359443 
206 0.359443 
207 0.358430 
208 0.358430 
209 0.359140 
210 0.359140 
211 0.359213 
212 0.359213 
213 0.359161 
214 0.359161 
215 0.359892 
216 0.359892 
217 0.360216 
218 0.360216 
219 0.377715 
220 0.377715 
221 0.375877 
222 0.375877 
223 0.374269 
224 0.374269 
225 0.372317 
226 0.372317 
227 0.372609 
228 0.372609 
229 0.369947 
230 0.369947 
231 0.368057 
232 0.368057 
233 0.366992 
234 0.366992 
235 0.366762 
236 0.366762 
237 0.365467 
238 0.365467 
239 0.365927 
240 0.365927 
241 0.366240 
242 0.366240 
243 0.365509 
244 0.365509 
245 0.360748 
246 0.360748 
247 0.361886 
248 0.361886 
249 0.361207 
250 0.361207 
251 0.360800 
252 0.360800 
253 0.359464 
254 0.359464 
255 0.358545 
256 0.358545 
257 0.357344 
258 0.357344 
259 0.357208 
260 0.357208 
261 0.357584 
262 0.357584 
263 0.357167 
264 0.357167 
265 0.356885 
266 0.356885 
267 0.356561 
268 0.356561 
269 0.359861 
270 0.359861 
271 0.358388 
272 0.358388 
273 0.355058 
274 0.355058 
275 0.354974 
276 0.354974 
277 0.354045 
278 0.354045 
279 0.354797 
280 0.354797 
281 0.354264 
282 0.354264 
283 0.354713 
284 0.354713 
285 0.355924 
286 0.355924 
287 0.354682 
288 0.354682 
289 0.353690 
290 0.353690 
291 0.353230 
292 0.353230 
293 0.352635 
294 0.352635 
295 0.353136 
296 0.353136 
297 0.352552 
298 0.352552 
299 0.351884 
300 0.351884 
301 0.352082 
302 0.352082 
303 0.352218 
304 0.352218 
305 0.352030 
306 0.352030 
307 0.351748 
308 0.351748 
309 0.351852 
310 0.351852 
311 0.352604 
312 0.352604 
313 0.352092 
314 0.352092 
315 0.352145 
316 0.352145 
317 0.352280 
318 0.352280 
319 0.359192 
320 0.359192 
321 0.357469 
322 0.357469 
323 0.355413 
324 0.355413 
325 0.356363 
326 0.356363 
327 0.356060 
328 0.356060 
329 0.356123 
330 0.356123 
331 0.356206 
332 0.356206 
333 0.356373 
334 0.356373 
335 0.356164 
336 0.356164 
337 0.355705 
338 0.355705 
339 0.356050 
340 0.356050 
341 0.361876 
342 0.361876 
343 0.372985 
344 0.372985 
345 0.389304 
346 0.389304 
347 0.397761 
348 0.397761 
349 0.406396 
350 0.406396 
351 0.409445 
352 0.409445 
353 0.410834 
354 0.410834 
355 0.409769 
356 0.409769 
357 0.409925 
358 0.409925 
359 0.410468 
360 0.410468 
361 0.409278 
362 0.409278 
363 0.406292 
364 0.406292 
365 0.404402 
366 0.404402 
367 0.402533 
368 0.402533 
369 0.402554 
370 0.402554 
371 0.401687 
372 0.401687 
373 0.400737 
374 0.400737 
375 0.398283 
376 0.398283 
377 0.397887 
378 0.397887 
379 0.394535 
380 0.394535 
381 0.392102 
382 0.392102 
383 0.390714 
384 0.390714 
385 0.391706 
386 0.391706 
387 0.392510 
388 0.392510 
389 0.394963 
390 0.394963 
391 0.401259 
392 0.401259 
393 0.406083 
394 0.406083 
395 0.406062 
396 0.406062 
397 0.409779 
398 0.409779 
399 0.408401 
400 0.408401 
401 0.413204 
402 0.413204 
403 0.414759 
404 0.414759 
405 0.417077 
406 0.417077 
407 0.421525 
408 0.421525 
409 0.427842 
410 0.427842 
411 0.435454 
412 0.435454 
413 0.444683 
414 0.444683 
415 0.461379 
416 0.461379 
417 0.474315 
418 0.474315 
419 0.498152 
420 0.498152 
421 0.513688 
422 0.513688 
423 0.526489 
424 0.526489 
425 0.538193 
426 0.538193 
427 0.555578 
428 0.555578 
429 0.569548 
430 0.569548 
431 0.579529 
432 0.579529 
433 0.598062 
434 0.598062 
435 0.607908 
436 0.607908 
437 0.617796 
438 0.617796 
439 0.629813 
440 0.629813 
441 0.635963 
442 0.635963 
443 0.642123 
444 0.642123 
445 0.660406 
446 0.660406 
447 0.664175 
448 0.664175 
449 0.671045 
450 0.671045 
451 0.678834 
452 0.678834 
453 0.683731 
454 0.683731 
455 0.687114 
456 0.687114 
457 0.695258 
458 0.695258 
459 0.701533 
460 0.701533 
461 0.706283 
462 0.706283 
463 0.710418 
464 0.710418 
465 0.713717 
466 0.713717 
467 0.717205 
468 0.717205 
469 0.727218 
470 0.727218 
471 0.727823 
472 0.727823 
473 0.728784 
474 0.728784 
475 0.729713 
476 0.729713 
477 0.729713 
478 0.729713 
479 0.728888 
480 0.728888 
481 0.728314 
482 0.728314 
483 0.727688 
484 0.727688 
485 0.726487 
486 0.726487 
487 0.725829 
488 0.725829 
489 0.724430 
490 0.724430 
491 0.724503 
492 0.724503 
493 0.724910 
494 0.724910 
495 0.717925 
496 0.717925 
497 0.718144 
498 0.718144 
499 0.726591 
500 0.726591 
501 0.731478 
502 0.731478 
503 0.737377 
504 0.737377 
505 0.743015 
506 0.743015 
507 0.748037 
508 0.748037 
509 0.751577 
510 0.751577 
511 0.756661 
512 0.756661 
513 0.762153 
514 0.762153 
515 0.766225 
516 0.766225 
517 0.785165 
518 0.785165 
519 0.824413 
520 0.824413 
521 0.834270 
522 0.834270 
523 0.863745 
524 0.863745 
525 0.878947 
526 0.878947 
527 0.890609 
528 0.890609 
529 0.901478 
530 0.901478 
531 0.912013 
532 0.912013 
533 0.918382 
534 0.918382 
535 0.920805 
536 0.920805 
537 0.923916 
538 0.923916 
539 0.925503 
540 0.925503 
541 0.927059 
542 0.927059 
543 0.926955 
544 0.926955 
545 0.956503 
546 0.956503 
547 0.956544 
548 0.956544 
549 0.956033 
550 0.956033 
551 0.957181 
552 0.957181 
553 0.957108 
554 0.957108 
555 0.956952 
556 0.956952 
557 0.957850 
558 0.957850 
559 0.957108 
560 0.957108 
561 0.957401 
562 0.957401 
563 0.957181 
564 0.957181 
565 0.957025 
566 0.957025 
567 0.956659 
568 0.956659 
569 0.948223 
570 0.948223 
571 0.948902 
572 0.948902 
573 0.949413 
574 0.949413 
575 0.948745 
576 0.948745 
577 0.948902 
578 0.948902 
579 0.949570 
580 0.949570 
581 0.949612 
582 0.949612 
583 0.951167 
584 0.951167 
585 0.950927 
586 0.950927 
587 0.951376 
588 0.951376 
589 0.954080 
590 0.954080 
591 0.953663 
592 0.953663 
593 0.956879 
594 0.956879 
595 0.967205 
596 0.967205 
597 0.970379 
598 0.970379 
599 0.971997 
600 0.971997 
601 0.973146 
602 0.973146 
603 0.973918 
604 0.973918 
605 0.974973 
606 0.974973 
607 0.975954 
608 0.975954 
609 0.976967 
610 0.976967 
611 0.977009 
612 0.977009 
613 0.976696 
614 0.976696 
615 0.976957 
616 0.976957 
617 0.976445 
618 0.976445 
619 0.980789 
620 0.980789 
621 0.980381 
622 0.980381 
623 0.980736 
624 0.980736 
625 0.980768 
626 0.980768 
627 0.980799 
628 0.980799 
629 0.981237 
630 0.981237 
631 0.982041 
632 0.982041 
633 0.982198 
634 0.982198 
635 0.982094 
636 0.982094 
637 0.982438 
638 0.982438 
639 0.982856 
640 0.982856 
641 0.983054 
642 0.983054 
643 0.982543 
644 0.982543 
645 0.982041 
646 0.982041 
647 0.982167 
648 0.982167 
649 0.981519 
650 0.981519 
651 0.981937 
652 0.981937 
653 0.982302 
654 0.982302 
655 0.981624 
656 0.981624 
657 0.980976 
658 0.980976 
659 0.980663 
660 0.980663 
661 0.980945 
662 0.980945 
663 0.980465 
664 0.980465 
665 0.980548 
666 0.980548 
667 0.980110 
668 0.980110 
669 0.980924 
670 0.980924 
671 0.980841 
672 0.980841 
673 0.980235 
674 0.980235 
675 0.980611 
676 0.980611 
677 0.980298 
678 0.980298 
679 0.980715 
680 0.980715 
681 0.980830 
682 0.980830 
683 0.980851 
684 0.980851 
685 0.980496 
686 0.980496 
687 0.980152 
688 0.980152 
689 0.980110 
690 0.980110 
691 0.980507 
692 0.980507 
693 0.980298 
694 0.980298 
695 0.980632 
696 0.980632 
697 0.980246 
698 0.980246 
699 0.980225 
700 0.980225 
701 0.980058 
702 0.980058 
703 0.980246 
704 0.980246 
705 0.980611 
706 0.980611 
707 0.980935 
708 0.980935 
709 0.980882 
710 0.980882 
711 0.981039 
712 0.981039 
713 0.981321 
714 0.981321 
715 0.980642 
716 0.980642 
717 0.980507 
718 0.980507 
719 0.980434 
720 0.980434 
721 0.980079 
722 0.980079 
723 0.980381 
724 0.980381 
725 0.980298 
726 0.980298 
727 0.980653 
728 0.980653 
729 0.980663 
730 0.980663 
731 0.980987 
732 0.980987 
733 0.980444 
734 0.980444 
735 0.980517 
736 0.980517 
737 0.980413 
738 0.980413 
739 0.979932 
740 0.979932 
741 0.980079 
742 0.980079 
743 0.980005 
744 0.980005 
745 0.979776 
746 0.979776 
747 0.979985 
748 0.979985 
749 0.979536 
750 0.979536 
751 0.978951 
752 0.978951 
753 0.978899 
754 0.978899 
755 0.978867 
756 0.978867 
757 0.978846 
758 0.978846 
759 0.979295 
760 0.979295 
761 0.979170 
762 0.979170 
763 0.979045 
764 0.979045 
765 0.979285 
766 0.979285 
767 0.978930 
768 0.978930 
769 0.978773 
770 0.978773 
771 0.978596 
772 0.978596 
773 0.979233 
774 0.979233 
775 0.978752 
776 0.978752 
777 0.978815 
778 0.978815 
779 0.978324 
780 0.978324 
781 0.978001 
782 0.978001 
783 0.978136 
784 0.978136 
785 0.978356 
786 0.978356 
787 0.977949 
788 0.977949 
789 0.977959 
790 0.977959 
791 0.977855 
792 0.977855 
793 0.977969 
794 0.977969 
795 0.977792 
796 0.977792 
797 0.977531 
798 0.977531 
799 0.977928 
800 0.977928 
801 0.977009 
802 0.977009 
803 0.976476 
804 0.976476 
805 0.976278 
806 0.976278 
807 0.975819 
808 0.975819 
809 0.975693 
810 0.975693 
811 0.976226 
812 0.976226 
813 0.976038 
814 0.976038 
815 0.975359 
816 0.975359 
817 0.975370 
818 0.975370 
819 0.974315 
820 0.974315 
821 0.974440 
822 0.974440 
823 0.973845 
824 0.973845 
825 0.973835 
826 0.973835 
827 0.973668 
828 0.973668 
829 0.973657 
830 0.973657 
831 0.974409 
832 0.974409 
833 0.974545 
834 0.974545 
835 0.974545 
836 0.974545 
837 0.974534 
838 0.974534 
839 0.974827 
840 0.974827 
841 0.975056 
842 0.975056 
843 0.974973 
844 0.974973 
845 0.974346 
846 0.974346 
847 0.974263 
848 0.974263 
849 0.974555 
850 0.974555 
851 0.974952 
852 0.974952 
853 0.975088 
854 0.975088 
855 0.974837 
856 0.974837 
857 0.974868 
858 0.974868 
859 0.974962 
860 0.974962 
861 0.974921 
862 0.974921 
863 0.975088 
864 0.975088 
865 0.975223 
866 0.975223 
867 0.974827 
868 0.974827 
869 0.974879 
870 0.974879 
871 0.974587 
872 0.974587 
873 0.974566 
874 0.974566 
875 0.974566 
876 0.974566 
877 0.974566 
878 0.974566 
879 0.974795 
880 0.974795 
881 0.974795 
882 0.974795 
883 0.974378 
884 0.974378 
885 0.974680 
886 0.974680 
887 0.974910 
888 0.974910 
889 0.975035 
890 0.975035 
891 0.975296 
892 0.975296 
893 0.975328 
894 0.975328 
895 0.975276 
896 0.975276 
897 0.975088 
898 0.975088 
899 0.975286 
900 0.975286 
901 0.975182 
902 0.975182 
903 0.975077 
904 0.975077 
905 0.975004 
906 0.975004 
907 0.975025 
908 0.975025 
909 0.975109 
910 0.975109 
911 0.975349 
912 0.975349 
913 0.975401 
914 0.975401 
915 0.975798 
916 0.975798 
917 0.975631 
918 0.975631 
919 0.975641 
920 0.975641 
921 0.975589 
922 0.975589 
923 0.975902 
924 0.975902 
925 0.975725 
926 0.975725 
927 0.975693 
928 0.975693 
929 0.974931 
930 0.974931 
931 0.975088 
932 0.975088 
933 0.975182 
934 0.975182 
935 0.975610 
936 0.975610 
937 0.975881 
938 0.975881 
939 0.975850 
940 0.975850 
941 0.976111 
942 0.976111 
943 0.976017 
944 0.976017 
945 0.975860 
946 0.975860 
947 0.975474 
948 0.975474 
949 0.975578 
950 0.975578 
951 0.975589 
952 0.975589 
953 0.975610 
954 0.975610 
955 0.975338 
956 0.975338 
957 0.975244 
958 0.975244 
959 0.975234 
960 0.975234 
961 0.975046 
962 0.975046 
963 0.974754 
964 0.974754 
965 0.974534 
966 0.974534 
967 0.974952 
968 0.974952 
969 0.974889 
970 0.974889 
971 0.974931 
972 0.974931 
973 0.974931 
974 0.974931 
975 0.974868 
976 0.974868 
977 0.974472 
978 0.974472 
979 0.974346 
980 0.974346 
981 0.974419 
982 0.974419 
983 0.974242 
984 0.974242 
985 0.974409 
986 0.974409 
987 0.974816 
988 0.974816 
989 0.975088 
990 0.975088 
991 0.974973 
992 0.974973 
993 0.975255 
994 0.975255 
995 0.975255 
996 0.975255 
997 0.975317 
998 0.975317 
999 0.975516 
1000 0.975516 
1001 0.975390 
1002 0.975390 
1003 0.975505 
1004 0.975505 
1005 0.974524 
1006 0.974524 
1007 0.974545 
1008 0.974545 
1009 0.974482 
1010 0.974482 
1011 0.973292 
1012 0.973292 
1013 0.974002 
1014 0.974002 
1015 0.973824 
1016 0.973824 
1017 0.973783 
1018 0.973783 
1019 0.973950 
1020 0.973950 
1021 0.974054 
1022 0.974054 
1023 0.973636 
1024 0.973636 
1025 0.973803 
1026 0.973803 
1027 0.973762 
1028 0.973762 
1029 0.974012 
1030 0.974012 
1031 0.974179 
1032 0.974179 
1033 0.974451 
1034 0.974451 
1035 0.975025 
1036 0.975025 
1037 0.975004 
1038 0.975004 
1039 0.975025 
1040 0.975025 
1041 0.974889 
1042 0.974889 
1043 0.975213 
1044 0.975213 
1045 0.974983 
1046 0.974983 
1047 0.974733 
1048 0.974733 
1049 0.974795 
1050 0.974795 
1051 0.975109 
1052 0.975109 
1053 0.974774 
1054 0.974774 
1055 0.975223 
1056 0.975223 
1057 0.974837 
1058 0.974837 
1059 0.975088 
1060 0.975088 
1061 0.974085 
1062 0.974085 
1063 0.974263 
1064 0.974263 
1065 0.974576 
1066 0.974576 
1067 0.974858 
1068 0.974858 
1069 0.974879 
1070 0.974879 
1071 0.974660 
1072 0.974660 
1073 0.974461 
1074 0.974461 
1075 0.974399 
1076 0.974399 
1077 0.974451 
1078 0.974451 
1079 0.974764 
1080 0.974764 
1081 0.974566 
1082 0.974566 
1083 0.974722 
1084 0.974722 
1085 0.974440 
1086 0.974440 
1087 0.974326 
1088 0.974326 
1089 0.975098 
1090 0.975098 
1091 0.974660 
1092 0.974660 
1093 0.974566 
1094 0.974566 
1095 0.974952 
1096 0.974952 
1097 0.974754 
1098 0.974754 
1099 0.974973 
1100 0.974973 
1101 0.974701 
1102 0.974701 
1103 0.974660 
1104 0.974660 
1105 0.974931 
1106 0.974931 
1107 0.975035 
1108 0.975035 
1109 0.975150 
1110 0.975150 
1111 0.974399 
1112 0.974399 
1113 0.974367 
1114 0.974367 
1115 0.974503 
1116 0.974503 
1117 0.974858 
1118 0.974858 
1119 0.974649 
1120 0.974649 
1121 0.974952 
1122 0.974952 
1123 0.974931 
1124 0.974931 
1125 0.975088 
1126 0.975088 
1127 0.974983 
1128 0.974983 
1129 0.975328 
1130 0.975328 
1131 0.975129 
1132 0.975129 
1133 0.975119 
1134 0.975119 
1135 0.974503 
1136 0.974503 
1137 0.974200 
1138 0.974200 
1139 0.974607 
1140 0.974607 
1141 0.974858 
1142 0.974858 
1143 0.975015 
1144 0.975015 
1145 0.974816 
1146 0.974816 
1147 0.974827 
1148 0.974827 
1149 0.974597 
1150 0.974597 
1151 0.974858 
1152 0.974858 
1153 0.974900 
1154 0.974900 
1155 0.974774 
1156 0.974774 
1157 0.974931 
1158 0.974931 
1159 0.974973 
1160 0.974973 
1161 0.975714 
1162 0.975714 
1163 0.975568 
1164 0.975568 
1165 0.975015 
1166 0.975015 
1167 0.975088 
1168 0.975088 
1169 0.975276 
1170 0.975276 
1171 0.975223 
1172 0.975223 
1173 0.975015 
1174 0.975015 
1175 0.975359 
1176 0.975359 
1177 0.975109 
1178 0.975109 
1179 0.975077 
1180 0.975077 
1181 0.975056 
1182 0.975056 
1183 0.975265 
1184 0.975265 
1185 0.973845 
1186 0.973845 
1187 0.973991 
1188 0.973991 
1189 0.973762 
1190 0.973762 
1191 0.974200 
1192 0.974200 
1193 0.974409 
1194 0.974409 
1195 0.974660 
1196 0.974660 
1197 0.974754 
1198 0.974754 
1199 0.974962 
1200 0.974962 
1201 0.974827 
1202 0.974827 
1203 0.974858 
1204 0.974858 
1205 0.974691 
1206 0.974691 
1207 0.974785 
1208 0.974785 
1209 0.974858 
1210 0.974858 
1211 0.974493 
1212 0.974493 
1213 0.974639 
1214 0.974639 
1215 0.974597 
1216 0.974597 
1217 0.974388 
1218 0.974388 
1219 0.974701 
1220 0.974701 
1221 0.974994 
1222 0.974994 
1223 0.974910 
1224 0.974910 
1225 0.975035 
1226 0.975035 
1227 0.975161 
1228 0.975161 
1229 0.974879 
1230 0.974879 
1231 0.974952 
1232 0.974952 
1233 0.974994 
1234 0.974994 
1235 0.973950 
1236 0.973950 
1237 0.973845 
1238 0.973845 
1239 0.973668 
1240 0.973668 
1241 0.973365 
1242 0.973365 
1243 0.973762 
1244 0.973762 
1245 0.973991 
1246 0.973991 
1247 0.973929 
1248 0.973929 
1249 0.974033 
1250 0.974033 
1251 0.974054 
1252 0.974054 
1253 0.973991 
1254 0.973991 
1255 0.974190 
1256 0.974190 
1257 0.974096 
1258 0.974096 
1259 0.974336 
1260 0.974336 
1261 0.973918 
1262 0.973918 
1263 0.973929 
1264 0.973929 
1265 0.973939 
1266 0.973939 
1267 0.973866 
1268 0.973866 
1269 0.973772 
1270 0.973772 
1271 0.974326 
1272 0.974326 
1273 0.974388 
1274 0.974388 
1275 0.974576 
1276 0.974576 
1277 0.974378 
1278 0.974378 
1279 0.974221 
1280 0.974221 
1281 0.974085 
1282 0.974085 
1283 0.974190 
1284 0.974190 
1285 0.974096 
1286 0.974096 
1287 0.973689 
1288 0.973689 
1289 0.974096 
1290 0.974096 
1291 0.974044 
1292 0.974044 
1293 0.973897 
1294 0.973897 
1295 0.974211 
1296 0.974211 
1297 0.974785 
1298 0.974785 
1299 0.974858 
1300 0.974858 
1301 0.974879 
1302 0.974879 
1303 0.975171 
1304 0.975171 
1305 0.975035 
1306 0.975035 
1307 0.974879 
1308 0.974879 
1309 0.975046 
1310 0.975046 
1311 0.974503 
1312 0.974503 
1313 0.974513 
1314 0.974513 
1315 0.974712 
1316 0.974712 
1317 0.974806 
1318 0.974806 
1319 0.974952 
1320 0.974952 
1321 0.975255 
1322 0.975255 
1323 0.975213 
1324 0.975213 
1325 0.975693 
1326 0.975693 
1327 0.975986 
1328 0.975986 
1329 0.975944 
1330 0.975944 
1331 0.975819 
1332 0.975819 
1333 0.975662 
1334 0.975662 
1335 0.974942 
1336 0.974942 
1337 0.974785 
1338 0.974785 
1339 0.974973 
1340 0.974973 
1341 0.975192 
1342 0.975192 
1343 0.975046 
1344 0.975046 
1345 0.975077 
1346 0.975077 
1347 0.975088 
1348 0.975088 
1349 0.975359 
1350 0.975359 
1351 0.975464 
1352 0.975464 
1353 0.975745 
1354 0.975745 
1355 0.975829 
1356 0.975829 
1357 0.976090 
1358 0.976090 
1359 0.976007 
1360 0.976007 
1361 0.975004 
1362 0.975004 
1363 0.975610 
1364 0.975610 
1365 0.975735 
1366 0.975735 
1367 0.975850 
1368 0.975850 
1369 0.976038 
1370 0.976038 
1371 0.976007 
1372 0.976007 
1373 0.976132 
1374 0.976132 
1375 0.975735 
1376 0.975735 
1377 0.975829 
1378 0.975829 
1379 0.975892 
1380 0.975892 
1381 0.975871 
1382 0.975871 
1383 0.975881 
1384 0.975881 
1385 0.975370 
1386 0.975370 
1387 0.974921 
1388 0.974921 
1389 0.975474 
1390 0.975474 
1391 0.975390 
1392 0.975390 
1393 0.974900 
1394 0.974900 
1395 0.974962 
1396 0.974962 
1397 0.975505 
1398 0.975505 
1399 0.975568 
1400 0.975568 
1401 0.975745 
1402 0.975745 
1403 0.975819 
1404 0.975819 
1405 0.975296 
1406 0.975296 
1407 0.975380 
1408 0.975380 
1409 0.975965 
1410 0.975965 
1411 0.975756 
1412 0.975756 
1413 0.975965 
1414 0.975965 
1415 0.976101 
1416 0.976101 
1417 0.976518 
1418 0.976518 
1419 0.976685 
1420 0.976685 
1421 0.977176 
1422 0.977176 
1423 0.977145 
1424 0.977145 
1425 0.976810 
1426 0.976810 
1427 0.976351 
1428 0.976351 
1429 0.976476 
1430 0.976476 
1431 0.976466 
1432 0.976466 
1433 0.976779 
1434 0.976779 
1435 0.975495 
1436 0.975495 
1437 0.975307 
1438 0.975307 
1439 0.975432 
1440 0.975432 
1441 0.976038 
1442 0.976038 
1443 0.975808 
1444 0.975808 
1445 0.975025 
1446 0.975025 
1447 0.975129 
1448 0.975129 
1449 0.975516 
1450 0.975516 
1451 0.975829 
1452 0.975829 
1453 0.975547 
1454 0.975547 
1455 0.975495 
1456 0.975495 
1457 0.975871 
1458 0.975871 
1459 0.976288 
1460 0.976288 
1461 0.974983 
1462 0.974983 
1463 0.976142 
1464 0.976142 
1465 0.976247 
1466 0.976247 
1467 0.977072 
1468 0.977072 
1469 0.977740 
1470 0.977740 
1471 0.978283 
1472 0.978283 
1473 0.977677 
1474 0.977677 
1475 0.977969 
1476 0.977969 
1477 0.977061 
1478 0.977061 
1479 0.978377 
1480 0.978377 
1481 0.978345 
1482 0.978345 
1483 0.977447 
1484 0.977447 
1485 0.977186 
1486 0.977186 
1487 0.977750 
1488 0.977750 
1489 0.978053 
1490 0.978053 
1491 0.978784 
1492 0.978784 
1493 0.977708 
1494 0.977708 
1495 0.978147 
1496 0.978147 
1497 0.979598 
1498 0.979598 
1499 0.979974 
1500 0.979974 
1501 0.981070 
1502 0.981070 
1503 0.981634 
1504 0.981634 
1505 0.981718 
1506 0.981718 
1507 0.982637 
1508 0.982637 
1509 0.983388 
1510 0.983388 
1511 0.984119 
1512 0.984119 
1513 0.983952 
1514 0.983952 
1515 0.984495 
1516 0.984495 
1517 0.985299 
1518 0.985299 
1519 0.986500 
1520 0.986500 
1521 0.986552 
1522 0.986552 
1523 0.986615 
1524 0.986615 
1525 0.987314 
1526 0.987314 
1527 0.987366 
1528 0.987366 
1529 0.986688 
1530 0.986688 
1531 0.987011 
1532 0.987011 
1533 0.987366 
1534 0.987366 
1535 0.988160 
1536 0.988160 
1537 0.987565 
1538 0.987565 
1539 0.987241 
1540 0.987241 
1541 0.987199 
1542 0.987199 
1543 0.986615 
1544 0.986615 
1545 0.986124 
1546 0.986124 
1547 0.986343 
1548 0.986343 
1549 0.986270 
1550 0.986270 
1551 0.985508 
1552 0.985508 
1553 0.985487 
1554 0.985487 
1555 0.986155 
1556 0.986155 
1557 0.987022 
1558 0.987022 
1559 0.986949 
1560 0.986949 
1561 0.987210 
1562 0.987210 
1563 0.985842 
1564 0.985842 
1565 0.984391 
1566 0.984391 
1567 0.984986 
1568 0.984986 
1569 0.983148 
1570 0.983148 
1571 0.983054 
1572 0.983054 
1573 0.983294 
1574 0.983294 
1575 0.982689 
1576 0.982689 
1577 0.982208 
1578 0.982208 
1579 0.983597 
1580 0.983597 
1581 0.983890 
1582 0.983890 
1583 0.983555 
1584 0.983555 
1585 0.981321 
1586 0.981321 
1587 0.981248 
1588 0.981248 
1589 0.981478 
1590 0.981478 
1591 0.982167 
1592 0.982167 
1593 0.983399 
1594 0.983399 
1595 0.982522 
1596 0.982522 
1597 0.983169 
1598 0.983169 
1599 0.984140 
1600 0.984140 
1601 0.983232 
1602 0.983232 
1603 0.983441 
1604 0.983441 
1605 0.983587 
1606 0.983587 
1607 0.985090 
1608 0.985090 
1609 0.985800 
1610 0.985800 
1611 0.986594 
1612 0.986594 
1613 0.987909 
1614 0.987909 
1615 0.986688 
1616 0.986688 
1617 0.988170 
1618 0.988170 
1619 0.987680 
1620 0.987680 
1621 0.987669 
1622 0.987669 
1623 0.989110 
1624 0.989110 
1625 0.988170 
1626 0.988170 
1627 0.988630 
1628 0.988630 
1629 0.988243 
1630 0.988243 
1631 0.988202 
1632 0.988202 
1633 0.989173 
1634 0.989173 
1635 0.987899 
1636 0.987899 
1637 0.989246 
1638 0.989246 
1639 0.989068 
1640 0.989068 
1641 0.989653 
1642 0.989653 
1643 0.989381 
1644 0.989381 
1645 0.989862 
1646 0.989862 
1647 0.990206 
1648 0.990206 
1649 0.989904 
1650 0.989904 
1651 0.990008 
1652 0.990008 
1653 0.989089 
1654 0.989089 
1655 0.989361 
1656 0.989361 
1657 0.988828 
1658 0.988828 
1659 0.987742 
1660 0.987742 
1661 0.988202 
1662 0.988202 
1663 0.988306 
1664 0.988306 
1665 0.986437 
1666 0.986437 
1667 0.987680 
1668 0.987680 
1669 0.986917 
1670 0.986917 
1671 0.986865 
1672 0.986865 
1673 0.986646 
1674 0.986646 
1675 0.986134 
1676 0.986134 
1677 0.983973 
1678 0.983973 
1679 0.981540 
1680 0.981540 
1681 0.981102 
1682 0.981102 
1683 0.979922 
1684 0.979922 
1685 0.976967 
1686 0.976967 
1687 0.976435 
1688 0.976435 
1689 0.973187 
1690 0.973187 
1691 0.972958 
1692 0.972958 
1693 0.971924 
1694 0.971924 
1695 0.974472 
1696 0.974472 
1697 0.976226 
1698 0.976226 
1699 0.974649 
1700 0.974649 
1701 0.976059 
1702 0.976059 
1703 0.976873 
1704 0.976873 
1705 0.977239 
1706 0.977239 
1707 0.976320 
1708 0.976320 
1709 0.974680 
1710 0.974680 
1711 0.971579 
1712 0.971579 
1713 0.972603 
1714 0.972603 
1715 0.971882 
1716 0.971882 
1717 0.969115 
1718 0.969115 
1719 0.964333 
1720 0.964333 
1721 0.962527 
1722 0.962527 
1723 0.964960 
1724 0.964960 
1725 0.972916 
1726 0.972916 
1727 0.976080 
1728 0.976080 
1729 0.978063 
1730 0.978063 
1731 0.964511 
1732 0.964511 
1733 0.949591 
1734 0.949591 
1735 0.931215 
1736 0.931215 
1737 0.932227 
1738 0.932227 
1739 0.935955 
1740 0.935955 
1741 0.931831 
1742 0.931831 
1743 0.904517 
1744 0.904517 
1745 0.892113 
1746 0.892113 
1747 0.777742 
1748 0.777742 
1749 0.762895 
1750 0.762895 
1751 0.759961 
1752 0.759961 
1753 0.706002 
1754 0.706002 
1755 0.702848 
1756 0.702848 
1757 0.696605 
1758 0.696605 
1759 0.697920 
1760 0.697920 
1761 0.702796 
1762 0.702796 
1763 0.689118 
1764 0.689118 
1765 0.684984 
1766 0.684984 
1767 0.714469 
1768 0.714469 
1769 0.719972 
1770 0.719972 
1771 0.746001 
1772 0.746001 
1773 0.783349 
1774 0.783349 
1775 0.808950 
1776 0.808950 
1777 0.837924 
1778 0.837924 
1779 0.850766 
1780 0.850766 
1781 0.847467 
1782 0.847467 
1783 0.841683 
1784 0.841683 
1785 0.816635 
1786 0.816635 
1787 0.814609 
1788 0.814609 
1789 0.806068 
1790 0.806068 
1791 0.787828 
1792 0.787828 
1793 0.771164 
1794 0.771164 
1795 0.751702 
1796 0.751702 
1797 0.732751 
1798 0.732751 
1799 0.736677 
1800 0.736677 
1801 0.747536 
1802 0.747536 
1803 0.761924 
1804 0.761924 
1805 0.770068 
1806 0.770068 
1807 0.774442 
1808 0.774442 
1809 0.777460 
1810 0.777460 
1811 0.743704 
1812 0.743704 
1813 0.743318 
1814 0.743318 
1815 0.740676 
1816 0.740676 
1817 0.740676 
1818 0.740676 
1819 0.739935 
1820 0.739935 
1821 0.732971 
1822 0.732971 
1823 0.725913 
1824 0.725913 
1825 0.723156 
1826 0.723156 
1827 0.719679 
1828 0.719679 
1829 0.716526 
1830 0.716526 
1831 0.709854 
1832 0.709854 
1833 0.710679 
1834 0.710679 
1835 0.656709 
1836 0.656709 
1837 0.650288 
1838 0.650288 
1839 0.634961 
1840 0.634961 
1841 0.620782 
1842 0.620782 
1843 0.605841 
1844 0.605841 
1845 0.588655 
1846 0.588655 
1847 0.571208 
1848 0.571208 
1849 0.555160 
1850 0.555160 
1851 0.549626 
1852 0.549626 
1853 0.544103 
1854 0.544103 
1855 0.557843 
1856 0.557843 
1857 0.573004 
1858 0.573004 
1859 0.594523 
1860 0.594523 
1861 0.602207 
1862 0.602207 
1863 0.624749 
1864 0.624749 
1865 0.621293 
1866 0.621293 
1867 0.634293 
1868 0.634293 
1869 0.665344 
1870 0.665344 
1871 0.679993 
1872 0.679993 
1873 0.692908 
1874 0.692908 
1875 0.726393 
1876 0.726393 
1877 0.735873 
1878 0.735873 
1879 0.744320 
1880 0.744320 
1881 0.766017 
1882 0.766017 
1883 0.690987 
1884 0.690987 
1885 0.636976 
1886 0.636976 
1887 0.634940 
1888 0.634940 
1889 0.642228 
1890 0.642228 
1891 0.636068 
1892 0.636068 
1893 0.657127 
1894 0.657127 
1895 0.665365 
1896 0.665365 
1897 0.640954 
1898 0.640954 
1899 0.651249 
1900 0.651249 
1901 0.669468 
1902 0.669468 
1903 0.689797 
1904 0.689797 
1905 0.739350 
1906 0.739350 
1907 0.763030 
1908 0.763030 
1909 0.785844 
1910 0.785844 
1911 0.821886 
1912 0.821886 
1913 0.839469 
1914 0.839469 
1915 0.849931 
1916 0.849931 
1917 0.863129 
1918 0.863129 
1919 0.866689 
1920 0.866689 
1921 0.871116 
1922 0.871116 
1923 0.868850 
1924 0.868850 
1925 0.751065 
1926 0.751065 
1927 0.686811 
1928 0.686811 
1929 0.629636 
1930 0.629636 
1931 0.596757 
1932 0.596757 
1933 0.478157 
1934 0.478157 
1935 0.426109 
1936 0.426109 
1937 0.408390 
1938 0.408390 
1939 0.385911 
1940 0.385911 
1941 0.351299 
1942 0.351299 
1943 0.346538 
1944 0.346538 
1945 0.338592 
1946 0.338592 
1947 0.317971 
1948 0.317971 
1949 0.301339 
1950 0.301339 
1951 0.278139 
1952 0.278139 
1953 0.250449 
1954 0.250449 
1955 0.225140 
1956 0.225140 
1957 0.198755 
1958 0.198755 
1959 0.180442 
1960 0.180442 
1961 0.129897 
1962 0.129897 
1963 0.120322 
1964 0.120322 
1965 0.112533 
1966 0.112533 
1967 0.105402 
1968 0.105402 
1969 0.098574 
1970 0.098574 
1971 0.089657 
1972 0.089657 
1973 0.087893 
1974 0.087893 
1975 0.087955 
1976 0.087955 
1977 0.086274 
1978 0.086274 
1979 0.086065 
1980 0.086065 
1981 0.081816 
1982 0.081816 
1983 0.075948 
1984 0.075948 
1985 0.069506 
1986 0.069506 
1987 0.066791 
1988 0.066791 
1989 0.065528 
1990 0.065528 
1991 0.065027 
1992 0.065027 
1993 0.064995 
1994 0.064995 
1995 0.064557 
1996 0.064557 
1997 0.067303 
1998 0.067303 
1999 0.075969 
2000 0.075969 
2001 0.105705 
2002 0.105705 
2003 0.145621 
2004 0.145621 
2005 0.184973 
2006 0.184973 
2007 0.243547 
2008 0.243547 
2009 0.297966 
2010 0.297966 
2011 0.403379 
2012 0.403379 
2013 0.431225 
2014 0.431225 
2015 0.512592 
2016 0.512592 
2017 0.588185 
2018 0.588185 
2019 0.706732 
2020 0.706732 
2021 0.761694 
2022 0.761694 
2023 0.801704 
2024 0.801704 
2025 0.844230 
2026 0.844230 
2027 0.865687 
2028 0.865687 
2029 0.886496 
2030 0.886496 
2031 0.902972 
2032 0.902972 
2033 0.915365 
2034 0.915365 
2035 0.952264 
2036 0.952264 
2037 0.945947 
2038 0.945947 
2039 0.922914 
2040 0.922914 
2041 0.816332 
2042 0.816332 
2043 0.631912 
2044 0.631912 
2045 0.549647 
2046 0.549647 
2047 0.503456 
2048 0.503456 
2049 0.446532 
2050 0.446532 
2051 0.413162 
2052 0.413162 
2053 0.379145 
2054 0.379145 
2055 0.332620 
2056 0.332620 
2057 0.305713 
2058 0.305713 
2059 0.277679 
2060 0.277679 
2061 0.222749 
2062 0.222749 
2063 0.195874 
2064 0.195874 
2065 0.175660 
2066 0.175660 
2067 0.146154 
2068 0.146154 
2069 0.129239 
2070 0.129239 
2071 0.106060 
2072 0.106060 
2073 0.091860 
2074 0.091860 
2075 0.083006 
2076 0.083006 
2077 0.076815 
2078 0.076815 
2079 0.075572 
2080 0.075572 
2081 0.072941 
2082 0.072941 
2083 0.071354 
2084 0.071354 
2085 0.070425 
2086 0.070425 
2087 0.068973 
2088 0.068973 
2089 0.068044 
2090 0.068044 
2091 0.068096 
2092 0.068096 
2093 0.067480 
2094 0.067480 
2095 0.068420 
2096 0.068420 
2097 0.068629 
2098 0.068629 
2099 0.069809 
2100 0.069809 
2101 0.075833 
2102 0.075833 
2103 0.088968 
2104 0.088968 
2105 0.102322 
2106 0.102322 
2107 0.118453 
2108 0.118453 
2109 0.151384 
2110 0.151384 
2111 0.198056 
2112 0.198056 
2113 0.224973 
2114 0.224973 
2115 0.353972 
2116 0.353972 
2117 0.654945 
2118 0.654945 
2119 0.837235 
2120 0.837235 
2121 0.898764 
2122 0.898764 
2123 0.940758 
2124 0.940758 
2125 0.957860 
2126 0.957860 
2127 0.975725 
2128 0.975725 
2129 0.986656 
2130 0.986656 
2131 0.989350 
2132 0.989350 
2133 0.990353 
2134 0.990353 
2135 0.992357 
2136 0.992357 
2137 0.992127 
2138 0.992127 
2139 0.993339 
2140 0.993339 
2141 0.994132 
2142 0.994132 
2143 0.994299 
2144 0.994299 
2145 0.994122 
2146 0.994122 
2147 0.994466 
2148 0.994466 
2149 0.994070 
2150 0.994070 
2151 0.994853 
2152 0.994853 
2153 0.994550 
2154 0.994550 
2155 0.993495 
2156 0.993495 
2157 0.989214 
2158 0.989214 
2159 0.984620 
2160 0.984620 
2161 0.951251 
2162 0.951251 
2163 0.947147 
2164 0.947147 
2165 0.944161 
2166 0.944161 
2167 0.945289 
2168 0.945289 
2169 0.948703 
2170 0.948703 
2171 0.950280 
2172 0.950280 
2173 0.950729 
2174 0.950729 
2175 0.888093 
2176 0.888093 
2177 0.768689 
2178 0.768689 
2179 0.527481 
2180 0.527481 
2181 0.322670 
2182 0.322670 
2183 0.266873 
2184 0.266873 
2185 0.137540 
2186 0.137540 
2187 0.118370 
2188 0.118370 
2189 0.110852 
2190 0.110852 
2191 0.101257 
2192 0.101257 
2193 0.094157 
2194 0.094157 
2195 0.087235 
2196 0.087235 
2197 0.083299 
2198 0.083299 
2199 0.077859 
2200 0.077859 
2201 0.076105 
2202 0.076105 
2203 0.075729 
2204 0.075729 
2205 0.077295 
2206 0.077295 
2207 0.078663 
2208 0.078663 
2209 0.077744 
2210 0.077744 
2211 0.096412 
2212 0.096412 
2213 0.095838 
2214 0.095838 
2215 0.095066 
2216 0.095066 
2217 0.094721 
2218 0.094721 
2219 0.094439 
2220 0.094439 
2221 0.093907 
2222 0.093907 
2223 0.092779 
2224 0.092779 
2225 0.093103 
2226 0.093103 
2227 0.093719 
2228 0.093719 
2229 0.094972 
2230 0.094972 
2231 0.095629 
2232 0.095629 
2233 0.095306 
2234 0.095306 
2235 0.091411 
2236 0.091411 
2237 0.090367 
2238 0.090367 
2239 0.089730 
2240 0.089730 
2241 0.089553 
2242 0.089553 
2243 0.090315 
2244 0.090315 
2245 0.090774 
2246 0.090774 
2247 0.091255 
2248 0.091255 
2249 0.091881 
2250 0.091881 
2251 0.093792 
2252 0.093792 
2253 0.095504 
2254 0.095504 
2255 0.095306 
2256 0.095306 
2257 0.095295 
2258 0.095295 
2259 0.096026 
2260 0.096026 
2261 0.094074 
2262 0.094074 
2263 0.094168 
2264 0.094168 
2265 0.096506 
2266 0.096506 
2267 0.106384 
2268 0.106384 
2269 0.123246 
2270 0.123246 
2271 0.150038 
2272 0.150038 
2273 0.174668 
2274 0.174668 
2275 0.199309 
2276 0.199309 
2277 0.231833 
2278 0.231833 
2279 0.244884 
2280 0.244884 
2281 0.252506 
2282 0.252506 
2283 0.261370 
2284 0.261370 
2285 0.316207 
2286 0.316207 
2287 0.318180 
2288 0.318180 
2289 0.320508 
2290 0.320508 
2291 0.321500 
2292 0.321500 
2293 0.318545 
2294 0.318545 
2295 0.305066 
2296 0.305066 
2297 0.301735 
2298 0.301735 
2299 0.300462 
2300 0.300462 
2301 0.294333 
2302 0.294333 
2303 0.275831 
2304 0.275831 
2305 0.265066 
2306 0.265066 
2307 0.245959 
2308 0.245959 
2309 0.236865 
2310 0.236865 
2311 0.241386 
2312 0.241386 
2313 0.242075 
2314 0.242075 
2315 0.236698 
2316 0.236698 
2317 0.223918 
2318 0.223918 
2319 0.207463 
2320 0.207463 
2321 0.191551 
2322 0.191551 
2323 0.180703 
2324 0.180703 
2325 0.168424 
2326 0.168424 
2327 0.162797 
2328 0.162797 
2329 0.153327 
2330 0.153327 
2331 0.143721 
2332 0.143721 
2333 0.143345 
2334 0.143345 
2335 0.162755 
2336 0.162755 
2337 0.150038 
2338 0.150038 
2339 0.143481 
2340 0.143481 
2341 0.135232 
2342 0.135232 
2343 0.130064 
2344 0.130064 
2345 0.128331 
2346 0.128331 
2347 0.123131 
2348 0.123131 
2349 0.132006 
2350 0.132006 
2351 0.149317 
2352 0.149317 
2353 0.156156 
2354 0.156156 
2355 0.157868 
2356 0.157868 
2357 0.157628 
2358 0.157628 
2359 0.151040 
2360 0.151040 
2361 0.140119 
2362 0.140119 
2363 0.137707 
2364 0.137707 
2365 0.135170 
2366 0.135170 
2367 0.130889 
2368 0.130889 
2369 0.127589 
2370 0.127589 
2371 0.127798 
2372 0.127798 
2373 0.117253 
2374 0.117253 
2375 0.112064 
2376 0.112064 
2377 0.106112 
2378 0.106112 
2379 0.099242 
2380 0.099242 
2381 0.095807 
2382 0.095807 
2383 0.111333 
2384 0.111333 
2385 0.214553 
2386 0.214553 
2387 0.248204 
2388 0.248204 
2389 0.288287 
2390 0.288287 
2391 0.308198 
2392 0.308198 
2393 0.330187 
2394 0.330187 
2395 0.413235 
2396 0.413235 
2397 0.508979 
2398 0.508979 
2399 0.567668 
2400 0.567668 
2401 0.622901 
2402 0.622901 
2403 0.676506 
2404 0.676506 
2405 0.689223 
2406 0.689223 
2407 0.689912 
2408 0.689912 
2409 0.602959 
2410 0.602959 
2411 0.449894 
2412 0.449894 
2413 0.299971 
2414 0.299971 
2415 0.165031 
2416 0.165031 
2417 0.117107 
2418 0.117107 
2419 0.072920 
2420 0.072920 
2421 0.062197 
2422 0.062197 
2423 0.062688 
2424 0.062688 
2425 0.067522 
2426 0.067522 
2427 0.070038 
2428 0.070038 
2429 0.071375 
2430 0.071375 
2431 0.073056 
2432 0.073056 
2433 0.110383 
2434 0.110383 
2435 0.210982 
2436 0.210982 
2437 0.231091 
2438 0.231091 
2439 0.243245 
2440 0.243245 
2441 0.243756 
2442 0.243756 
2443 0.244237 
2444 0.244237 
2445 0.237680 
2446 0.237680 
2447 0.234077 
2448 0.234077 
2449 0.228659 
2450 0.228659 
2451 0.218802 
2452 0.218802 
2453 0.209280 
2454 0.209280 
2455 0.191509 
2456 0.191509 
2457 0.167474 
2458 0.167474 
2459 0.150810 
2460 0.150810 
2461 0.136026 
2462 0.136026 
2463 0.124405 
2464 0.124405 
2465 0.117764 
2466 0.117764 
2467 0.107062 
2468 0.107062 
2469 0.101341 
2470 0.101341 
2471 0.105580 
2472 0.105580 
2473 0.107365 
2474 0.107365 
2475 0.114799 
2476 0.114799 
2477 0.135525 
2478 0.135525 
2479 0.149255 
2480 0.149255 
2481 0.153995 
2482 0.153995 
2483 0.155676 
2484 0.155676 
2485 0.160301 
2486 0.160301 
2487 0.151802 
2488 0.151802 
2489 0.143815 
2490 0.143815 
2491 0.142771 
2492 0.142771 
2493 0.136694 
2494 0.136694 
2495 0.133311 
2496 0.133311 
2497 0.133990 
2498 0.133990 
2499 0.130680 
2500 0.130680 
2501 0.124791 
2502 0.124791 
2503 0.121085 
2504 0.121085 
2505 0.116324 
2506 0.116324 
2507 0.126263 
2508 0.126263 
2509 0.150956 
2510 0.150956 
2511 0.193859 
2512 0.193859 
2513 0.223971 
2514 0.223971 
2515 0.244779 
2516 0.244779 
2517 0.259543 
2518 0.259543 
2519 0.275434 
2520 0.275434 
2521 0.275173 
2522 0.275173 
2523 0.292787 
2524 0.292787 
2525 0.304283 
2526 0.304283 
2527 0.308762 
2528 0.308762 
2529 0.308303 
2530 0.308303 
2531 0.308177 
2532 0.308177 
2533 0.309242 
2534 0.309242 
2535 0.291232 
2536 0.291232 
2537 0.289049 
2538 0.289049 
2539 0.283338 
2540 0.283338 
2541 0.208215 
2542 0.208215 
2543 0.185172 
2544 0.185172 
2545 0.153734 
2546 0.153734 
2547 0.135525 
2548 0.135525 
2549 0.122442 
2550 0.122442 
2551 0.118788 
2552 0.118788 
2553 0.108493 
2554 0.108493 
2555 0.108169 
2556 0.108169 
2557 0.109892 
2558 0.109892 
2559 0.113734 
2560 0.113734 
2561 0.150685 
2562 0.150685 
2563 0.151176 
2564 0.151176 
2565 0.152543 
2566 0.152543 
2567 0.153514 
2568 0.153514 
2569 0.154047 
2570 0.154047 
2571 0.154287 
2572 0.154287 
2573 0.155759 
2574 0.155759 
2575 0.156970 
2576 0.156970 
2577 0.158578 
2578 0.158578 
2579 0.160343 
2580 0.160343 
2581 0.161460 
2582 0.161460 
2583 0.161972 
2584 0.161972 
2585 0.164697 
2586 0.164697 
2587 0.164478 
2588 0.164478 
2589 0.164676 
2590 0.164676 
2591 0.165480 
2592 0.165480 
2593 0.166399 
2594 0.166399 
2595 0.167203 
2596 0.167203 
2597 0.166900 
2598 0.166900 
2599 0.168153 
2600 0.168153 
2601 0.170878 
2602 0.170878 
2603 0.174459 
2604 0.174459 
2605 0.175420 
2606 0.175420 
2607 0.176808 
2608 0.176808 
2609 0.179617 
2610 0.179617 
2611 0.199497 
2612 0.199497 
2613 0.199215 
2614 0.199215 
2615 0.201167 
2616 0.201167 
2617 0.202681 
2618 0.202681 
2619 0.203162 
2620 0.203162 
2621 0.205511 
2622 0.205511 
2623 0.208925 
2624 0.208925 
2625 0.230663 
2626 0.230663 
2627 0.255168 
2628 0.255168 
2629 0.282419 
2630 0.282419 
2631 0.303677 
2632 0.303677 
2633 0.310652 
2634 0.310652 
2635 0.295377 
2636 0.295377 
2637 0.311038 
2638 0.311038 
2639 0.331137 
2640 0.331137 
2641 0.357532 
2642 0.357532 
2643 0.411512 
2644 0.411512 
2645 0.451094 
2646 0.451094 
2647 0.472373 
2648 0.472373 
2649 0.536491 
2650 0.536491 
2651 0.600662 
2652 0.600662 
2653 0.652898 
2654 0.652898 
2655 0.712830 
2656 0.712830 
2657 0.731801 
2658 0.731801 
2659 0.753143 
2660 0.753143 
2661 0.765317 
2662 0.765317 
2663 0.764670 
2664 0.764670 
2665 0.753216 
2666 0.753216 
2667 0.737366 
2668 0.737366 
2669 0.719095 
2670 0.719095 
2671 0.699528 
2672 0.699528 
2673 0.670742 
2674 0.670742 
2675 0.660270 
2676 0.660270 
2677 0.635577 
2678 0.635577 
2679 0.599346 
2680 0.599346 
2681 0.436498 
2682 0.436498 
2683 0.394149 
2684 0.394149 
2685 0.256004 
2686 0.256004 
2687 0.252297 
2688 0.252297 
2689 0.255743 
2690 0.255743 
2691 0.254270 
2692 0.254270 
2693 0.254761 
2694 0.254761 
2695 0.250480 
2696 0.250480 
2697 0.247087 
2698 0.247087 
2699 0.238630 
2700 0.238630 
2701 0.237283 
2702 0.237283 
2703 0.231603 
2704 0.231603 
2705 0.226852 
2706 0.226852 
2707 0.224618 
2708 0.224618 
2709 0.224148 
2710 0.224148 
2711 0.219846 
2712 0.219846 
2713 0.219700 
2714 0.219700 
2715 0.216275 
2716 0.216275 
2717 0.212057 
2718 0.212057 
2719 0.194850 
2720 0.194850 
2721 0.179627 
2722 0.179627 
2723 0.177163 
2724 0.177163 
2725 0.175106 
2726 0.175106 
2727 0.184890 
2728 0.184890 
2729 0.198609 
2730 0.198609 
2731 0.215263 
2732 0.215263 
2733 0.237951 
2734 0.237951 
2735 0.254072 
2736 0.254072 
2737 0.267447 
2738 0.267447 
2739 0.275560 
2740 0.275560 
2741 0.276384 
2742 0.276384 
2743 0.279120 
2744 0.279120 
2745 0.282137 
2746 0.282137 
2747 0.289123 
2748 0.289123 
2749 0.296285 
2750 0.296285 
2751 0.300827 
2752 0.300827 
2753 0.303761 
2754 0.303761 
2755 0.308825 
2756 0.308825 
2757 0.310297 
2758 0.310297 
2759 0.311821 
2760 0.311821 
2761 0.351142 
2762 0.351142 
2763 0.349044 
2764 0.349044 
2765 0.351800 
2766 0.351800 
2767 0.349691 
2768 0.349691 
2769 0.347342 
2770 0.347342 
2771 0.347937 
2772 0.347937 
2773 0.347728 
2774 0.347728 
2775 0.344930 
2776 0.344930 
2777 0.348532 
2778 0.348532 
2779 0.355183 
2780 0.355183 
2781 0.359777 
2782 0.359777 
2783 0.360424 
2784 0.360424 
2785 0.401719 
2786 0.401719 
2787 0.403045 
2788 0.403045 
2789 0.402126 
2790 0.402126 
2791 0.402825 
2792 0.402825 
2793 0.404726 
2794 0.404726 
2795 0.405498 
2796 0.405498 
2797 0.406396 
2798 0.406396 
2799 0.406532 
2800 0.406532 
2801 0.411669 
2802 0.411669 
2803 0.413444 
2804 0.413444 
2805 0.415908 
2806 0.415908 
2807 0.418288 
2808 0.418288 
2809 0.420022 
2810 0.420022 
2811 0.441750 
2812 0.441750 
2813 0.440852 
2814 0.440852 
2815 0.441937 
2816 0.441937 
2817 0.443869 
2818 0.443869 
2819 0.444589 
2820 0.444589 
2821 0.444548 
2822 0.444548 
2823 0.448171 
2824 0.448171 
2825 0.449726 
2826 0.449726 
2827 0.451742 
2828 0.451742 
2829 0.453997 
2830 0.453997 
2831 0.454446 
2832 0.454446 
2833 0.455500 
2834 0.455500 
2835 0.436258 
2836 0.436258 
2837 0.433960 
2838 0.433960 
2839 0.435683 
2840 0.435683 
2841 0.436811 
2842 0.436811 
2843 0.438095 
2844 0.438095 
2845 0.438910 
2846 0.438910 
2847 0.441332 
2848 0.441332 
2849 0.442104 
2850 0.442104 
2851 0.444391 
2852 0.444391 
2853 0.451063 
2854 0.451063 
2855 0.457307 
2856 0.457307 
2857 0.462715 
2858 0.462715 
2859 0.462287 
2860 0.462287 
2861 0.484171 
2862 0.484171 
2863 0.480726 
2864 0.480726 
2865 0.479734 
2866 0.479734 
2867 0.480653 
2868 0.480653 
2869 0.482313 
2870 0.482313 
2871 0.482720 
2872 0.482720 
2873 0.481989 
2874 0.481989 
2875 0.480945 
2876 0.480945 
2877 0.478669 
2878 0.478669 
2879 0.483608 
2880 0.483608 
2881 0.488557 
2882 0.488557 
2883 0.484944 
2884 0.484944 
2885 0.489590 
2886 0.489590 
2887 0.485978 
2888 0.485978 
2889 0.478972 
2890 0.478972 
2891 0.477322 
2892 0.477322 
2893 0.476017 
2894 0.476017 
2895 0.471506 
2896 0.471506 
2897 0.469836 
2898 0.469836 
2899 0.469679 
2900 0.469679 
2901 0.463373 
2902 0.463373 
2903 0.462318 
2904 0.462318 
2905 0.464260 
2906 0.464260 
2907 0.463958 
2908 0.463958 
2909 0.463227 
2910 0.463227 
2911 0.467121 
2912 0.467121 
2913 0.466735 
2914 0.466735 
2915 0.467017 
2916 0.467017 
2917 0.469262 
2918 0.469262 
2919 0.470400 
2920 0.470400 
2921 0.476393 
2922 0.476393 
2923 0.478930 
2924 0.478930 
2925 0.482334 
2926 0.482334 
2927 0.485905 
2928 0.485905 
2929 0.491115 
2930 0.491115 
2931 0.494435 
2932 0.494435 
2933 0.494310 
2934 0.494310 
2935 0.520057 
2936 0.520057 
2937 0.518898 
2938 0.518898 
2939 0.519076 
2940 0.519076 
2941 0.517739 
2942 0.517739 
2943 0.514962 
2944 0.514962 
2945 0.516340 
2946 0.516340 
2947 0.517739 
2948 0.517739 
2949 0.521937 
2950 0.521937 
2951 0.528201 
2952 0.528201 
2953 0.533589 
2954 0.533589 
2955 0.521467 
2956 0.521467 
2957 0.433981 
2958 0.433981 
2959 0.403159 
2960 0.403159 
2961 0.453308 
2962 0.453308 
2963 0.530436 
2964 0.530436 
2965 0.597081 
2966 0.597081 
2967 0.790616 
2968 0.790616 
2969 0.851393 
2970 0.851393 
2971 0.894974 
2972 0.894974 
2973 0.938367 
2974 0.938367 
2975 0.957296 
2976 0.957296 
2977 0.963603 
2978 0.963603 
2979 0.966432 
2980 0.966432 
2981 0.968740 
2982 0.968740 
2983 0.974983 
2984 0.974983 
2985 0.988828 
2986 0.988828 
2987 0.988912 
2988 0.988912 
2989 0.989455 
2990 0.989455 
2991 0.989496 
2992 0.989496 
2993 0.989287 
2994 0.989287 
2995 0.989663 
2996 0.989663 
2997 0.989851 
2998 0.989851 
2999 0.990770 
3000 0.990770 
3001 0.991177 
3002 0.991177 
3003 0.991073 
3004 0.991073 
3005 0.989820 
3006 0.989820 
3007 0.990540 
3008 0.990540 
3009 0.990781 
3010 0.990781 
3011 0.990008 
3012 0.990008 
3013 0.990478 
3014 0.990478 
3015 0.989413 
3016 0.989413 
3017 0.988870 
3018 0.988870 
3019 0.988035 
3020 0.988035 
3021 0.987711 
3022 0.987711 
3023 0.987001 
3024 0.987001 
3025 0.986500 
3026 0.986500 
3027 0.985936 
3028 0.985936 
3029 0.985863 
3030 0.985863 
3031 0.985758 
3032 0.985758 
3033 0.985466 
3034 0.985466 
3035 0.984599 
3036 0.984599 
3037 0.985309 
3038 0.985309 
3039 0.985372 
3040 0.985372 
3041 0.984923 
3042 0.984923 
3043 0.984328 
3044 0.984328 
3045 0.985038 
3046 0.985038 
3047 0.985059 
3048 0.985059 
3049 0.984704 
3050 0.984704 
3051 0.985080 
3052 0.985080 
3053 0.984328 
3054 0.984328 
3055 0.983691 
3056 0.983691 
3057 0.983827 
3058 0.983827 
3059 0.983472 
3060 0.983472 
3061 0.982031 
3062 0.982031 
3063 0.981185 
3064 0.981185 
3065 0.980058 
3066 0.980058 
3067 0.978940 
3068 0.978940 
3069 0.979275 
3070 0.979275 
3071 0.979358 
3072 0.979358 
3073 0.979671 
3074 0.979671 
3075 0.979974 
3076 0.979974 
3077 0.979713 
3078 0.979713 
3079 0.979494 
3080 0.979494 
3081 0.978450 
3082 0.978450 
3083 0.978324 
3084 0.978324 
3085 0.977186 
3086 0.977186 
3087 0.975965 
3088 0.975965 
3089 0.975839 
3090 0.975839 
3091 0.976529 
3092 0.976529 
3093 0.975464 
3094 0.975464 
3095 0.975829 
3096 0.975829 
3097 0.974942 
3098 0.974942 
3099 0.975422 
3100 0.975422 
3101 0.974921 
3102 0.974921 
3103 0.975453 
3104 0.975453 
3105 0.977082 
3106 0.977082 
3107 0.976957 
3108 0.976957 
3109 0.976821 
3110 0.976821 
3111 0.976988 
3112 0.976988 
3113 0.976435 
3114 0.976435 
3115 0.975620 
3116 0.975620 
3117 0.976184 
3118 0.976184 
3119 0.975422 
3120 0.975422 
3121 0.975338 
3122 0.975338 
3123 0.974378 
3124 0.974378 
3125 0.974138 
3126 0.974138 
3127 0.973772 
3128 0.973772 
3129 0.972321 
3130 0.972321 
3131 0.971945 
3132 0.971945 
3133 0.972843 
3134 0.972843 
3135 0.971966 
3136 0.971966 
3137 0.970640 
3138 0.970640 
3139 0.969794 
3140 0.969794 
3141 0.966891 
3142 0.966891 
3143 0.965774 
3144 0.965774 
3145 0.963477 
3146 0.963477 
3147 0.962235 
3148 0.962235 
3149 0.961713 
3150 0.961713 
3151 0.961598 
3152 0.961598 
3153 0.962120 
3154 0.962120 
3155 0.961253 
3156 0.961253 
3157 0.960439 
3158 0.960439 
3159 0.959844 
3160 0.959844 
3161 0.961577 
3162 0.961577 
3163 0.960481 
3164 0.960481 
3165 0.959854 
3166 0.959854 
3167 0.960376 
3168 0.960376 
3169 0.959927 
3170 0.959927 
3171 0.959969 
3172 0.959969 
3173 0.959593 
3174 0.959593 
3175 0.959551 
3176 0.959551 
3177 0.959959 
3178 0.959959 
3179 0.958988 
3180 0.958988 
3181 0.958497 
3182 0.958497 
3183 0.958111 
3184 0.958111 
3185 0.959426 
3186 0.959426 
3187 0.959510 
3188 0.959510 
3189 0.959249 
3190 0.959249 
3191 0.959103 
3192 0.959103 
3193 0.958591 
3194 0.958591 
3195 0.958821 
3196 0.958821 
3197 0.958372 
3198 0.958372 
3199 0.958361 
3200 0.958361 
3201 0.958466 
3202 0.958466 
3203 0.958518 
3204 0.958518 
3205 0.958100 
3206 0.958100 
3207 0.958215 
3208 0.958215 
3209 0.958309 
3210 0.958309 
3211 0.958915 
3212 0.958915 
3213 0.958810 
3214 0.958810 
3215 0.959217 
3216 0.959217 
3217 0.959426 
3218 0.959426 
3219 0.959625 
3220 0.959625 
3221 0.959687 
3222 0.959687 
3223 0.959729 
3224 0.959729 
3225 0.959322 
3226 0.959322 
3227 0.959301 
3228 0.959301 
3229 0.959364 
3230 0.959364 
3231 0.959499 
3232 0.959499 
3233 0.959604 
3234 0.959604 
3235 0.957902 
3236 0.957902 
3237 0.957662 
3238 0.957662 
3239 0.957589 
3240 0.957589 
3241 0.957453 
3242 0.957453 
3243 0.957599 
3244 0.957599 
3245 0.957693 
3246 0.957693 
3247 0.957776 
3248 0.957776 
3249 0.957682 
3250 0.957682 
3251 0.957829 
3252 0.957829 
3253 0.958184 
3254 0.958184 
3255 0.958142 
3256 0.958142 
3257 0.957756 
3258 0.957756 
3259 0.957870 
3260 0.957870 
3261 0.958048 
3262 0.958048 
3263 0.958058 
3264 0.958058 
3265 0.958580 
3266 0.958580 
3267 0.958654 
3268 0.958654 
3269 0.958841 
3270 0.958841 
3271 0.958925 
3272 0.958925 
3273 0.958831 
3274 0.958831 
3275 0.958361 
3276 0.958361 
3277 0.957881 
3278 0.957881 
3279 0.957850 
3280 0.957850 
3281 0.958236 
3282 0.958236 
3283 0.958225 
3284 0.958225 
3285 0.956691 
3286 0.956691 
3287 0.956868 
3288 0.956868 
3289 0.957192 
3290 0.957192 
3291 0.957108 
3292 0.957108 
3293 0.957192 
3294 0.957192 
3295 0.956899 
3296 0.956899 
3297 0.956795 
3298 0.956795 
3299 0.956931 
3300 0.956931 
3301 0.957171 
3302 0.957171 
3303 0.956795 
3304 0.956795 
3305 0.956858 
3306 0.956858 
3307 0.956503 
3308 0.956503 
3309 0.956795 
3310 0.956795 
3311 0.957463 
3312 0.957463 
3313 0.957244 
3314 0.957244 
3315 0.957307 
3316 0.957307 
3317 0.956952 
3318 0.956952 
3319 0.956638 
3320 0.956638 
3321 0.956670 
3322 0.956670 
3323 0.956649 
3324 0.956649 
3325 0.956148 
3326 0.956148 
3327 0.956200 
3328 0.956200 
3329 0.956283 
3330 0.956283 
3331 0.956210 
3332 0.956210 
3333 0.956148 
3334 0.956148 
3335 0.957338 
3336 0.957338 
3337 0.957192 
3338 0.957192 
3339 0.956743 
3340 0.956743 
3341 0.956711 
3342 0.956711 
3343 0.956691 
3344 0.956691 
3345 0.956597 
3346 0.956597 
3347 0.956524 
3348 0.956524 
3349 0.956576 
3350 0.956576 
3351 0.956513 
3352 0.956513 
3353 0.956189 
3354 0.956189 
3355 0.956263 
3356 0.956263 
3357 0.955939 
3358 0.955939 
3359 0.955918 
3360 0.955918 
3361 0.956409 
3362 0.956409 
3363 0.957014 
3364 0.957014 
3365 0.956544 
3366 0.956544 
3367 0.956419 
3368 0.956419 
3369 0.956565 
3370 0.956565 
3371 0.956409 
3372 0.956409 
3373 0.956764 
3374 0.956764 
3375 0.956576 
3376 0.956576 
3377 0.956524 
3378 0.956524 
3379 0.956565 
3380 0.956565 
3381 0.956336 
3382 0.956336 
3383 0.956252 
3384 0.956252 
3385 0.957098 
3386 0.957098 
3387 0.956743 
3388 0.956743 
3389 0.957213 
3390 0.957213 
3391 0.956691 
3392 0.956691 
3393 0.956461 
3394 0.956461 
3395 0.956169 
3396 0.956169 
3397 0.956346 
3398 0.956346 
3399 0.956565 
3400 0.956565 
3401 0.956826 
3402 0.956826 
3403 0.956962 
3404 0.956962 
3405 0.956858 
3406 0.956858 
3407 0.956785 
3408 0.956785 
3409 0.956910 
3410 0.956910 
3411 0.955981 
3412 0.955981 
3413 0.956419 
3414 0.956419 
3415 0.956263 
3416 0.956263 
3417 0.956346 
3418 0.956346 
3419 0.956179 
3420 0.956179 
3421 0.955730 
3422 0.955730 
3423 0.955782 
3424 0.955782 
3425 0.955730 
3426 0.955730 
3427 0.955720 
3428 0.955720 
3429 0.955803 
3430 0.955803 
3431 0.955636 
3432 0.955636 
3433 0.956283 
3434 0.956283 
3435 0.959103 
3436 0.959103 
3437 0.959270 
3438 0.959270 
3439 0.959113 
3440 0.959113 
3441 0.958727 
3442 0.958727 
3443 0.958622 
3444 0.958622 
3445 0.958695 
3446 0.958695 
3447 0.958716 
3448 0.958716 
3449 0.958654 
3450 0.958654 
3451 0.958831 
3452 0.958831 
3453 0.958737 
3454 0.958737 
3455 0.958351 
3456 0.958351 
3457 0.958236 
3458 0.958236 
3459 0.958319 
3460 0.958319 
3461 0.958225 
3462 0.958225 
3463 0.958100 
3464 0.958100 
3465 0.957954 
3466 0.957954 
3467 0.958058 
3468 0.958058 
3469 0.958528 
3470 0.958528 
3471 0.958497 
3472 0.958497 
3473 0.958017 
3474 0.958017 
3475 0.958215 
3476 0.958215 
3477 0.958466 
3478 0.958466 
3479 0.958466 
3480 0.958466 
3481 0.958257 
3482 0.958257 
3483 0.958152 
3484 0.958152 
3485 0.958727 
3486 0.958727 
3487 0.958779 
3488 0.958779 
3489 0.958528 
3490 0.958528 
3491 0.958518 
3492 0.958518 
3493 0.958330 
3494 0.958330 
3495 0.958549 
3496 0.958549 
3497 0.958142 
3498 0.958142 
3499 0.958163 
3500 0.958163 
3501 0.958507 
3502 0.958507 
3503 0.958403 
3504 0.958403 
3505 0.958654 
3506 0.958654 
3507 0.958445 
3508 0.958445 
3509 0.958497 
3510 0.958497 
3511 0.959499 
3512 0.959499 
3513 0.959259 
3514 0.959259 
3515 0.959165 
3516 0.959165 
3517 0.958977 
3518 0.958977 
3519 0.958977 
3520 0.958977 
3521 0.958821 
3522 0.958821 
3523 0.958831 
3524 0.958831 
3525 0.958654 
3526 0.958654 
3527 0.958580 
3528 0.958580 
3529 0.958205 
3530 0.958205 
3531 0.958330 
3532 0.958330 
3533 0.958476 
3534 0.958476 
3535 0.959343 
3536 0.959343 
3537 0.959029 
3538 0.959029 
3539 0.958779 
3540 0.958779 
3541 0.958497 
3542 0.958497 
3543 0.958570 
3544 0.958570 
3545 0.958476 
3546 0.958476 
3547 0.958163 
3548 0.958163 
3549 0.957672 
3550 0.957672 
3551 0.957547 
3552 0.957547 
3553 0.957421 
3554 0.957421 
3555 0.957244 
3556 0.957244 
3557 0.956920 
3558 0.956920 
3559 0.956941 
3560 0.956941 
3561 0.957160 
3562 0.957160 
3563 0.957046 
3564 0.957046 
3565 0.957234 
3566 0.957234 
3567 0.957140 
3568 0.957140 
3569 0.957714 
3570 0.957714 
3571 0.958131 
3572 0.958131 
3573 0.957756 
3574 0.957756 
3575 0.957620 
3576 0.957620 
3577 0.957902 
3578 0.957902 
3579 0.957944 
3580 0.957944 
3581 0.957620 
3582 0.957620 
3583 0.957536 
3584 0.957536 
3585 0.957348 
3586 0.957348 
3587 0.957484 
3588 0.957484 
3589 0.957693 
3590 0.957693 
3591 0.957682 
3592 0.957682 
3593 0.957536 
3594 0.957536 
3595 0.957296 
3596 0.957296 
3597 0.957056 
3598 0.957056 
3599 0.957066 
3600 0.957066 
3601 0.957442 
3602 0.957442 
3603 0.957839 
3604 0.957839 
3605 0.957912 
3606 0.957912 
3607 0.957850 
3608 0.957850 
3609 0.957797 
3610 0.957797 
3611 0.957776 
3612 0.957776 
3613 0.957933 
3614 0.957933 
3615 0.958090 
3616 0.958090 
3617 0.958069 
3618 0.958069 
3619 0.957651 
3620 0.957651 
3621 0.957808 
3622 0.957808 
3623 0.957839 
3624 0.957839 
3625 0.957902 
3626 0.957902 
3627 0.958152 
3628 0.958152 
3629 0.958111 
3630 0.958111 
3631 0.957912 
3632 0.957912 
3633 0.957829 
3634 0.957829 
3635 0.957599 
3636 0.957599 
3637 0.957557 
3638 0.957557 
3639 0.957609 
3640 0.957609 
3641 0.957682 
3642 0.957682 
3643 0.957609 
3644 0.957609 
3645 0.959886 
3646 0.959886 
3647 0.960011 
3648 0.960011 
3649 0.960418 
3650 0.960418 
3651 0.960105 
3652 0.960105 
3653 0.960470 
3654 0.960470 
3655 0.960575 
3656 0.960575 
3657 0.959948 
3658 0.959948 
3659 0.959739 
3660 0.959739 
3661 0.959604 
3662 0.959604 
3663 0.959364 
3664 0.959364 
3665 0.958977 
3666 0.958977 
3667 0.958779 
3668 0.958779 
3669 0.959562 
3670 0.959562 
3671 0.959478 
3672 0.959478 
3673 0.959249 
3674 0.959249 
3675 0.959092 
3676 0.959092 
3677 0.958539 
3678 0.958539 
3679 0.958539 
3680 0.958539 
3681 0.958622 
3682 0.958622 
3683 0.958998 
3684 0.958998 
3685 0.958998 
3686 0.958998 
3687 0.958570 
3688 0.958570 
3689 0.958393 
3690 0.958393 
3691 0.958131 
3692 0.958131 
3693 0.958069 
3694 0.958069 
3695 0.957672 
3696 0.957672 
3697 0.957703 
3698 0.957703 
3699 0.957724 
3700 0.957724 
3701 0.957714 
3702 0.957714 
3703 0.958549 
3704 0.958549 
3705 0.958152 
3706 0.958152 
3707 0.959113 
3708 0.959113 
3709 0.958664 
3710 0.958664 
3711 0.958946 
3712 0.958946 
3713 0.959144 
3714 0.959144 
3715 0.959478 
3716 0.959478 
3717 0.958654 
3718 0.958654 
3719 0.958706 
3720 0.958706 
3721 0.959353 
3722 0.959353 
3723 0.959207 
3724 0.959207 
3725 0.958319 
3726 0.958319 
3727 0.958434 
3728 0.958434 
3729 0.958319 
3730 0.958319 
3731 0.958184 
3732 0.958184 
3733 0.958037 
3734 0.958037 
3735 0.958037 
3736 0.958037 
3737 0.958372 
3738 0.958372 
3739 0.957662 
3740 0.957662 
3741 0.957171 
3742 0.957171 
3743 0.956722 
3744 0.956722 
3745 0.956628 
3746 0.956628 
3747 0.957192 
3748 0.957192 
3749 0.957380 
3750 0.957380 
3751 0.957087 
3752 0.957087 
3753 0.957035 
3754 0.957035 
3755 0.956649 
3756 0.956649 
3757 0.957129 
3758 0.957129 
3759 0.956973 
3760 0.956973 
3761 0.956430 
3762 0.956430 
3763 0.956440 
3764 0.956440 
3765 0.956555 
3766 0.956555 
3767 0.956513 
3768 0.956513 
3769 0.958361 
3770 0.958361 
3771 0.958027 
3772 0.958027 
3773 0.957954 
3774 0.957954 
3775 0.958278 
3776 0.958278 
3777 0.958518 
3778 0.958518 
3779 0.958142 
3780 0.958142 
3781 0.958090 
3782 0.958090 
3783 0.958184 
3784 0.958184 
3785 0.958205 
3786 0.958205 
3787 0.958173 
3788 0.958173 
3789 0.958434 
3790 0.958434 
3791 0.958476 
3792 0.958476 
3793 0.958079 
3794 0.958079 
3795 0.956868 
3796 0.956868 
3797 0.956753 
3798 0.956753 
3799 0.956357 
3800 0.956357 
3801 0.955918 
3802 0.955918 
3803 0.955573 
3804 0.955573 
3805 0.955479 
3806 0.955479 
3807 0.955876 
3808 0.955876 
3809 0.955302 
3810 0.955302 
3811 0.955918 
3812 0.955918 
3813 0.955667 
3814 0.955667 
3815 0.955845 
3816 0.955845 
3817 0.956461 
3818 0.956461 
3819 0.961681 
3820 0.961681 
3821 0.961535 
3822 0.961535 
3823 0.961274 
3824 0.961274 
3825 0.960836 
3826 0.960836 
3827 0.960408 
3828 0.960408 
3829 0.960533 
3830 0.960533 
3831 0.960199 
3832 0.960199 
3833 0.960502 
3834 0.960502 
3835 0.960596 
3836 0.960596 
3837 0.960564 
3838 0.960564 
3839 0.960658 
3840 0.960658 
3841 0.960763 
3842 0.960763 
3843 0.960992 
3844 0.960992 
3845 0.961003 
3846 0.961003 
3847 0.961003 
3848 0.961003 
3849 0.961086 
3850 0.961086 
3851 0.960742 
3852 0.960742 
3853 0.961097 
3854 0.961097 
3855 0.960877 
3856 0.960877 
3857 0.961138 
3858 0.961138 
3859 0.961076 
3860 0.961076 
3861 0.961253 
3862 0.961253 
3863 0.961452 
3864 0.961452 
3865 0.961159 
3866 0.961159 
3867 0.961201 
3868 0.961201 
3869 0.962558 
3870 0.962558 
3871 0.962036 
3872 0.962036 
3873 0.961848 
3874 0.961848 
3875 0.962433 
3876 0.962433 
3877 0.962318 
3878 0.962318 
3879 0.962224 
3880 0.962224 
3881 0.962204 
3882 0.962204 
3883 0.962162 
3884 0.962162 
3885 0.962506 
3886 0.962506 
3887 0.962172 
3888 0.962172 
3889 0.962162 
3890 0.962162 
3891 0.962485 
3892 0.962485 
3893 0.962057 
3894 0.962057 
3895 0.961504 
3896 0.961504 
3897 0.962016 
3898 0.962016 
3899 0.962120 
3900 0.962120 
3901 0.962329 
3902 0.962329 
3903 0.961556 
3904 0.961556 
3905 0.961744 
3906 0.961744 
3907 0.961995 
3908 0.961995 
3909 0.961765 
3910 0.961765 
3911 0.961493 
3912 0.961493 
3913 0.961744 
3914 0.961744 
3915 0.961890 
3916 0.961890 
3917 0.961848 
3918 0.961848 
3919 0.964657 
3920 0.964657 
3921 0.964166 
3922 0.964166 
3923 0.963947 
3924 0.963947 
3925 0.964010 
3926 0.964010 
3927 0.964438 
3928 0.964438 
3929 0.964459 
3930 0.964459 
3931 0.964365 
3932 0.964365 
3933 0.964208 
3934 0.964208 
3935 0.964239 
3936 0.964239 
3937 0.964135 
3938 0.964135 
3939 0.964302 
3940 0.964302 
3941 0.964313 
3942 0.964313 
3943 0.964177 
3944 0.964177 
3945 0.962788 
3946 0.962788 
3947 0.962287 
3948 0.962287 
3949 0.962204 
3950 0.962204 
3951 0.962444 
3952 0.962444 
3953 0.962245 
3954 0.962245 
3955 0.962350 
3956 0.962350 
3957 0.962214 
3958 0.962214 
3959 0.962517 
3960 0.962517 
3961 0.962569 
3962 0.962569 
3963 0.962736 
3964 0.962736 
3965 0.962569 
3966 0.962569 
3967 0.962412 
3968 0.962412 
3969 0.963154 
3970 0.963154 
3971 0.962893 
3972 0.962893 
3973 0.962840 
3974 0.962840 
3975 0.962746 
3976 0.962746 
3977 0.962538 
3978 0.962538 
3979 0.962548 
3980 0.962548 
3981 0.962235 
3982 0.962235 
3983 0.962465 
3984 0.962465 
3985 0.962642 
3986 0.962642 
3987 0.962746 
3988 0.962746 
3989 0.962527 
3990 0.962527 
3991 0.962485 
3992 0.962485 
3993 0.962339 
3994 0.962339 
3995 0.962506 
3996 0.962506 
3997 0.962110 
3998 0.962110 
3999 0.961984 
4000 0.961984 
4001 0.962036 
4002 0.962036 
4003 0.961786 
4004 0.961786 
4005 0.962130 
4006 0.962130 
4007 0.962266 
4008 0.962266 
4009 0.962360 
4010 0.962360 
4011 0.962548 
4012 0.962548 
4013 0.962496 
4014 0.962496 
4015 0.962423 
4016 0.962423 
4017 0.962621 
4018 0.962621 
4019 0.963352 
4020 0.963352 
4021 0.962715 
4022 0.962715 
4023 0.962840 
4024 0.962840 
4025 0.962767 
4026 0.962767 
4027 0.962694 
4028 0.962694 
4029 0.962788 
4030 0.962788 
4031 0.962987 
4032 0.962987 
4033 0.963101 
4034 0.963101 
4035 0.963049 
4036 0.963049 
4037 0.962830 
4038 0.962830 
4039 0.962632 
4040 0.962632 
4041 0.962778 
4042 0.962778 
4043 0.962913 
4044 0.962913 
4045 0.961107 
4046 0.961107 
4047 0.961316 
4048 0.961316 
4049 0.961264 
4050 0.961264 
4051 0.961420 
4052 0.961420 
4053 0.961619 
4054 0.961619 
4055 0.961713 
4056 0.961713 
4057 0.961838 
4058 0.961838 
4059 0.961828 
4060 0.961828 
4061 0.962245 
4062 0.962245 
4063 0.962078 
4064 0.962078 
4065 0.962026 
4066 0.962026 
4067 0.962162 
4068 0.962162 
4069 0.960345 
4070 0.960345 
4071 0.960084 
4072 0.960084 
4073 0.960428 
4074 0.960428 
4075 0.960627 
4076 0.960627 
4077 0.960888 
4078 0.960888 
4079 0.960554 
4080 0.960554 
4081 0.960690 
4082 0.960690 
4083 0.961065 
4084 0.961065 
4085 0.960992 
4086 0.960992 
4087 0.960710 
4088 0.960710 
4089 0.960648 
4090 0.960648 
4091 0.960763 
4092 0.960763 
4093 0.960606 
4094 0.960606 
4095 0.965054 
4096 0.965054 
4097 0.964824 
4098 0.964824 
4099 0.964668 
4100 0.964668 
4101 0.965075 
4102 0.965075 
4103 0.964751 
4104 0.964751 
4105 0.964031 
4106 0.964031 
4107 0.964375 
4108 0.964375 
4109 0.963801 
4110 0.963801 
4111 0.963707 
4112 0.963707 
4113 0.964145 
4114 0.964145 
4115 0.963989 
4116 0.963989 
4117 0.963978 
4118 0.963978 
4119 0.965472 
4120 0.965472 
4121 0.965169 
4122 0.965169 
4123 0.965586 
4124 0.965586 
4125 0.965242 
4126 0.965242 
4127 0.965054 
4128 0.965054 
4129 0.965096 
4130 0.965096 
4131 0.965023 
4132 0.965023 
4133 0.964855 
4134 0.964855 
4135 0.964908 
4136 0.964908 
4137 0.964897 
4138 0.964897 
4139 0.964751 
4140 0.964751 
4141 0.964782 
4142 0.964782 
4143 0.964918 
4144 0.964918 
4145 0.966599 
4146 0.966599 
4147 0.966683 
4148 0.966683 
4149 0.966380 
4150 0.966380 
4151 0.966630 
4152 0.966630 
4153 0.966683 
4154 0.966683 
4155 0.967236 
4156 0.967236 
4157 0.967017 
4158 0.967017 
4159 0.966474 
4160 0.966474 
4161 0.966443 
4162 0.966443 
4163 0.965534 
4164 0.965534 
4165 0.965137 
4166 0.965137 
4167 0.965409 
4168 0.965409 
4169 0.964824 
4170 0.964824 
4171 0.964908 
4172 0.964908 
4173 0.965284 
4174 0.965284 
4175 0.964344 
4176 0.964344 
4177 0.963811 
4178 0.963811 
4179 0.963550 
4180 0.963550 
4181 0.963644 
4182 0.963644 
4183 0.963707 
4184 0.963707 
4185 0.963540 
4186 0.963540 
4187 0.963634 
4188 0.963634 
4189 0.964636 
4190 0.964636 
4191 0.965900 
4192 0.965900 
4193 0.966756 
4194 0.966756 
4195 0.970682 
4196 0.970682 
4197 0.970723 
4198 0.970723 
4199 0.970577 
4200 0.970577 
4201 0.971016 
4202 0.971016 
4203 0.971945 
4204 0.971945 
4205 0.971047 
4206 0.971047 
4207 0.971861 
4208 0.971861 
4209 0.973323 
4210 0.973323 
4211 0.973323 
4212 0.973323 
4213 0.973156 
4214 0.973156 
4215 0.973522 
4216 0.973522 
4217 0.973689 
4218 0.973689 
4219 0.973887 
4220 0.973887 
4221 0.975808 
4222 0.975808 
4223 0.975129 
4224 0.975129 
4225 0.975819 
4226 0.975819 
4227 0.974806 
4228 0.974806 
4229 0.974942 
4230 0.974942 
4231 0.975129 
4232 0.975129 
4233 0.975150 
4234 0.975150 
4235 0.976518 
4236 0.976518 
4237 0.977353 
4238 0.977353 
4239 0.979379 
4240 0.979379 
4241 0.977594 
4242 0.977594 
4243 0.974660 
4244 0.974660 
4245 0.973532 
4246 0.973532 
4247 0.974952 
4248 0.974952 
4249 0.975025 
4250 0.975025 
4251 0.974722 
4252 0.974722 
4253 0.973939 
4254 0.973939 
4255 0.975860 
4256 0.975860 
4257 0.977426 
4258 0.977426 
4259 0.978324 
4260 0.978324 
4261 0.978293 
4262 0.978293 
4263 0.979556 
4264 0.979556 
4265 0.979358 
4266 0.979358 
4267 0.980705 
4268 0.980705 
4269 0.982490 
4270 0.982490 
4271 0.981697 
4272 0.981697 
4273 0.981540 
4274 0.981540 
4275 0.983545 
4276 0.983545 
4277 0.986019 
4278 0.986019 
4279 0.984641 
4280 0.984641 
4281 0.984161 
4282 0.984161 
4283 0.983754 
4284 0.983754 
4285 0.984725 
4286 0.984725 
4287 0.985059 
4288 0.985059 
4289 0.983649 
4290 0.983649 
4291 0.984673 
4292 0.984673 
4293 0.984130 
4294 0.984130 
4295 0.986803 
4296 0.986803 
4297 0.987001 
4298 0.987001 
4299 0.987377 
4300 0.987377 
4301 0.988035 
4302 0.988035 
4303 0.988870 
4304 0.988870 
4305 0.989402 
4306 0.989402 
4307 0.988442 
4308 0.988442 
4309 0.988484 
4310 0.988484 
4311 0.988588 
4312 0.988588 
4313 0.988776 
4314 0.988776 
4315 0.987659 
4316 0.987659 
4317 0.987335 
4318 0.987335 
4319 0.987805 
4320 0.987805 
4321 0.988651 
4322 0.988651 
4323 0.988797 
4324 0.988797 
4325 0.989120 
4326 0.989120 
4327 0.988515 
4328 0.988515 
4329 0.988494 
4330 0.988494 
4331 0.988024 
4332 0.988024 
4333 0.987607 
4334 0.987607 
4335 0.987888 
4336 0.987888 
4337 0.987095 
4338 0.987095 
4339 0.988630 
4340 0.988630 
4341 0.987753 
4342 0.987753 
4343 0.988003 
4344 0.988003 
4345 0.987074 
4346 0.987074 
4347 0.987147 
4348 0.987147 
4349 0.987116 
4350 0.987116 
4351 0.986155 
4352 0.986155 
4353 0.986082 
4354 0.986082 
4355 0.986155 
4356 0.986155 
4357 0.986260 
4358 0.986260 
4359 0.986281 
4360 0.986281 
4361 0.987502 
4362 0.987502 
4363 0.987147 
4364 0.987147 
4365 0.986343 
4366 0.986343 
4367 0.985727 
4368 0.985727 
4369 0.985362 
4370 0.985362 
4371 0.985351 
4372 0.985351 
4373 0.985445 
4374 0.985445 
4375 0.984902 
4376 0.984902 
4377 0.984610 
4378 0.984610 
4379 0.984589 
4380 0.984589 
4381 0.982229 
4382 0.982229 
4383 0.978084 
4384 0.978084 
4385 0.974399 
4386 0.974399 
4387 0.971381 
4388 0.971381 
4389 0.970389 
4390 0.970389 
4391 0.967643 
4392 0.967643 
4393 0.959123 
4394 0.959123 
4395 0.942011 
4396 0.942011 
4397 0.932092 
4398 0.932092 
4399 0.917077 
4400 0.917077 
4401 0.899808 
4402 0.899808 
4403 0.893136 
4404 0.893136 
4405 0.883081 
4406 0.883081 
4407 0.882789 
4408 0.882789 
4409 0.858451 
4410 0.858451 
4411 0.818671 
4412 0.818671 
4413 0.835314 
4414 0.835314 
4415 0.858023 
4416 0.858023 
4417 0.938200 
4418 0.938200 
4419 0.975933 
4420 0.975933 
4421 0.985299 
4422 0.985299 
4423 0.985122 
4424 0.985122 
4425 0.985873 
4426 0.985873 
4427 0.985069 
4428 0.985069 
4429 0.983910 
4430 0.983910 
4431 0.982835 
4432 0.982835 
4433 0.983461 
4434 0.983461 
4435 0.982605 
4436 0.982605 
4437 0.983002 
4438 0.983002 
4439 0.981613 
4440 0.981613 
4441 0.981029 
4442 0.981029 
4443 0.979087 
4444 0.979087 
4445 0.978523 
4446 0.978523 
4447 0.977395 
4448 0.977395 
4449 0.974587 
4450 0.974587 
4451 0.972394 
4452 0.972394 
4453 0.967915 
4454 0.967915 
4455 0.966787 
4456 0.966787 
4457 0.965816 
4458 0.965816 
4459 0.962840 
4460 0.962840 
4461 0.961034 
4462 0.961034 
4463 0.958466 
4464 0.958466 
4465 0.955897 
4466 0.955897 
4467 0.953913 
4468 0.953913 
4469 0.952368 
4470 0.952368 
4471 0.960387 
4472 0.960387 
4473 0.963644 
4474 0.963644 
4475 0.964563 
4476 0.964563 
4477 0.968708 
4478 0.968708 
4479 0.968938 
4480 0.968938 
4481 0.972258 
4482 0.972258 
4483 0.960157 
4484 0.960157 
4485 0.957776 
4486 0.957776 
4487 0.935589 
4488 0.935589 
4489 0.926318 
4490 0.926318 
4491 0.923697 
4492 0.923697 
4493 0.930630 
4494 0.930630 
4495 0.922538 
4496 0.922538 
4497 0.929001 
4498 0.929001 
4499 0.936289 
4500 0.936289 
4501 0.948223 
4502 0.948223 
4503 0.961504 
4504 0.961504 
4505 0.969105 
4506 0.969105 
4507 0.978512 
4508 0.978512 
4509 0.980789 
4510 0.980789 
4511 0.980204 
4512 0.980204 
4513 0.980058 
4514 0.980058 
4515 0.982365 
4516 0.982365 
4517 0.982929 
4518 0.982929 
4519 0.981143 
4520 0.981143 
4521 0.982302 
4522 0.982302 
4523 0.982699 
4524 0.982699 
4525 0.983837 
4526 0.983837 
4527 0.983921 
4528 0.983921 
4529 0.983273 
4530 0.983273 
4531 0.984192 
4532 0.984192 
4533 0.982981 
4534 0.982981 
4535 0.983159 
4536 0.983159 
4537 0.982469 
4538 0.982469 
4539 0.982365 
4540 0.982365 
4541 0.983409 
4542 0.983409 
4543 0.983305 
4544 0.983305 
4545 0.983837 
4546 0.983837 
4547 0.983399 
4548 0.983399 
4549 0.983461 
4550 0.983461 
4551 0.981039 
4552 0.981039 
4553 0.979859 
4554 0.979859 
4555 0.979212 
4556 0.979212 
4557 0.979483 
4558 0.979483 
4559 0.980768 
4560 0.980768 
4561 0.979504 
4562 0.979504 
4563 0.979463 
4564 0.979463 
4565 0.980580 
4566 0.980580 
4567 0.981707 
4568 0.981707 
4569 0.982010 
4570 0.982010 
4571 0.981530 
4572 0.981530 
4573 0.980548 
4574 0.980548 
4575 0.982365 
4576 0.982365 
4577 0.983106 
4578 0.983106 
4579 0.983263 
4580 0.983263 
4581 0.983754 
4582 0.983754 
4583 0.982668 
4584 0.982668 
4585 0.981812 
4586 0.981812 
4587 0.981112 
4588 0.981112 
4589 0.979525 
4590 0.979525 
4591 0.979891 
4592 0.979891 
4593 0.980695 
4594 0.980695 
4595 0.981029 
4596 0.981029 
4597 0.979473 
4598 0.979473 
4599 0.977959 
4600 0.977959 
4601 0.977019 
4602 0.977019 
4603 0.975161 
4604 0.975161 
4605 0.974023 
4606 0.974023 
4607 0.974555 
4608 0.974555 
4609 0.975495 
4610 0.975495 
4611 0.977197 
4612 0.977197 
4613 0.975443 
4614 0.975443 
4615 0.978366 
4616 0.978366 
4617 0.979776 
4618 0.979776 
4619 0.979160 
4620 0.979160 
4621 0.981279 
4622 0.981279 
4623 0.978617 
4624 0.978617 
4625 0.978001 
4626 0.978001 
4627 0.978951 
4628 0.978951 
4629 0.980830 
4630 0.980830 
4631 0.981269 
4632 0.981269 
4633 0.981050 
4634 0.981050 
4635 0.981801 
4636 0.981801 
4637 0.982929 
4638 0.982929 
4639 0.983169 
4640 0.983169 
4641 0.981091 
4642 0.981091 
4643 0.980903 
4644 0.980903 
4645 0.980496 
4646 0.980496 
4647 0.982396 
4648 0.982396 
4649 0.981582 
4650 0.981582 
4651 0.980809 
4652 0.980809 
4653 0.981707 
4654 0.981707 
4655 0.981561 
4656 0.981561 
4657 0.982741 
4658 0.982741 
4659 0.984944 
4660 0.984944 
4661 0.984902 
4662 0.984902 
4663 0.986823 
4664 0.986823 
4665 0.986938 
4666 0.986938 
4667 0.986646 
4668 0.986646 
4669 0.986970 
4670 0.986970 
4671 0.988160 
4672 0.988160 
4673 0.987053 
4674 0.987053 
4675 0.984088 
4676 0.984088 
4677 0.982866 
4678 0.982866 
4679 0.979797 
4680 0.979797 
4681 0.979640 
4682 0.979640 
4683 0.979504 
4684 0.979504 
4685 0.977844 
4686 0.977844 
4687 0.971245 
4688 0.971245 
4689 0.964887 
4690 0.964887 
4691 0.964020 
4692 0.964020 
4693 0.956847 
4694 0.956847 
4695 0.953840 
4696 0.953840 
4697 0.956315 
4698 0.956315 
4699 0.961285 
4700 0.961285 
4701 0.962694 
4702 0.962694 
4703 0.964772 
4704 0.964772 
4705 0.967121 
4706 0.967121 
4707 0.967153 
4708 0.967153 
4709 0.968792 
4710 0.968792 
4711 0.978335 
4712 0.978335 
4713 0.984119 
4714 0.984119 
4715 0.984631 
4716 0.984631 
4717 0.987680 
4718 0.987680 
4719 0.989089 
4720 0.989089 
4721 0.990102 
4722 0.990102 
4723 0.988891 
4724 0.988891 
4725 0.988379 
4726 0.988379 
4727 0.986667 
4728 0.986667 
4729 0.985028 
4730 0.985028 
4731 0.982365 
4732 0.982365 
4733 0.982511 
4734 0.982511 
4735 0.981645 
4736 0.981645 
4737 0.982407 
4738 0.982407 
4739 0.985915 
4740 0.985915 
4741 0.986176 
4742 0.986176 
4743 0.986938 
4744 0.986938 
4745 0.985967 
4746 0.985967 
4747 0.984057 
4748 0.984057 
4749 0.957902 
4750 0.957902 
4751 0.944882 
4752 0.944882 
4753 0.839375 
4754 0.839375 
4755 0.731269 
4756 0.731269 
4757 0.638636 
4758 0.638636 
4759 0.403556 
4760 0.403556 
4761 0.327347 
4762 0.327347 
4763 0.288298 
4764 0.288298 
4765 0.248246 
4766 0.248246 
4767 0.222216 
4768 0.222216 
4769 0.169427 
4770 0.169427 
4771 0.152700 
4772 0.152700 
4773 0.132037 
4774 0.132037 
4775 0.120625 
4776 0.120625 
4777 0.101884 
4778 0.101884 
4779 0.090002 
4780 0.090002 
4781 0.077890 
4782 0.077890 
4783 0.062208 
4784 0.062208 
4785 0.059566 
4786 0.059566 
4787 0.059117 
4788 0.059117 
4789 0.058104 
4790 0.058104 
4791 0.057624 
4792 0.057624 
4793 0.057708 
4794 0.057708 
4795 0.053239 
4796 0.053239 
4797 0.053228 
4798 0.053228 
4799 0.052320 
4800 0.052320 
4801 0.051986 
4802 0.051986 
4803 0.050702 
4804 0.050702 
4805 0.050242 
4806 0.050242 
4807 0.050347 
4808 0.050347 
4809 0.049271 
4810 0.049271 
4811 0.051443 
4812 0.051443 
4813 0.052811 
4814 0.052811 
4815 0.055598 
4816 0.055598 
4817 0.058741 
4818 0.058741 
4819 0.079905 
4820 0.079905 
4821 0.078861 
4822 0.078861 
4823 0.079957 
4824 0.079957 
4825 0.079937 
4826 0.079937 
4827 0.080824 
4828 0.080824 
4829 0.081169 
4830 0.081169 
4831 0.080647 
4832 0.080647 
4833 0.084625 
4834 0.084625 
4835 0.084322 
4836 0.084322 
4837 0.084969 
4838 0.084969 
4839 0.086807 
4840 0.086807 
4841 0.088143 
4842 0.088143 
4843 0.088676 
4844 0.088676 
4845 0.090284 
4846 0.090284 
4847 0.091202 
4848 0.091202 
4849 0.092789 
4850 0.092789 
4851 0.094742 
4852 0.094742 
4853 0.096277 
4854 0.096277 
4855 0.097530 
4856 0.097530 
4857 0.097551 
4858 0.097551 
4859 0.088436 
4860 0.088436 
4861 0.090263 
4862 0.090263 
4863 0.091140 
4864 0.091140 
4865 0.091296 
4866 0.091296 
4867 0.092340 
4868 0.092340 
4869 0.093343 
4870 0.093343 
4871 0.095358 
4872 0.095358 
4873 0.097999 
4874 0.097999 
4875 0.098542 
4876 0.098542 
4877 0.098741 
4878 0.098741 
4879 0.100933 
4880 0.100933 
4881 0.101529 
4882 0.101529 
4883 0.090451 
4884 0.090451 
4885 0.090367 
4886 0.090367 
4887 0.091140 
4888 0.091140 
4889 0.091453 
4890 0.091453 
4891 0.091432 
4892 0.091432 
4893 0.092278 
4894 0.092278 
4895 0.094376 
4896 0.094376 
4897 0.096809 
4898 0.096809 
4899 0.096841 
4900 0.096841 
4901 0.099284 
4902 0.099284 
4903 0.099158 
4904 0.099158 
4905 0.099440 
4906 0.099440 
4907 0.100631 
4908 0.100631 
4909 0.083058 
4910 0.083058 
4911 0.082077 
4912 0.082077 
4913 0.081701 
4914 0.081701 
4915 0.085439 
4916 0.085439 
4917 0.125689 
4918 0.125689 
4919 0.160761 
4920 0.160761 
4921 0.188220 
4922 0.188220 
4923 0.196072 
4924 0.196072 
4925 0.208299 
4926 0.208299 
4927 0.229995 
4928 0.229995 
4929 0.262874 
4930 0.262874 
4931 0.281876 
4932 0.281876 
4933 0.315371 
4934 0.315371 
4935 0.381860 
4936 0.381860 
4937 0.408745 
4938 0.408745 
4939 0.522177 
4940 0.522177 
4941 0.599712 
4942 0.599712 
4943 0.647406 
4944 0.647406 
4945 0.690611 
4946 0.690611 
4947 0.719731 
4948 0.719731 
4949 0.727771 
4950 0.727771 
4951 0.733232 
4952 0.733232 
4953 0.727113 
4954 0.727113 
4955 0.661147 
4956 0.661147 
4957 0.562636 
4958 0.562636 
4959 0.236531 
4960 0.236531 
4961 0.162368 
4962 0.162368 
4963 0.121346 
4964 0.121346 
4965 0.086932 
4966 0.086932 
4967 0.104076 
4968 0.104076 
4969 0.140338 
4970 0.140338 
4971 0.203955 
4972 0.203955 
4973 0.250606 
4974 0.250606 
4975 0.283401 
4976 0.283401 
4977 0.315110 
4978 0.315110 
4979 0.323536 
4980 0.323536 
4981 0.324351 
4982 0.324351 
4983 0.328590 
4984 0.328590 
4985 0.323599 
4986 0.323599 
4987 0.317094 
4988 0.317094 
4989 0.304732 
4990 0.304732 
4991 0.284163 
4992 0.284163 
4993 0.269807 
4994 0.269807 
4995 0.245020 
4996 0.245020 
4997 0.230632 
4998 0.230632 
4999 0.216286 
5000 0.216286 
5001 0.184326 
5002 0.184326 
5003 0.157785 
5004 0.157785 
5005 0.136193 
5006 0.136193 
5007 0.110278 
5008 0.110278 
5009 0.121638 
5010 0.121638 
5011 0.111406 
5012 0.111406 
5013 0.099451 
5014 0.099451 
5015 0.092716 
5016 0.092716 
5017 0.087987 
5018 0.087987 
5019 0.091536 
5020 0.091536 
5021 0.112920 
5022 0.112920 
5023 0.123476 
5024 0.123476 
5025 0.126744 
5026 0.126744 
5027 0.129970 
5028 0.129970 
5029 0.126389 
5030 0.126389 
5031 0.118986 
5032 0.118986 
5033 0.110769 
5034 0.110769 
5035 0.107939 
5036 0.107939 
5037 0.106718 
5038 0.106718 
5039 0.105141 
5040 0.105141 
5041 0.104483 
5042 0.104483 
5043 0.096987 
5044 0.096987 
5045 0.092330 
5046 0.092330 
5047 0.089584 
5048 0.089584 
5049 0.096799 
5050 0.096799 
5051 0.113630 
5052 0.113630 
5053 0.130701 
5054 0.130701 
5055 0.155269 
5056 0.155269 
5057 0.181883 
5058 0.181883 
5059 0.229462 
5060 0.229462 
5061 0.266664 
5062 0.266664 
5063 0.313628 
5064 0.313628 
5065 0.353993 
5066 0.353993 
5067 0.421296 
5068 0.421296 
5069 0.474419 
5070 0.474419 
5071 0.520924 
5072 0.520924 
5073 0.567449 
5074 0.567449 
5075 0.597081 
5076 0.597081 
5077 0.622672 
5078 0.622672 
5079 0.647855 
5080 0.647855 
5081 0.674021 
5082 0.674021 
5083 0.720713 
5084 0.720713 
5085 0.679513 
5086 0.679513 
5087 0.593217 
5088 0.593217 
5089 0.429377 
5090 0.429377 
5091 0.337600 
5092 0.337600 
5093 0.319203 
5094 0.319203 
5095 0.302915 
5096 0.302915 
5097 0.286116 
5098 0.286116 
5099 0.281166 
5100 0.281166 
5101 0.279193 
5102 0.279193 
5103 0.277690 
5104 0.277690 
5105 0.277074 
5106 0.277074 
5107 0.284508 
5108 0.284508 
5109 0.365687 
5110 0.365687 
5111 0.354055 
5112 0.354055 
5113 0.339323 
5114 0.339323 
5115 0.323557 
5116 0.323557 
5117 0.314087 
5118 0.314087 
5119 0.310349 
5120 0.310349 
5121 0.310245 
5122 0.310245 
5123 0.312051 
5124 0.312051 
5125 0.317272 
5126 0.317272 
5127 0.323390 
5128 0.323390 
5129 0.323766 
5130 0.323766 
5131 0.324465 
5132 0.324465 
5133 0.410781 
5134 0.410781 
5135 0.409194 
5136 0.409194 
5137 0.409330 
5138 0.409330 
5139 0.408651 
5140 0.408651 
5141 0.409236 
5142 0.409236 
5143 0.408651 
5144 0.408651 
5145 0.407847 
5146 0.407847 
5147 0.407597 
5148 0.407597 
5149 0.406918 
5150 0.406918 
5151 0.407044 
5152 0.407044 
5153 0.406501 
5154 0.406501 
5155 0.406918 
5156 0.406918 
5157 0.407002 
5158 0.407002 
5159 0.388156 
5160 0.388156 
5161 0.386391 
5162 0.386391 
5163 0.388291 
5164 0.388291 
5165 0.387112 
5166 0.387112 
5167 0.385796 
5168 0.385796 
5169 0.388051 
5170 0.388051 
5171 0.388114 
5172 0.388114 
5173 0.390996 
5174 0.390996 
5175 0.392990 
5176 0.392990 
5177 0.395715 
5178 0.395715 
5179 0.397574 
5180 0.397574 
5181 0.397741 
5182 0.397741 
5183 0.333288 
5184 0.333288 
5185 0.332651 
5186 0.332651 
5187 0.337099 
5188 0.337099 
5189 0.338623 
5190 0.338623 
5191 0.339897 
5192 0.339897 
5193 0.340210 
5194 0.340210 
5195 0.307854 
5196 0.307854 
5197 0.307311 
5198 0.307311 
5199 0.309733 
5200 0.309733 
5201 0.315685 
5202 0.315685 
5203 0.318566 
5204 0.318566 
5205 0.323881 
5206 0.323881 
5207 0.324507 
5208 0.324507 
5209 0.325812 
5210 0.325812 
5211 0.327577 
5212 0.327577 
5213 0.329477 
5214 0.329477 
5215 0.330667 
5216 0.330667 
5217 0.331544 
5218 0.331544 
5219 0.000512 
5220 0.000512 
5221 0.029694 
5222 0.029694 
5223 0.071646 
5224 0.071646 
5225 0.098741 
5226 0.098741 
5227 0.120448 
5228 0.120448 
5229 0.135232 
5230 0.135232 
5231 0.160228 
5232 0.160228 
5233 0.180839 
5234 0.180839 
5235 0.196166 
5236 0.196166 
5237 0.209980 
5238 0.209980 
5239 0.221673 
5240 0.221673 
5241 0.230705 
5242 0.230705 
5243 0.241532 
5244 0.241532 
5245 0.328297 
5246 0.328297 
5247 0.330594 
5248 0.330594 
5249 0.333131 
5250 0.333131 
5251 0.340889 
5252 0.340889 
5253 0.347081 
5254 0.347081 
5255 0.351278 
5256 0.351278 
5257 0.369195 
5258 0.369195 
5259 0.388166 
5260 0.388166 
5261 0.413204 
5262 0.413204 
5263 0.443921 
5264 0.443921 
5265 0.457390 
5266 0.457390 
5267 0.432593 
5268 0.432593 
5269 0.207213 
5270 0.207213 
5271 0.217351 
5272 0.217351 
5273 0.219209 
5274 0.219209 
5275 0.223177 
5276 0.223177 
5277 0.224827 
5278 0.224827 
5279 0.224127 
5280 0.224127 
5281 0.223229 
5282 0.223229 
5283 0.217800 
5284 0.217800 
5285 0.217789 
5286 0.217789 
5287 0.215137 
5288 0.215137 
5289 0.239256 
5290 0.239256 
5291 0.278201 
5292 0.278201 
5293 0.333037 
5294 0.333037 
5295 0.388803 
5296 0.388803 
5297 0.457359 
5298 0.457359 
5299 0.523826 
5300 0.523826 
5301 0.563617 
5302 0.563617 
5303 0.645558 
5304 0.645558 
5305 0.704310 
5306 0.704310 
5307 0.738149 
5308 0.738149 
5309 0.769358 
5310 0.769358 
5311 0.802216 
5312 0.802216 
5313 0.820091 
5314 0.820091 
5315 0.835167 
5316 0.835167 
5317 0.852197 
5318 0.852197 
5319 0.918518 
5320 0.918518 
5321 0.918894 
5322 0.918894 
5323 0.923321 
5324 0.923321 
5325 0.926756 
5326 0.926756 
5327 0.930745 
5328 0.930745 
5329 0.932311 
5330 0.932311 
5331 0.935245 
5332 0.935245 
5333 0.936727 
5334 0.936727 
5335 0.939484 
5336 0.939484 
5337 0.941415 
5338 0.941415 
5339 0.942647 
5340 0.942647 
5341 0.942773 
5342 0.942773 
5343 0.941207 
5344 0.941207 
5345 0.890140 
5346 0.890140 
5347 0.901040 
5348 0.901040 
5349 0.905143 
5350 0.905143 
5351 0.908088 
5352 0.908088 
5353 0.915532 
5354 0.915532 
5355 0.918027 
5356 0.918027 
5357 0.918821 
5358 0.918821 
5359 0.924209 
5360 0.924209 
5361 0.926401 
5362 0.926401 
5363 0.884334 
5364 0.884334 
5365 0.860852 
5366 0.860852 
5367 0.754761 
5368 0.754761 
5369 0.627381 
5370 0.627381 
5371 0.631578 
5372 0.631578 
5373 0.623653 
5374 0.623653 
5375 0.620657 
5376 0.620657 
5377 0.608148 
5378 0.608148 
5379 0.589929 
5380 0.589929 
5381 0.573045 
5382 0.573045 
5383 0.548718 
5384 0.548718 
5385 0.539979 
5386 0.539979 
5387 0.541357 
5388 0.541357 
5389 0.549031 
5390 0.549031 
5391 0.551077 
5392 0.551077 
5393 0.558219 
5394 0.558219 
5395 0.572680 
5396 0.572680 
5397 0.584990 
5398 0.584990 
5399 0.587715 
5400 0.587715 
5401 0.585877 
5402 0.585877 
5403 0.581722 
5404 0.581722 
5405 0.578986 
5406 0.578986 
5407 0.573829 
5408 0.573829 
5409 0.569015 
5410 0.569015 
5411 0.563189 
5412 0.563189 
5413 0.559274 
5414 0.559274 
5415 0.557634 
5416 0.557634 
5417 0.563022 
5418 0.563022 
5419 0.571761 
5420 0.571761 
5421 0.583006 
5422 0.583006 
5423 0.594930 
5424 0.594930 
5425 0.612366 
5426 0.612366 
5427 0.617086 
5428 0.617086 
5429 0.619174 
5430 0.619174 
5431 0.626169 
5432 0.626169 
5433 0.631808 
5434 0.631808 
5435 0.647156 
5436 0.647156 
5437 0.659341 
5438 0.659341 
5439 0.666722 
5440 0.666722 
5441 0.672538 
5442 0.672538 
5443 0.680442 
5444 0.680442 
5445 0.692052 
5446 0.692052 
5447 0.695905 
5448 0.695905 
5449 0.701627 
5450 0.701627 
5451 0.704571 
5452 0.704571 
5453 0.708695 
5454 0.708695 
5455 0.711201 
5456 0.711201 
5457 0.713676 
5458 0.713676 
5459 0.712496 
5460 0.712496 
5461 0.715555 
5462 0.715555 
5463 0.728356 
5464 0.728356 
5465 0.745134 
5466 0.745134 
5467 0.753028 
5468 0.753028 
5469 0.820853 
5470 0.820853 
5471 0.821949 
5472 0.821949 
5473 0.820498 
5474 0.820498 
5475 0.819495 
5476 0.819495 
5477 0.819495 
5478 0.819495 
5479 0.819631 
5480 0.819631 
5481 0.819986 
5482 0.819986 
5483 0.821667 
5484 0.821667 
5485 0.826543 
5486 0.826543 
5487 0.827911 
5488 0.827911 
5489 0.828224 
5490 0.828224 
5491 0.833090 
5492 0.833090 
5493 0.839083 
5494 0.839083 
5495 0.901395 
5496 0.901395 
5497 0.921128 
5498 0.921128 
5499 0.963028 
5500 0.963028 
5501 0.975286 
5502 0.975286 
5503 0.977990 
5504 0.977990 
5505 0.978711 
5506 0.978711 
5507 0.978648 
5508 0.978648 
5509 0.979473 
5510 0.979473 
5511 0.980705 
5512 0.980705 
5513 0.980976 
5514 0.980976 
5515 0.980956 
5516 0.980956 
5517 0.981592 
5518 0.981592 
5519 0.982814 
5520 0.982814 
5521 0.982104 
5522 0.982104 
5523 0.981718 
5524 0.981718 
5525 0.980935 
5526 0.980935 
5527 0.980674 
5528 0.980674 
5529 0.980882 
5530 0.980882 
5531 0.980736 
5532 0.980736 
5533 0.980924 
5534 0.980924 
5535 0.980287 
5536 0.980287 
5537 0.979838 
5538 0.979838 
5539 0.979295 
5540 0.979295 
5541 0.979045 
5542 0.979045 
5543 0.979285 
5544 0.979285 
5545 0.979003 
5546 0.979003 
5547 0.979744 
5548 0.979744 
5549 0.978940 
5550 0.978940 
5551 0.978356 
5552 0.978356 
5553 0.977834 
5554 0.977834 
5555 0.976904 
5556 0.976904 
5557 0.976873 
5558 0.976873 
5559 0.976769 
5560 0.976769 
5561 0.976560 
5562 0.976560 
5563 0.976570 
5564 0.976570 
5565 0.975307 
5566 0.975307 
5567 0.974252 
5568 0.974252 
5569 0.973835 
5570 0.973835 
5571 0.973229 
5572 0.973229 
5573 0.973501 
5574 0.973501 
5575 0.973396 
5576 0.973396 
5577 0.972571 
5578 0.972571 
5579 0.972363 
5580 0.972363 
5581 0.972843 
5582 0.972843 
5583 0.972248 
5584 0.972248 
5585 0.972467 
5586 0.972467 
5587 0.972039 
5588 0.972039 
5589 0.971914 
5590 0.971914 
5591 0.971569 
5592 0.971569 
5593 0.973187 
5594 0.973187 
5595 0.973104 
5596 0.973104 
5597 0.972498 
5598 0.972498 
5599 0.973083 
5600 0.973083 
5601 0.973292 
5602 0.973292 
5603 0.972477 
5604 0.972477 
5605 0.972916 
5606 0.972916 
5607 0.972467 
5608 0.972467 
5609 0.972310 
5610 0.972310 
5611 0.971799 
5612 0.971799 
5613 0.971256 
5614 0.971256 
5615 0.970682 
5616 0.970682 
5617 0.970963 
5618 0.970963 
5619 0.967048 
5620 0.967048 
5621 0.967340 
5622 0.967340 
5623 0.967643 
5624 0.967643 
5625 0.967977 
5626 0.967977 
5627 0.967706 
5628 0.967706 
5629 0.968280 
5630 0.968280 
5631 0.968019 
5632 0.968019 
5633 0.968834 
5634 0.968834 
5635 0.969961 
5636 0.969961 
5637 0.969721 
5638 0.969721 
5639 0.969951 
5640 0.969951 
5641 0.970483 
5642 0.970483 
5643 0.971204 
5644 0.971204 
5645 0.970890 
5646 0.970890 
5647 0.970765 
5648 0.970765 
5649 0.970953 
5650 0.970953 
5651 0.970901 
5652 0.970901 
5653 0.970995 
5654 0.970995 
5655 0.970734 
5656 0.970734 
5657 0.970682 
5658 0.970682 
5659 0.971162 
5660 0.971162 
5661 0.970953 
5662 0.970953 
5663 0.970995 
5664 0.970995 
5665 0.971475 
5666 0.971475 
5667 0.971715 
5668 0.971715 
5669 0.973918 
5670 0.973918 
5671 0.973991 
5672 0.973991 
5673 0.973344 
5674 0.973344 
5675 0.973396 
5676 0.973396 
5677 0.973428 
5678 0.973428 
5679 0.973866 
5680 0.973866 
5681 0.973783 
5682 0.973783 
5683 0.973584 
5684 0.973584 
5685 0.973250 
5686 0.973250 
5687 0.973386 
5688 0.973386 
5689 0.973313 
5690 0.973313 
5691 0.973448 
5692 0.973448 
5693 0.973459 
5694 0.973459 
5695 0.973689 
5696 0.973689 
5697 0.973459 
5698 0.973459 
5699 0.974023 
5700 0.974023 
5701 0.973396 
5702 0.973396 
5703 0.973323 
5704 0.973323 
5705 0.973355 
5706 0.973355 
5707 0.973041 
5708 0.973041 
5709 0.973772 
5710 0.973772 
5711 0.973929 
5712 0.973929 
5713 0.973448 
5714 0.973448 
5715 0.974096 
5716 0.974096 
5717 0.973542 
5718 0.973542 
5719 0.974284 
5720 0.974284 
5721 0.974326 
5722 0.974326 
5723 0.974179 
5724 0.974179 
5725 0.974294 
5726 0.974294 
5727 0.974513 
5728 0.974513 
5729 0.974054 
5730 0.974054 
5731 0.974002 
5732 0.974002 
5733 0.974096 
5734 0.974096 
5735 0.974294 
5736 0.974294 
Time taken: 412.367799
