1 0.143953 
2 0.143953 
3 0.156022 
4 0.156022 
5 0.174252 
6 0.174252 
7 0.202540 
8 0.202540 
9 0.221021 
10 0.221021 
11 0.233782 
12 0.233782 
13 0.238748 
14 0.238748 
15 0.236925 
16 0.236925 
17 0.243148 
18 0.243148 
19 0.246480 
20 0.246480 
21 0.245600 
22 0.245600 
23 0.246103 
24 0.246103 
25 0.248114 
26 0.248114 
27 0.251823 
28 0.251823 
29 0.252703 
30 0.252703 
31 0.261441 
32 0.261441 
33 0.263830 
34 0.263830 
35 0.270241 
36 0.270241 
37 0.271687 
38 0.271687 
39 0.268607 
40 0.268607 
41 0.268104 
42 0.268104 
43 0.264081 
44 0.264081 
45 0.265338 
46 0.265338 
47 0.267098 
48 0.267098 
49 0.265275 
50 0.265275 
51 0.261126 
52 0.261126 
53 0.260749 
54 0.260749 
55 0.258298 
56 0.258298 
57 0.256098 
58 0.256098 
59 0.254212 
60 0.254212 
61 0.254337 
62 0.254337 
63 0.250126 
64 0.250126 
65 0.248366 
66 0.248366 
67 0.247548 
68 0.247548 
69 0.254589 
70 0.254589 
71 0.252577 
72 0.252577 
73 0.252703 
74 0.252703 
75 0.252829 
76 0.252829 
77 0.252137 
78 0.252137 
79 0.253772 
80 0.253772 
81 0.257858 
82 0.257858 
83 0.269487 
84 0.269487 
85 0.294569 
86 0.294569 
87 0.317073 
88 0.317073 
89 0.336309 
90 0.336309 
91 0.364974 
92 0.364974 
93 0.383141 
94 0.383141 
95 0.402188 
96 0.402188 
97 0.411743 
98 0.411743 
99 0.420355 
100 0.420355 
101 0.428338 
102 0.428338 
103 0.437076 
104 0.437076 
105 0.437264 
106 0.437264 
107 0.440219 
108 0.440219 
109 0.441979 
110 0.441979 
111 0.445122 
112 0.445122 
113 0.447385 
114 0.447385 
115 0.448139 
116 0.448139 
117 0.449459 
118 0.449459 
119 0.461969 
120 0.461969 
121 0.467438 
122 0.467438 
123 0.469512 
124 0.469512 
125 0.468758 
126 0.468758 
127 0.462220 
128 0.462220 
129 0.455808 
130 0.455808 
131 0.451219 
132 0.451219 
133 0.448705 
134 0.448705 
135 0.450214 
136 0.450214 
137 0.448956 
138 0.448956 
139 0.440407 
140 0.440407 
141 0.438459 
142 0.438459 
143 0.430538 
144 0.430538 
145 0.423120 
146 0.423120 
147 0.420103 
148 0.420103 
149 0.414634 
150 0.414634 
151 0.408662 
152 0.408662 
153 0.405205 
154 0.405205 
155 0.399107 
156 0.399107 
157 0.394644 
158 0.394644 
159 0.390181 
160 0.390181 
161 0.388484 
162 0.388484 
163 0.386284 
164 0.386284 
165 0.383958 
166 0.383958 
167 0.382763 
168 0.382763 
169 0.391438 
170 0.391438 
171 0.389427 
172 0.389427 
173 0.383203 
174 0.383203 
175 0.379495 
176 0.379495 
177 0.377357 
178 0.377357 
179 0.375220 
180 0.375220 
181 0.372391 
182 0.372391 
183 0.369688 
184 0.369688 
185 0.367299 
186 0.367299 
187 0.364282 
188 0.364282 
189 0.363088 
190 0.363088 
191 0.360888 
192 0.360888 
193 0.359127 
194 0.359127 
195 0.358562 
196 0.358562 
197 0.358436 
198 0.358436 
199 0.358876 
200 0.358876 
201 0.356990 
202 0.356990 
203 0.357996 
204 0.357996 
205 0.357179 
206 0.357179 
207 0.357116 
208 0.357116 
209 0.358247 
210 0.358247 
211 0.358562 
212 0.358562 
213 0.358499 
214 0.358499 
215 0.357807 
216 0.357807 
217 0.359442 
218 0.359442 
219 0.374906 
220 0.374906 
221 0.373020 
222 0.373020 
223 0.372517 
224 0.372517 
225 0.370631 
226 0.370631 
227 0.370065 
228 0.370065 
229 0.366797 
230 0.366797 
231 0.364722 
232 0.364722 
233 0.363905 
234 0.363905 
235 0.363905 
236 0.363905 
237 0.362019 
238 0.362019 
239 0.363276 
240 0.363276 
241 0.363905 
242 0.363905 
243 0.362648 
244 0.362648 
245 0.357179 
246 0.357179 
247 0.358687 
248 0.358687 
249 0.359442 
250 0.359442 
251 0.359442 
252 0.359442 
253 0.357556 
254 0.357556 
255 0.356864 
256 0.356864 
257 0.355733 
258 0.355733 
259 0.354727 
260 0.354727 
261 0.354916 
262 0.354916 
263 0.354916 
264 0.354916 
265 0.354979 
266 0.354979 
267 0.354790 
268 0.354790 
269 0.357116 
270 0.357116 
271 0.356362 
272 0.356362 
273 0.352527 
274 0.352527 
275 0.353721 
276 0.353721 
277 0.355104 
278 0.355104 
279 0.357745 
280 0.357745 
281 0.358185 
282 0.358185 
283 0.362836 
284 0.362836 
285 0.365791 
286 0.365791 
287 0.366042 
288 0.366042 
289 0.364471 
290 0.364471 
291 0.361013 
292 0.361013 
293 0.358562 
294 0.358562 
295 0.358499 
296 0.358499 
297 0.354476 
298 0.354476 
299 0.351961 
300 0.351961 
301 0.348755 
302 0.348755 
303 0.348315 
304 0.348315 
305 0.348315 
306 0.348315 
307 0.348315 
308 0.348315 
309 0.348127 
310 0.348127 
311 0.348127 
312 0.348127 
313 0.347750 
314 0.347750 
315 0.348190 
316 0.348190 
317 0.348315 
318 0.348315 
319 0.355356 
320 0.355356 
321 0.354476 
322 0.354476 
323 0.353407 
324 0.353407 
325 0.352778 
326 0.352778 
327 0.352150 
328 0.352150 
329 0.352464 
330 0.352464 
331 0.353093 
332 0.353093 
333 0.353093 
334 0.353093 
335 0.352967 
336 0.352967 
337 0.353281 
338 0.353281 
339 0.354099 
340 0.354099 
341 0.358247 
342 0.358247 
343 0.367174 
344 0.367174 
345 0.380563 
346 0.380563 
347 0.387227 
348 0.387227 
349 0.395273 
350 0.395273 
351 0.398102 
352 0.398102 
353 0.398542 
354 0.398542 
355 0.397913 
356 0.397913 
357 0.398290 
358 0.398290 
359 0.399107 
360 0.399107 
361 0.399422 
362 0.399422 
363 0.397096 
364 0.397096 
365 0.395839 
366 0.395839 
367 0.393764 
368 0.393764 
369 0.395713 
370 0.395713 
371 0.395273 
372 0.395273 
373 0.395524 
374 0.395524 
375 0.393010 
376 0.393010 
377 0.393576 
378 0.393576 
379 0.390684 
380 0.390684 
381 0.387918 
382 0.387918 
383 0.388232 
384 0.388232 
385 0.393324 
386 0.393324 
387 0.396844 
388 0.396844 
389 0.403131 
390 0.403131 
391 0.412497 
392 0.412497 
393 0.416834 
394 0.416834 
395 0.417023 
396 0.417023 
397 0.420732 
398 0.420732 
399 0.420543 
400 0.420543 
401 0.425132 
402 0.425132 
403 0.428212 
404 0.428212 
405 0.432864 
406 0.432864 
407 0.439402 
408 0.439402 
409 0.446568 
410 0.446568 
411 0.458763 
412 0.458763 
413 0.466683 
414 0.466683 
415 0.482147 
416 0.482147 
417 0.495474 
418 0.495474 
419 0.520304 
420 0.520304 
421 0.537717 
422 0.537717 
423 0.550038 
424 0.550038 
425 0.564873 
426 0.564873 
427 0.583354 
428 0.583354 
429 0.599258 
430 0.599258 
431 0.612208 
432 0.612208 
433 0.629746 
434 0.629746 
435 0.640810 
436 0.640810 
437 0.650553 
438 0.650553 
439 0.662120 
440 0.662120 
441 0.668406 
442 0.668406 
443 0.670732 
444 0.670732 
445 0.686510 
446 0.686510 
447 0.692105 
448 0.692105 
449 0.697008 
450 0.697008 
451 0.704300 
452 0.704300 
453 0.706688 
454 0.706688 
455 0.710146 
456 0.710146 
457 0.717878 
458 0.717878 
459 0.725044 
460 0.725044 
461 0.728501 
462 0.728501 
463 0.733593 
464 0.733593 
465 0.736359 
466 0.736359 
467 0.740256 
468 0.740256 
469 0.750251 
470 0.750251 
471 0.751823 
472 0.751823 
473 0.751886 
474 0.751886 
475 0.752892 
476 0.752892 
477 0.752577 
478 0.752577 
479 0.752200 
480 0.752200 
481 0.752514 
482 0.752514 
483 0.751069 
484 0.751069 
485 0.751760 
486 0.751760 
487 0.751634 
488 0.751634 
489 0.749309 
490 0.749309 
491 0.749057 
492 0.749057 
493 0.748491 
494 0.748491 
495 0.740759 
496 0.740759 
497 0.741011 
498 0.741011 
499 0.748366 
500 0.748366 
501 0.754023 
502 0.754023 
503 0.757732 
504 0.757732 
505 0.761629 
506 0.761629 
507 0.765590 
508 0.765590 
509 0.768858 
510 0.768858 
511 0.774579 
512 0.774579 
513 0.779859 
514 0.779859 
515 0.784448 
516 0.784448 
517 0.801672 
518 0.801672 
519 0.835052 
520 0.835052 
521 0.843035 
522 0.843035 
523 0.868871 
524 0.868871 
525 0.884461 
526 0.884461 
527 0.896656 
528 0.896656 
529 0.905142 
530 0.905142 
531 0.916331 
532 0.916331 
533 0.922115 
534 0.922115 
535 0.925761 
536 0.925761 
537 0.927772 
538 0.927772 
539 0.928967 
540 0.928967 
541 0.932927 
542 0.932927 
543 0.933304 
544 0.933304 
545 0.958763 
546 0.958763 
547 0.957191 
548 0.957191 
549 0.958511 
550 0.958511 
551 0.959832 
552 0.959832 
553 0.958574 
554 0.958574 
555 0.957946 
556 0.957946 
557 0.958700 
558 0.958700 
559 0.957317 
560 0.957317 
561 0.957128 
562 0.957128 
563 0.957254 
564 0.957254 
565 0.957128 
566 0.957128 
567 0.957569 
568 0.957569 
569 0.950465 
570 0.950465 
571 0.948705 
572 0.948705 
573 0.949334 
574 0.949334 
575 0.949208 
576 0.949208 
577 0.949837 
578 0.949837 
579 0.949585 
580 0.949585 
581 0.950402 
582 0.950402 
583 0.950717 
584 0.950717 
585 0.952162 
586 0.952162 
587 0.951031 
588 0.951031 
589 0.953860 
590 0.953860 
591 0.952980 
592 0.952980 
593 0.954425 
594 0.954425 
595 0.963163 
596 0.963163 
597 0.965301 
598 0.965301 
599 0.968129 
600 0.968129 
601 0.967375 
602 0.967375 
603 0.968695 
604 0.968695 
605 0.969827 
606 0.969827 
607 0.971272 
608 0.971272 
609 0.972152 
610 0.972152 
611 0.971712 
612 0.971712 
613 0.972655 
614 0.972655 
615 0.972027 
616 0.972027 
617 0.971712 
618 0.971712 
619 0.974101 
620 0.974101 
621 0.974101 
622 0.974101 
623 0.974038 
624 0.974038 
625 0.973850 
626 0.973850 
627 0.973410 
628 0.973410 
629 0.974038 
630 0.974038 
631 0.974793 
632 0.974793 
633 0.974981 
634 0.974981 
635 0.975610 
636 0.975610 
637 0.975861 
638 0.975861 
639 0.976616 
640 0.976616 
641 0.975924 
642 0.975924 
643 0.975735 
644 0.975735 
645 0.975798 
646 0.975798 
647 0.975547 
648 0.975547 
649 0.975987 
650 0.975987 
651 0.975987 
652 0.975987 
653 0.975358 
654 0.975358 
655 0.973724 
656 0.973724 
657 0.974730 
658 0.974730 
659 0.973975 
660 0.973975 
661 0.974793 
662 0.974793 
663 0.974667 
664 0.974667 
665 0.973850 
666 0.973850 
667 0.975107 
668 0.975107 
669 0.975170 
670 0.975170 
671 0.974730 
672 0.974730 
673 0.973095 
674 0.973095 
675 0.973095 
676 0.973095 
677 0.973975 
678 0.973975 
679 0.974667 
680 0.974667 
681 0.973472 
682 0.973472 
683 0.973347 
684 0.973347 
685 0.973347 
686 0.973347 
687 0.973410 
688 0.973410 
689 0.973472 
690 0.973472 
691 0.973472 
692 0.973472 
693 0.974290 
694 0.974290 
695 0.975484 
696 0.975484 
697 0.975673 
698 0.975673 
699 0.975610 
700 0.975610 
701 0.975233 
702 0.975233 
703 0.975421 
704 0.975421 
705 0.974667 
706 0.974667 
707 0.974541 
708 0.974541 
709 0.973598 
710 0.973598 
711 0.974353 
712 0.974353 
713 0.974730 
714 0.974730 
715 0.974164 
716 0.974164 
717 0.974290 
718 0.974290 
719 0.974667 
720 0.974667 
721 0.974415 
722 0.974415 
723 0.974227 
724 0.974227 
725 0.973724 
726 0.973724 
727 0.973410 
728 0.973410 
729 0.973410 
730 0.973410 
731 0.974730 
732 0.974730 
733 0.973975 
734 0.973975 
735 0.974038 
736 0.974038 
737 0.974290 
738 0.974290 
739 0.975044 
740 0.975044 
741 0.974730 
742 0.974730 
743 0.975547 
744 0.975547 
745 0.976553 
746 0.976553 
747 0.976427 
748 0.976427 
749 0.976616 
750 0.976616 
751 0.976175 
752 0.976175 
753 0.976867 
754 0.976867 
755 0.976741 
756 0.976741 
757 0.977496 
758 0.977496 
759 0.977244 
760 0.977244 
761 0.977558 
762 0.977558 
763 0.976930 
764 0.976930 
765 0.977181 
766 0.977181 
767 0.977307 
768 0.977307 
769 0.974793 
770 0.974793 
771 0.975484 
772 0.975484 
773 0.975673 
774 0.975673 
775 0.975987 
776 0.975987 
777 0.976238 
778 0.976238 
779 0.975421 
780 0.975421 
781 0.974918 
782 0.974918 
783 0.975295 
784 0.975295 
785 0.974793 
786 0.974793 
787 0.974667 
788 0.974667 
789 0.974227 
790 0.974227 
791 0.974101 
792 0.974101 
793 0.973787 
794 0.973787 
795 0.974038 
796 0.974038 
797 0.973912 
798 0.973912 
799 0.973347 
800 0.973347 
801 0.973032 
802 0.973032 
803 0.973095 
804 0.973095 
805 0.972592 
806 0.972592 
807 0.971838 
808 0.971838 
809 0.972844 
810 0.972844 
811 0.971524 
812 0.971524 
813 0.971712 
814 0.971712 
815 0.971587 
816 0.971587 
817 0.972467 
818 0.972467 
819 0.969324 
820 0.969324 
821 0.970078 
822 0.970078 
823 0.970329 
824 0.970329 
825 0.970455 
826 0.970455 
827 0.969952 
828 0.969952 
829 0.970392 
830 0.970392 
831 0.971084 
832 0.971084 
833 0.970644 
834 0.970644 
835 0.971649 
836 0.971649 
837 0.971775 
838 0.971775 
839 0.972844 
840 0.972844 
841 0.972027 
842 0.972027 
843 0.972090 
844 0.972090 
845 0.972404 
846 0.972404 
847 0.972152 
848 0.972152 
849 0.972027 
850 0.972027 
851 0.972152 
852 0.972152 
853 0.972027 
854 0.972027 
855 0.972278 
856 0.972278 
857 0.971649 
858 0.971649 
859 0.971524 
860 0.971524 
861 0.972404 
862 0.972404 
863 0.972530 
864 0.972530 
865 0.972718 
866 0.972718 
867 0.972655 
868 0.972655 
869 0.971649 
870 0.971649 
871 0.970895 
872 0.970895 
873 0.971712 
874 0.971712 
875 0.972530 
876 0.972530 
877 0.971147 
878 0.971147 
879 0.972530 
880 0.972530 
881 0.972090 
882 0.972090 
883 0.972530 
884 0.972530 
885 0.972467 
886 0.972467 
887 0.972404 
888 0.972404 
889 0.972970 
890 0.972970 
891 0.972655 
892 0.972655 
893 0.972655 
894 0.972655 
895 0.972404 
896 0.972404 
897 0.972970 
898 0.972970 
899 0.972844 
900 0.972844 
901 0.972655 
902 0.972655 
903 0.971901 
904 0.971901 
905 0.971587 
906 0.971587 
907 0.971775 
908 0.971775 
909 0.972215 
910 0.972215 
911 0.972278 
912 0.972278 
913 0.972530 
914 0.972530 
915 0.973032 
916 0.973032 
917 0.972970 
918 0.972970 
919 0.973032 
920 0.973032 
921 0.973158 
922 0.973158 
923 0.973158 
924 0.973158 
925 0.972718 
926 0.972718 
927 0.972530 
928 0.972530 
929 0.973095 
930 0.973095 
931 0.972718 
932 0.972718 
933 0.972215 
934 0.972215 
935 0.972592 
936 0.972592 
937 0.972341 
938 0.972341 
939 0.972907 
940 0.972907 
941 0.972655 
942 0.972655 
943 0.973661 
944 0.973661 
945 0.973158 
946 0.973158 
947 0.973410 
948 0.973410 
949 0.972844 
950 0.972844 
951 0.972718 
952 0.972718 
953 0.972844 
954 0.972844 
955 0.972404 
956 0.972404 
957 0.972278 
958 0.972278 
959 0.972215 
960 0.972215 
961 0.972404 
962 0.972404 
963 0.972404 
964 0.972404 
965 0.972718 
966 0.972718 
967 0.972530 
968 0.972530 
969 0.972090 
970 0.972090 
971 0.972718 
972 0.972718 
973 0.972467 
974 0.972467 
975 0.973095 
976 0.973095 
977 0.972215 
978 0.972215 
979 0.972027 
980 0.972027 
981 0.971838 
982 0.971838 
983 0.971649 
984 0.971649 
985 0.971209 
986 0.971209 
987 0.971398 
988 0.971398 
989 0.971209 
990 0.971209 
991 0.971775 
992 0.971775 
993 0.972592 
994 0.972592 
995 0.972467 
996 0.972467 
997 0.972404 
998 0.972404 
999 0.972781 
1000 0.972781 
1001 0.972592 
1002 0.972592 
1003 0.972467 
1004 0.972467 
1005 0.971712 
1006 0.971712 
1007 0.971901 
1008 0.971901 
1009 0.970392 
1010 0.970392 
1011 0.972718 
1012 0.972718 
1013 0.973158 
1014 0.973158 
1015 0.971964 
1016 0.971964 
1017 0.971775 
1018 0.971775 
1019 0.971461 
1020 0.971461 
1021 0.970958 
1022 0.970958 
1023 0.972530 
1024 0.972530 
1025 0.972341 
1026 0.972341 
1027 0.971838 
1028 0.971838 
1029 0.971461 
1030 0.971461 
1031 0.971712 
1032 0.971712 
1033 0.971021 
1034 0.971021 
1035 0.972718 
1036 0.972718 
1037 0.972152 
1038 0.972152 
1039 0.971649 
1040 0.971649 
1041 0.971649 
1042 0.971649 
1043 0.971587 
1044 0.971587 
1045 0.973095 
1046 0.973095 
1047 0.972215 
1048 0.972215 
1049 0.972341 
1050 0.972341 
1051 0.971901 
1052 0.971901 
1053 0.972404 
1054 0.972404 
1055 0.972404 
1056 0.972404 
1057 0.972655 
1058 0.972655 
1059 0.972404 
1060 0.972404 
1061 0.972530 
1062 0.972530 
1063 0.973095 
1064 0.973095 
1065 0.971964 
1066 0.971964 
1067 0.972278 
1068 0.972278 
1069 0.972655 
1070 0.972655 
1071 0.972844 
1072 0.972844 
1073 0.973661 
1074 0.973661 
1075 0.973095 
1076 0.973095 
1077 0.972970 
1078 0.972970 
1079 0.972655 
1080 0.972655 
1081 0.972467 
1082 0.972467 
1083 0.971838 
1084 0.971838 
1085 0.972781 
1086 0.972781 
1087 0.971587 
1088 0.971587 
1089 0.971461 
1090 0.971461 
1091 0.971524 
1092 0.971524 
1093 0.971461 
1094 0.971461 
1095 0.972090 
1096 0.972090 
1097 0.971964 
1098 0.971964 
1099 0.971838 
1100 0.971838 
1101 0.971901 
1102 0.971901 
1103 0.972530 
1104 0.972530 
1105 0.972592 
1106 0.972592 
1107 0.972090 
1108 0.972090 
1109 0.971272 
1110 0.971272 
1111 0.970455 
1112 0.970455 
1113 0.971398 
1114 0.971398 
1115 0.971461 
1116 0.971461 
1117 0.971712 
1118 0.971712 
1119 0.970958 
1120 0.970958 
1121 0.970895 
1122 0.970895 
1123 0.971084 
1124 0.971084 
1125 0.970832 
1126 0.970832 
1127 0.971335 
1128 0.971335 
1129 0.971524 
1130 0.971524 
1131 0.971272 
1132 0.971272 
1133 0.971587 
1134 0.971587 
1135 0.971649 
1136 0.971649 
1137 0.971272 
1138 0.971272 
1139 0.971209 
1140 0.971209 
1141 0.970644 
1142 0.970644 
1143 0.970769 
1144 0.970769 
1145 0.971209 
1146 0.971209 
1147 0.970455 
1148 0.970455 
1149 0.970707 
1150 0.970707 
1151 0.970769 
1152 0.970769 
1153 0.970455 
1154 0.970455 
1155 0.970644 
1156 0.970644 
1157 0.971021 
1158 0.971021 
1159 0.971021 
1160 0.971021 
1161 0.970455 
1162 0.970455 
1163 0.971272 
1164 0.971272 
1165 0.971461 
1166 0.971461 
1167 0.971712 
1168 0.971712 
1169 0.971775 
1170 0.971775 
1171 0.971901 
1172 0.971901 
1173 0.972404 
1174 0.972404 
1175 0.972152 
1176 0.972152 
1177 0.971838 
1178 0.971838 
1179 0.971712 
1180 0.971712 
1181 0.971838 
1182 0.971838 
1183 0.972215 
1184 0.972215 
1185 0.971712 
1186 0.971712 
1187 0.972027 
1188 0.972027 
1189 0.970769 
1190 0.970769 
1191 0.971147 
1192 0.971147 
1193 0.971587 
1194 0.971587 
1195 0.971084 
1196 0.971084 
1197 0.971398 
1198 0.971398 
1199 0.971587 
1200 0.971587 
1201 0.971712 
1202 0.971712 
1203 0.971461 
1204 0.971461 
1205 0.971838 
1206 0.971838 
1207 0.971964 
1208 0.971964 
1209 0.971775 
1210 0.971775 
1211 0.971838 
1212 0.971838 
1213 0.972215 
1214 0.972215 
1215 0.971209 
1216 0.971209 
1217 0.971335 
1218 0.971335 
1219 0.971649 
1220 0.971649 
1221 0.971461 
1222 0.971461 
1223 0.971272 
1224 0.971272 
1225 0.970958 
1226 0.970958 
1227 0.971272 
1228 0.971272 
1229 0.971335 
1230 0.971335 
1231 0.971524 
1232 0.971524 
1233 0.971649 
1234 0.971649 
1235 0.972781 
1236 0.972781 
1237 0.972592 
1238 0.972592 
1239 0.972090 
1240 0.972090 
1241 0.971587 
1242 0.971587 
1243 0.971964 
1244 0.971964 
1245 0.971209 
1246 0.971209 
1247 0.970895 
1248 0.970895 
1249 0.971147 
1250 0.971147 
1251 0.971335 
1252 0.971335 
1253 0.971335 
1254 0.971335 
1255 0.971335 
1256 0.971335 
1257 0.971209 
1258 0.971209 
1259 0.970895 
1260 0.970895 
1261 0.971209 
1262 0.971209 
1263 0.971272 
1264 0.971272 
1265 0.973284 
1266 0.973284 
1267 0.972718 
1268 0.972718 
1269 0.972404 
1270 0.972404 
1271 0.972781 
1272 0.972781 
1273 0.972655 
1274 0.972655 
1275 0.972090 
1276 0.972090 
1277 0.972278 
1278 0.972278 
1279 0.971398 
1280 0.971398 
1281 0.971461 
1282 0.971461 
1283 0.971901 
1284 0.971901 
1285 0.970707 
1286 0.970707 
1287 0.971775 
1288 0.971775 
1289 0.971398 
1290 0.971398 
1291 0.971587 
1292 0.971587 
1293 0.971712 
1294 0.971712 
1295 0.971712 
1296 0.971712 
1297 0.971021 
1298 0.971021 
1299 0.970832 
1300 0.970832 
1301 0.971084 
1302 0.971084 
1303 0.971524 
1304 0.971524 
1305 0.971398 
1306 0.971398 
1307 0.971712 
1308 0.971712 
1309 0.971775 
1310 0.971775 
1311 0.972655 
1312 0.972655 
1313 0.972781 
1314 0.972781 
1315 0.973347 
1316 0.973347 
1317 0.973221 
1318 0.973221 
1319 0.972718 
1320 0.972718 
1321 0.972278 
1322 0.972278 
1323 0.972341 
1324 0.972341 
1325 0.972907 
1326 0.972907 
1327 0.972907 
1328 0.972907 
1329 0.973032 
1330 0.973032 
1331 0.973032 
1332 0.973032 
1333 0.973284 
1334 0.973284 
1335 0.973410 
1336 0.973410 
1337 0.973472 
1338 0.973472 
1339 0.973472 
1340 0.973472 
1341 0.973032 
1342 0.973032 
1343 0.973598 
1344 0.973598 
1345 0.973661 
1346 0.973661 
1347 0.974101 
1348 0.974101 
1349 0.973912 
1350 0.973912 
1351 0.973347 
1352 0.973347 
1353 0.973535 
1354 0.973535 
1355 0.972907 
1356 0.972907 
1357 0.973221 
1358 0.973221 
1359 0.973284 
1360 0.973284 
1361 0.971398 
1362 0.971398 
1363 0.970769 
1364 0.970769 
1365 0.971335 
1366 0.971335 
1367 0.970832 
1368 0.970832 
1369 0.971398 
1370 0.971398 
1371 0.971272 
1372 0.971272 
1373 0.972404 
1374 0.972404 
1375 0.971964 
1376 0.971964 
1377 0.972090 
1378 0.972090 
1379 0.971587 
1380 0.971587 
1381 0.971398 
1382 0.971398 
1383 0.971964 
1384 0.971964 
1385 0.972467 
1386 0.972467 
1387 0.972530 
1388 0.972530 
1389 0.972970 
1390 0.972970 
1391 0.972592 
1392 0.972592 
1393 0.972592 
1394 0.972592 
1395 0.973095 
1396 0.973095 
1397 0.973347 
1398 0.973347 
1399 0.973221 
1400 0.973221 
1401 0.973850 
1402 0.973850 
1403 0.973912 
1404 0.973912 
1405 0.973724 
1406 0.973724 
1407 0.973095 
1408 0.973095 
1409 0.974038 
1410 0.974038 
1411 0.970707 
1412 0.970707 
1413 0.970895 
1414 0.970895 
1415 0.971147 
1416 0.971147 
1417 0.971335 
1418 0.971335 
1419 0.971147 
1420 0.971147 
1421 0.971649 
1422 0.971649 
1423 0.972655 
1424 0.972655 
1425 0.972215 
1426 0.972215 
1427 0.972530 
1428 0.972530 
1429 0.972970 
1430 0.972970 
1431 0.972844 
1432 0.972844 
1433 0.972655 
1434 0.972655 
1435 0.972215 
1436 0.972215 
1437 0.971901 
1438 0.971901 
1439 0.971901 
1440 0.971901 
1441 0.971461 
1442 0.971461 
1443 0.973158 
1444 0.973158 
1445 0.972781 
1446 0.972781 
1447 0.973284 
1448 0.973284 
1449 0.973975 
1450 0.973975 
1451 0.973975 
1452 0.973975 
1453 0.974667 
1454 0.974667 
1455 0.973472 
1456 0.973472 
1457 0.973598 
1458 0.973598 
1459 0.973158 
1460 0.973158 
1461 0.972215 
1462 0.972215 
1463 0.972781 
1464 0.972781 
1465 0.973221 
1466 0.973221 
1467 0.972907 
1468 0.972907 
1469 0.974164 
1470 0.974164 
1471 0.976301 
1472 0.976301 
1473 0.976427 
1474 0.976427 
1475 0.975610 
1476 0.975610 
1477 0.976364 
1478 0.976364 
1479 0.974855 
1480 0.974855 
1481 0.974793 
1482 0.974793 
1483 0.975107 
1484 0.975107 
1485 0.973661 
1486 0.973661 
1487 0.975673 
1488 0.975673 
1489 0.975610 
1490 0.975610 
1491 0.974918 
1492 0.974918 
1493 0.977747 
1494 0.977747 
1495 0.976113 
1496 0.976113 
1497 0.977684 
1498 0.977684 
1499 0.978187 
1500 0.978187 
1501 0.979067 
1502 0.979067 
1503 0.979067 
1504 0.979067 
1505 0.981770 
1506 0.981770 
1507 0.979507 
1508 0.979507 
1509 0.981016 
1510 0.981016 
1511 0.982336 
1512 0.982336 
1513 0.982336 
1514 0.982336 
1515 0.984159 
1516 0.984159 
1517 0.982399 
1518 0.982399 
1519 0.983970 
1520 0.983970 
1521 0.981519 
1522 0.981519 
1523 0.985416 
1524 0.985416 
1525 0.985416 
1526 0.985416 
1527 0.984976 
1528 0.984976 
1529 0.986422 
1530 0.986422 
1531 0.987428 
1532 0.987428 
1533 0.984222 
1534 0.984222 
1535 0.984096 
1536 0.984096 
1537 0.982273 
1538 0.982273 
1539 0.982713 
1540 0.982713 
1541 0.983027 
1542 0.983027 
1543 0.982210 
1544 0.982210 
1545 0.983216 
1546 0.983216 
1547 0.984348 
1548 0.984348 
1549 0.982147 
1550 0.982147 
1551 0.981770 
1552 0.981770 
1553 0.983027 
1554 0.983027 
1555 0.983279 
1556 0.983279 
1557 0.984096 
1558 0.984096 
1559 0.985730 
1560 0.985730 
1561 0.983593 
1562 0.983593 
1563 0.985165 
1564 0.985165 
1565 0.983719 
1566 0.983719 
1567 0.980827 
1568 0.980827 
1569 0.981016 
1570 0.981016 
1571 0.981016 
1572 0.981016 
1573 0.980324 
1574 0.980324 
1575 0.979444 
1576 0.979444 
1577 0.978816 
1578 0.978816 
1579 0.978501 
1580 0.978501 
1581 0.979884 
1582 0.979884 
1583 0.980513 
1584 0.980513 
1585 0.978879 
1586 0.978879 
1587 0.977684 
1588 0.977684 
1589 0.976113 
1590 0.976113 
1591 0.977244 
1592 0.977244 
1593 0.977558 
1594 0.977558 
1595 0.975924 
1596 0.975924 
1597 0.977496 
1598 0.977496 
1599 0.976993 
1600 0.976993 
1601 0.977118 
1602 0.977118 
1603 0.977873 
1604 0.977873 
1605 0.978627 
1606 0.978627 
1607 0.979004 
1608 0.979004 
1609 0.981016 
1610 0.981016 
1611 0.981707 
1612 0.981707 
1613 0.983279 
1614 0.983279 
1615 0.983530 
1616 0.983530 
1617 0.982399 
1618 0.982399 
1619 0.983279 
1620 0.983279 
1621 0.982902 
1622 0.982902 
1623 0.983279 
1624 0.983279 
1625 0.983656 
1626 0.983656 
1627 0.983970 
1628 0.983970 
1629 0.983656 
1630 0.983656 
1631 0.984788 
1632 0.984788 
1633 0.983845 
1634 0.983845 
1635 0.984662 
1636 0.984662 
1637 0.985605 
1638 0.985605 
1639 0.985982 
1640 0.985982 
1641 0.988559 
1642 0.988559 
1643 0.988245 
1644 0.988245 
1645 0.986359 
1646 0.986359 
1647 0.988056 
1648 0.988056 
1649 0.987616 
1650 0.987616 
1651 0.986862 
1652 0.986862 
1653 0.985039 
1654 0.985039 
1655 0.986548 
1656 0.986548 
1657 0.987051 
1658 0.987051 
1659 0.985102 
1660 0.985102 
1661 0.985793 
1662 0.985793 
1663 0.983970 
1664 0.983970 
1665 0.983782 
1666 0.983782 
1667 0.983405 
1668 0.983405 
1669 0.984473 
1670 0.984473 
1671 0.983405 
1672 0.983405 
1673 0.984159 
1674 0.984159 
1675 0.981896 
1676 0.981896 
1677 0.979947 
1678 0.979947 
1679 0.978313 
1680 0.978313 
1681 0.978941 
1682 0.978941 
1683 0.979381 
1684 0.979381 
1685 0.977496 
1686 0.977496 
1687 0.977370 
1688 0.977370 
1689 0.976238 
1690 0.976238 
1691 0.972341 
1692 0.972341 
1693 0.974164 
1694 0.974164 
1695 0.973787 
1696 0.973787 
1697 0.976427 
1698 0.976427 
1699 0.975358 
1700 0.975358 
1701 0.978816 
1702 0.978816 
1703 0.975924 
1704 0.975924 
1705 0.977747 
1706 0.977747 
1707 0.975610 
1708 0.975610 
1709 0.974038 
1710 0.974038 
1711 0.970518 
1712 0.970518 
1713 0.971398 
1714 0.971398 
1715 0.971775 
1716 0.971775 
1717 0.967249 
1718 0.967249 
1719 0.960146 
1720 0.960146 
1721 0.959140 
1722 0.959140 
1723 0.960774 
1724 0.960774 
1725 0.969261 
1726 0.969261 
1727 0.972278 
1728 0.972278 
1729 0.976553 
1730 0.976553 
1731 0.965741 
1732 0.965741 
1733 0.949962 
1734 0.949962 
1735 0.928652 
1736 0.928652 
1737 0.932613 
1738 0.932613 
1739 0.936258 
1740 0.936258 
1741 0.925949 
1742 0.925949 
1743 0.899987 
1744 0.899987 
1745 0.882763 
1746 0.882763 
1747 0.764332 
1748 0.764332 
1749 0.749183 
1750 0.749183 
1751 0.744280 
1752 0.744280 
1753 0.691162 
1754 0.691162 
1755 0.687327 
1756 0.687327 
1757 0.683933 
1758 0.683933 
1759 0.682990 
1760 0.682990 
1761 0.689464 
1762 0.689464 
1763 0.675824 
1764 0.675824 
1765 0.671863 
1766 0.671863 
1767 0.694682 
1768 0.694682 
1769 0.699648 
1770 0.699648 
1771 0.723410 
1772 0.723410 
1773 0.760686 
1774 0.760686 
1775 0.790294 
1776 0.790294 
1777 0.822291 
1778 0.822291 
1779 0.840206 
1780 0.840206 
1781 0.838509 
1782 0.838509 
1783 0.835177 
1784 0.835177 
1785 0.814119 
1786 0.814119 
1787 0.812484 
1788 0.812484 
1789 0.806324 
1790 0.806324 
1791 0.790420 
1792 0.790420 
1793 0.776150 
1794 0.776150 
1795 0.757606 
1796 0.757606 
1797 0.744594 
1798 0.744594 
1799 0.750126 
1800 0.750126 
1801 0.762007 
1802 0.762007 
1803 0.769864 
1804 0.769864 
1805 0.775207 
1806 0.775207 
1807 0.781871 
1808 0.781871 
1809 0.786585 
1810 0.786585 
1811 0.749560 
1812 0.749560 
1813 0.745725 
1814 0.745725 
1815 0.743525 
1816 0.743525 
1817 0.744217 
1818 0.744217 
1819 0.743777 
1820 0.743777 
1821 0.733719 
1822 0.733719 
1823 0.723975 
1824 0.723975 
1825 0.714546 
1826 0.714546 
1827 0.711089 
1828 0.711089 
1829 0.704865 
1830 0.704865 
1831 0.698265 
1832 0.698265 
1833 0.699208 
1834 0.699208 
1835 0.635278 
1836 0.635278 
1837 0.629620 
1838 0.629620 
1839 0.613339 
1840 0.613339 
1841 0.597750 
1842 0.597750 
1843 0.580966 
1844 0.580966 
1845 0.563867 
1846 0.563867 
1847 0.547272 
1848 0.547272 
1849 0.526716 
1850 0.526716 
1851 0.520053 
1852 0.520053 
1853 0.516533 
1854 0.516533 
1855 0.530425 
1856 0.530425 
1857 0.548781 
1858 0.548781 
1859 0.568645 
1860 0.568645 
1861 0.575182 
1862 0.575182 
1863 0.599195 
1864 0.599195 
1865 0.599824 
1866 0.599824 
1867 0.615539 
1868 0.615539 
1869 0.648604 
1870 0.648604 
1871 0.667966 
1872 0.667966 
1873 0.683304 
1874 0.683304 
1875 0.722467 
1876 0.722467 
1877 0.742331 
1878 0.742331 
1879 0.749309 
1880 0.749309 
1881 0.771939 
1882 0.771939 
1883 0.698328 
1884 0.698328 
1885 0.646341 
1886 0.646341 
1887 0.647724 
1888 0.647724 
1889 0.655142 
1890 0.655142 
1891 0.647536 
1892 0.647536 
1893 0.669726 
1894 0.669726 
1895 0.679407 
1896 0.679407 
1897 0.652313 
1898 0.652313 
1899 0.662685 
1900 0.662685 
1901 0.680287 
1902 0.680287 
1903 0.698076 
1904 0.698076 
1905 0.743965 
1906 0.743965 
1907 0.764521 
1908 0.764521 
1909 0.788031 
1910 0.788031 
1911 0.825685 
1912 0.825685 
1913 0.842909 
1914 0.842909 
1915 0.852276 
1916 0.852276 
1917 0.867048 
1918 0.867048 
1919 0.872454 
1920 0.872454 
1921 0.878992 
1922 0.878992 
1923 0.878237 
1924 0.878237 
1925 0.759744 
1926 0.759744 
1927 0.696379 
1928 0.696379 
1929 0.638358 
1930 0.638358 
1931 0.605104 
1932 0.605104 
1933 0.490697 
1934 0.490697 
1935 0.443739 
1936 0.443739 
1937 0.425195 
1938 0.425195 
1939 0.400679 
1940 0.400679 
1941 0.366608 
1942 0.366608 
1943 0.361453 
1944 0.361453 
1945 0.353973 
1946 0.353973 
1947 0.331908 
1948 0.331908 
1949 0.314433 
1950 0.314433 
1951 0.288723 
1952 0.288723 
1953 0.258423 
1954 0.258423 
1955 0.233405 
1956 0.233405 
1957 0.204237 
1958 0.204237 
1959 0.187076 
1960 0.187076 
1961 0.126477 
1962 0.126477 
1963 0.116671 
1964 0.116671 
1965 0.108750 
1966 0.108750 
1967 0.100641 
1968 0.100641 
1969 0.095738 
1970 0.095738 
1971 0.085240 
1972 0.085240 
1973 0.084863 
1974 0.084863 
1975 0.083606 
1976 0.083606 
1977 0.082411 
1978 0.082411 
1979 0.082789 
1980 0.082789 
1981 0.078074 
1982 0.078074 
1983 0.069462 
1984 0.069462 
1985 0.061479 
1986 0.061479 
1987 0.058084 
1988 0.058084 
1989 0.056952 
1990 0.056952 
1991 0.054438 
1992 0.054438 
1993 0.053369 
1994 0.053369 
1995 0.053307 
1996 0.053307 
1997 0.053684 
1998 0.053684 
1999 0.060976 
2000 0.060976 
2001 0.095487 
2002 0.095487 
2003 0.139930 
2004 0.139930 
2005 0.181292 
2006 0.181292 
2007 0.243337 
2008 0.243337 
2009 0.295135 
2010 0.295135 
2011 0.408977 
2012 0.408977 
2013 0.436070 
2014 0.436070 
2015 0.518733 
2016 0.518733 
2017 0.586749 
2018 0.586749 
2019 0.703797 
2020 0.703797 
2021 0.762132 
2022 0.762132 
2023 0.798340 
2024 0.798340 
2025 0.839075 
2026 0.839075 
2027 0.864156 
2028 0.864156 
2029 0.884021 
2030 0.884021 
2031 0.900176 
2032 0.900176 
2033 0.914383 
2034 0.914383 
2035 0.955368 
2036 0.955368 
2037 0.949397 
2038 0.949397 
2039 0.929847 
2040 0.929847 
2041 0.819588 
2042 0.819588 
2043 0.636849 
2044 0.636849 
2045 0.557958 
2046 0.557958 
2047 0.517035 
2048 0.517035 
2049 0.460020 
2050 0.460020 
2051 0.426578 
2052 0.426578 
2053 0.389427 
2054 0.389427 
2055 0.342406 
2056 0.342406 
2057 0.313553 
2058 0.313553 
2059 0.285957 
2060 0.285957 
2061 0.224604 
2062 0.224604 
2063 0.197574 
2064 0.197574 
2065 0.176704 
2066 0.176704 
2067 0.145650 
2068 0.145650 
2069 0.125723 
2070 0.125723 
2071 0.098378 
2072 0.098378 
2073 0.082223 
2074 0.082223 
2075 0.072291 
2076 0.072291 
2077 0.064622 
2078 0.064622 
2079 0.062987 
2080 0.062987 
2081 0.059530 
2082 0.059530 
2083 0.058273 
2084 0.058273 
2085 0.057267 
2086 0.057267 
2087 0.055255 
2088 0.055255 
2089 0.054187 
2090 0.054187 
2091 0.053935 
2092 0.053935 
2093 0.053872 
2094 0.053872 
2095 0.054124 
2096 0.054124 
2097 0.053935 
2098 0.053935 
2099 0.059090 
2100 0.059090 
2101 0.068519 
2102 0.068519 
2103 0.087063 
2104 0.087063 
2105 0.103596 
2106 0.103596 
2107 0.122391 
2108 0.122391 
2109 0.157154 
2110 0.157154 
2111 0.203545 
2112 0.203545 
2113 0.231770 
2114 0.231770 
2115 0.353784 
2116 0.353784 
2117 0.652816 
2118 0.652816 
2119 0.834423 
2120 0.834423 
2121 0.898102 
2122 0.898102 
2123 0.941539 
2124 0.941539 
2125 0.961026 
2126 0.961026 
2127 0.978501 
2128 0.978501 
2129 0.988245 
2130 0.988245 
2131 0.990759 
2132 0.990759 
2133 0.991514 
2134 0.991514 
2135 0.992142 
2136 0.992142 
2137 0.991577 
2138 0.991577 
2139 0.992331 
2140 0.992331 
2141 0.992897 
2142 0.992897 
2143 0.993274 
2144 0.993274 
2145 0.992897 
2146 0.992897 
2147 0.993525 
2148 0.993525 
2149 0.994971 
2150 0.994971 
2151 0.994468 
2152 0.994468 
2153 0.994468 
2154 0.994468 
2155 0.992645 
2156 0.992645 
2157 0.991639 
2158 0.991639 
2159 0.987113 
2160 0.987113 
2161 0.959580 
2162 0.959580 
2163 0.954677 
2164 0.954677 
2165 0.951722 
2166 0.951722 
2167 0.953860 
2168 0.953860 
2169 0.958323 
2170 0.958323 
2171 0.962849 
2172 0.962849 
2173 0.964106 
2174 0.964106 
2175 0.903822 
2176 0.903822 
2177 0.779482 
2178 0.779482 
2179 0.518858 
2180 0.518858 
2181 0.311730 
2182 0.311730 
2183 0.256475 
2184 0.256475 
2185 0.127106 
2186 0.127106 
2187 0.107242 
2188 0.107242 
2189 0.099887 
2190 0.099887 
2191 0.088698 
2192 0.088698 
2193 0.079394 
2194 0.079394 
2195 0.073108 
2196 0.073108 
2197 0.070908 
2198 0.070908 
2199 0.063364 
2200 0.063364 
2201 0.061353 
2202 0.061353 
2203 0.061730 
2204 0.061730 
2205 0.063050 
2206 0.063050 
2207 0.064244 
2208 0.064244 
2209 0.063050 
2210 0.063050 
2211 0.090206 
2212 0.090206 
2213 0.088698 
2214 0.088698 
2215 0.087000 
2216 0.087000 
2217 0.085932 
2218 0.085932 
2219 0.086183 
2220 0.086183 
2221 0.085303 
2222 0.085303 
2223 0.083040 
2224 0.083040 
2225 0.082537 
2226 0.082537 
2227 0.082789 
2228 0.082789 
2229 0.083794 
2230 0.083794 
2231 0.084737 
2232 0.084737 
2233 0.084674 
2234 0.084674 
2235 0.082851 
2236 0.082851 
2237 0.080714 
2238 0.080714 
2239 0.080274 
2240 0.080274 
2241 0.080463 
2242 0.080463 
2243 0.081468 
2244 0.081468 
2245 0.081971 
2246 0.081971 
2247 0.080714 
2248 0.080714 
2249 0.081594 
2250 0.081594 
2251 0.080085 
2252 0.080085 
2253 0.081971 
2254 0.081971 
2255 0.081846 
2256 0.081846 
2257 0.081028 
2258 0.081028 
2259 0.081531 
2260 0.081531 
2261 0.086686 
2262 0.086686 
2263 0.086623 
2264 0.086623 
2265 0.092155 
2266 0.092155 
2267 0.104853 
2268 0.104853 
2269 0.123586 
2270 0.123586 
2271 0.151748 
2272 0.151748 
2273 0.178149 
2274 0.178149 
2275 0.204803 
2276 0.204803 
2277 0.233279 
2278 0.233279 
2279 0.249686 
2280 0.249686 
2281 0.259618 
2282 0.259618 
2283 0.270619 
2284 0.270619 
2285 0.327257 
2286 0.327257 
2287 0.327508 
2288 0.327508 
2289 0.323925 
2290 0.323925 
2291 0.325685 
2292 0.325685 
2293 0.318833 
2294 0.318833 
2295 0.303244 
2296 0.303244 
2297 0.299221 
2298 0.299221 
2299 0.291489 
2300 0.291489 
2301 0.282185 
2302 0.282185 
2303 0.263704 
2304 0.263704 
2305 0.254149 
2306 0.254149 
2307 0.236045 
2308 0.236045 
2309 0.225107 
2310 0.225107 
2311 0.233467 
2312 0.233467 
2313 0.236548 
2314 0.236548 
2315 0.229004 
2316 0.229004 
2317 0.211403 
2318 0.211403 
2319 0.194242 
2320 0.194242 
2321 0.177144 
2322 0.177144 
2323 0.163691 
2324 0.163691 
2325 0.153256 
2326 0.153256 
2327 0.148227 
2328 0.148227 
2329 0.140181 
2330 0.140181 
2331 0.130563 
2332 0.130563 
2333 0.129180 
2334 0.129180 
2335 0.153319 
2336 0.153319 
2337 0.138735 
2338 0.138735 
2339 0.131820 
2340 0.131820 
2341 0.122894 
2342 0.122894 
2343 0.117551 
2344 0.117551 
2345 0.114911 
2346 0.114911 
2347 0.108499 
2348 0.108499 
2349 0.112459 
2350 0.112459 
2351 0.128929 
2352 0.128929 
2353 0.135969 
2354 0.135969 
2355 0.136661 
2356 0.136661 
2357 0.137227 
2358 0.137227 
2359 0.131695 
2360 0.131695 
2361 0.129809 
2362 0.129809 
2363 0.131129 
2364 0.131129 
2365 0.128300 
2366 0.128300 
2367 0.123460 
2368 0.123460 
2369 0.121637 
2370 0.121637 
2371 0.121071 
2372 0.121071 
2373 0.110888 
2374 0.110888 
2375 0.104161 
2376 0.104161 
2377 0.096492 
2378 0.096492 
2379 0.088320 
2380 0.088320 
2381 0.082663 
2382 0.082663 
2383 0.094418 
2384 0.094418 
2385 0.196882 
2386 0.196882 
2387 0.224478 
2388 0.224478 
2389 0.261315 
2390 0.261315 
2391 0.276779 
2392 0.276779 
2393 0.294003 
2394 0.294003 
2395 0.374026 
2396 0.374026 
2397 0.473724 
2398 0.473724 
2399 0.536585 
2400 0.536585 
2401 0.597058 
2402 0.597058 
2403 0.662308 
2404 0.662308 
2405 0.678212 
2406 0.678212 
2407 0.681984 
2408 0.681984 
2409 0.601521 
2410 0.601521 
2411 0.441602 
2412 0.441602 
2413 0.284071 
2414 0.284071 
2415 0.151622 
2416 0.151622 
2417 0.101836 
2418 0.101836 
2419 0.060347 
2420 0.060347 
2421 0.047398 
2422 0.047398 
2423 0.046895 
2424 0.046895 
2425 0.050163 
2426 0.050163 
2427 0.052489 
2428 0.052489 
2429 0.052804 
2430 0.052804 
2431 0.054941 
2432 0.054941 
2433 0.085994 
2434 0.085994 
2435 0.196631 
2436 0.196631 
2437 0.214798 
2438 0.214798 
2439 0.228124 
2440 0.228124 
2441 0.228941 
2442 0.228941 
2443 0.232336 
2444 0.232336 
2445 0.228627 
2446 0.228627 
2447 0.228250 
2448 0.228250 
2449 0.225044 
2450 0.225044 
2451 0.216998 
2452 0.216998 
2453 0.206311 
2454 0.206311 
2455 0.188459 
2456 0.188459 
2457 0.165263 
2458 0.165263 
2459 0.146090 
2460 0.146090 
2461 0.129935 
2462 0.129935 
2463 0.115728 
2464 0.115728 
2465 0.107996 
2466 0.107996 
2467 0.095927 
2468 0.095927 
2469 0.088635 
2470 0.088635 
2471 0.092469 
2472 0.092469 
2473 0.091778 
2474 0.091778 
2475 0.097184 
2476 0.097184 
2477 0.116545 
2478 0.116545 
2479 0.127546 
2480 0.127546 
2481 0.135089 
2482 0.135089 
2483 0.137918 
2484 0.137918 
2485 0.147536 
2486 0.147536 
2487 0.140495 
2488 0.140495 
2489 0.135341 
2490 0.135341 
2491 0.134021 
2492 0.134021 
2493 0.129997 
2494 0.129997 
2495 0.128929 
2496 0.128929 
2497 0.129117 
2498 0.129117 
2499 0.124654 
2500 0.124654 
2501 0.116231 
2502 0.116231 
2503 0.112711 
2504 0.112711 
2505 0.105733 
2506 0.105733 
2507 0.111893 
2508 0.111893 
2509 0.132009 
2510 0.132009 
2511 0.180664 
2512 0.180664 
2513 0.211780 
2514 0.211780 
2515 0.236548 
2516 0.236548 
2517 0.252892 
2518 0.252892 
2519 0.271373 
2520 0.271373 
2521 0.269676 
2522 0.269676 
2523 0.289854 
2524 0.289854 
2525 0.299786 
2526 0.299786 
2527 0.307015 
2528 0.307015 
2529 0.308838 
2530 0.308838 
2531 0.304249 
2532 0.304249 
2533 0.304752 
2534 0.304752 
2535 0.285014 
2536 0.285014 
2537 0.285831 
2538 0.285831 
2539 0.279168 
2540 0.279168 
2541 0.200088 
2542 0.200088 
2543 0.178527 
2544 0.178527 
2545 0.146844 
2546 0.146844 
2547 0.127294 
2548 0.127294 
2549 0.110825 
2550 0.110825 
2551 0.103784 
2552 0.103784 
2553 0.090080 
2554 0.090080 
2555 0.088635 
2556 0.088635 
2557 0.089515 
2558 0.089515 
2559 0.094606 
2560 0.094606 
2561 0.142507 
2562 0.142507 
2563 0.141375 
2564 0.141375 
2565 0.140873 
2566 0.140873 
2567 0.141438 
2568 0.141438 
2569 0.143073 
2570 0.143073 
2571 0.143387 
2572 0.143387 
2573 0.144959 
2574 0.144959 
2575 0.146090 
2576 0.146090 
2577 0.148542 
2578 0.148542 
2579 0.149736 
2580 0.149736 
2581 0.150365 
2582 0.150365 
2583 0.150365 
2584 0.150365 
2585 0.156336 
2586 0.156336 
2587 0.155394 
2588 0.155394 
2589 0.156148 
2590 0.156148 
2591 0.155142 
2592 0.155142 
2593 0.156148 
2594 0.156148 
2595 0.157279 
2596 0.157279 
2597 0.155708 
2598 0.155708 
2599 0.157845 
2600 0.157845 
2601 0.158662 
2602 0.158662 
2603 0.160737 
2604 0.160737 
2605 0.161051 
2606 0.161051 
2607 0.162183 
2608 0.162183 
2609 0.163251 
2610 0.163251 
2611 0.193110 
2612 0.193110 
2613 0.192859 
2614 0.192859 
2615 0.193613 
2616 0.193613 
2617 0.194556 
2618 0.194556 
2619 0.195625 
2620 0.195625 
2621 0.197699 
2622 0.197699 
2623 0.200339 
2624 0.200339 
2625 0.222907 
2626 0.222907 
2627 0.245851 
2628 0.245851 
2629 0.270116 
2630 0.270116 
2631 0.290860 
2632 0.290860 
2633 0.297020 
2634 0.297020 
2635 0.285077 
2636 0.285077 
2637 0.293563 
2638 0.293563 
2639 0.312170 
2640 0.312170 
2641 0.338446 
2642 0.338446 
2643 0.390181 
2644 0.390181 
2645 0.427835 
2646 0.427835 
2647 0.446568 
2648 0.446568 
2649 0.504840 
2650 0.504840 
2651 0.574051 
2652 0.574051 
2653 0.627797 
2654 0.627797 
2655 0.693362 
2656 0.693362 
2657 0.717186 
2658 0.717186 
2659 0.742959 
2660 0.742959 
2661 0.765150 
2662 0.765150 
2663 0.768356 
2664 0.768356 
2665 0.757983 
2666 0.757983 
2667 0.741325 
2668 0.741325 
2669 0.722718 
2670 0.722718 
2671 0.699585 
2672 0.699585 
2673 0.667023 
2674 0.667023 
2675 0.654011 
2676 0.654011 
2677 0.625597 
2678 0.625597 
2679 0.588132 
2680 0.588132 
2681 0.415451 
2682 0.415451 
2683 0.370065 
2684 0.370065 
2685 0.232336 
2686 0.232336 
2687 0.226993 
2688 0.226993 
2689 0.228376 
2690 0.228376 
2691 0.227621 
2692 0.227621 
2693 0.225421 
2694 0.225421 
2695 0.222152 
2696 0.222152 
2697 0.219701 
2698 0.219701 
2699 0.210837 
2700 0.210837 
2701 0.209517 
2702 0.209517 
2703 0.206123 
2704 0.206123 
2705 0.200214 
2706 0.200214 
2707 0.200339 
2708 0.200339 
2709 0.200968 
2710 0.200968 
2711 0.201471 
2712 0.201471 
2713 0.201345 
2714 0.201345 
2715 0.200151 
2716 0.200151 
2717 0.195436 
2718 0.195436 
2719 0.180601 
2720 0.180601 
2721 0.165766 
2722 0.165766 
2723 0.163566 
2724 0.163566 
2725 0.161680 
2726 0.161680 
2727 0.170732 
2728 0.170732 
2729 0.180161 
2730 0.180161 
2731 0.194493 
2732 0.194493 
2733 0.213415 
2734 0.213415 
2735 0.231707 
2736 0.231707 
2737 0.244154 
2738 0.244154 
2739 0.254275 
2740 0.254275 
2741 0.256035 
2742 0.256035 
2743 0.260498 
2744 0.260498 
2745 0.263578 
2746 0.263578 
2747 0.271939 
2748 0.271939 
2749 0.283254 
2750 0.283254 
2751 0.290483 
2752 0.290483 
2753 0.295197 
2754 0.295197 
2755 0.303495 
2756 0.303495 
2757 0.304564 
2758 0.304564 
2759 0.307204 
2760 0.307204 
2761 0.350013 
2762 0.350013 
2763 0.348881 
2764 0.348881 
2765 0.350893 
2766 0.350893 
2767 0.347812 
2768 0.347812 
2769 0.343664 
2770 0.343664 
2771 0.343098 
2772 0.343098 
2773 0.338446 
2774 0.338446 
2775 0.333983 
2776 0.333983 
2777 0.335869 
2778 0.335869 
2779 0.340521 
2780 0.340521 
2781 0.347687 
2782 0.347687 
2783 0.348755 
2784 0.348755 
2785 0.401182 
2786 0.401182 
2787 0.401370 
2788 0.401370 
2789 0.397662 
2790 0.397662 
2791 0.397787 
2792 0.397787 
2793 0.399107 
2794 0.399107 
2795 0.397724 
2796 0.397724 
2797 0.401433 
2798 0.401433 
2799 0.398102 
2800 0.398102 
2801 0.400867 
2802 0.400867 
2803 0.403822 
2804 0.403822 
2805 0.405645 
2806 0.405645 
2807 0.409039 
2808 0.409039 
2809 0.411302 
2810 0.411302 
2811 0.434938 
2812 0.434938 
2813 0.433618 
2814 0.433618 
2815 0.435001 
2816 0.435001 
2817 0.436447 
2818 0.436447 
2819 0.436573 
2820 0.436573 
2821 0.435567 
2822 0.435567 
2823 0.439653 
2824 0.439653 
2825 0.439904 
2826 0.439904 
2827 0.440596 
2828 0.440596 
2829 0.443425 
2830 0.443425 
2831 0.443173 
2832 0.443173 
2833 0.443928 
2834 0.443928 
2835 0.433178 
2836 0.433178 
2837 0.431670 
2838 0.431670 
2839 0.431795 
2840 0.431795 
2841 0.434813 
2842 0.434813 
2843 0.434058 
2844 0.434058 
2845 0.433744 
2846 0.433744 
2847 0.434813 
2848 0.434813 
2849 0.435881 
2850 0.435881 
2851 0.438584 
2852 0.438584 
2853 0.442733 
2854 0.442733 
2855 0.449208 
2856 0.449208 
2857 0.453797 
2858 0.453797 
2859 0.456563 
2860 0.456563 
2861 0.481519 
2862 0.481519 
2863 0.478690 
2864 0.478690 
2865 0.477181 
2866 0.477181 
2867 0.478690 
2868 0.478690 
2869 0.480136 
2870 0.480136 
2871 0.481204 
2872 0.481204 
2873 0.479696 
2874 0.479696 
2875 0.478753 
2876 0.478753 
2877 0.476930 
2878 0.476930 
2879 0.481330 
2880 0.481330 
2881 0.488433 
2882 0.488433 
2883 0.487993 
2884 0.487993 
2885 0.491702 
2886 0.491702 
2887 0.488999 
2888 0.488999 
2889 0.480387 
2890 0.480387 
2891 0.477873 
2892 0.477873 
2893 0.474290 
2894 0.474290 
2895 0.469009 
2896 0.469009 
2897 0.465552 
2898 0.465552 
2899 0.464106 
2900 0.464106 
2901 0.456751 
2902 0.456751 
2903 0.455620 
2904 0.455620 
2905 0.457254 
2906 0.457254 
2907 0.456123 
2908 0.456123 
2909 0.454740 
2910 0.454740 
2911 0.462032 
2912 0.462032 
2913 0.463603 
2914 0.463603 
2915 0.463415 
2916 0.463415 
2917 0.465803 
2918 0.465803 
2919 0.468255 
2920 0.468255 
2921 0.474227 
2922 0.474227 
2923 0.476616 
2924 0.476616 
2925 0.478879 
2926 0.478879 
2927 0.483593 
2928 0.483593 
2929 0.491262 
2930 0.491262 
2931 0.492519 
2932 0.492519 
2933 0.495097 
2934 0.495097 
2935 0.526653 
2936 0.526653 
2937 0.525899 
2938 0.525899 
2939 0.526150 
2940 0.526150 
2941 0.526465 
2942 0.526465 
2943 0.529231 
2944 0.529231 
2945 0.534637 
2946 0.534637 
2947 0.540294 
2948 0.540294 
2949 0.546266 
2950 0.546266 
2951 0.551672 
2952 0.551672 
2953 0.558524 
2954 0.558524 
2955 0.546643 
2956 0.546643 
2957 0.457946 
2958 0.457946 
2959 0.433493 
2960 0.433493 
2961 0.482147 
2962 0.482147 
2963 0.550981 
2964 0.550981 
2965 0.615351 
2966 0.615351 
2967 0.802175 
2968 0.802175 
2969 0.864156 
2970 0.864156 
2971 0.903948 
2972 0.903948 
2973 0.939024 
2974 0.939024 
2975 0.958700 
2976 0.958700 
2977 0.964295 
2978 0.964295 
2979 0.968129 
2980 0.968129 
2981 0.969827 
2982 0.969827 
2983 0.975170 
2984 0.975170 
2985 0.986170 
2986 0.986170 
2987 0.986170 
2988 0.986170 
2989 0.987113 
2990 0.987113 
2991 0.985730 
2992 0.985730 
2993 0.986925 
2994 0.986925 
2995 0.987239 
2996 0.987239 
2997 0.987365 
2998 0.987365 
2999 0.988748 
3000 0.988748 
3001 0.988245 
3002 0.988245 
3003 0.987742 
3004 0.987742 
3005 0.986736 
3006 0.986736 
3007 0.987868 
3008 0.987868 
3009 0.987993 
3010 0.987993 
3011 0.987176 
3012 0.987176 
3013 0.987113 
3014 0.987113 
3015 0.985856 
3016 0.985856 
3017 0.985353 
3018 0.985353 
3019 0.985856 
3020 0.985856 
3021 0.983970 
3022 0.983970 
3023 0.984222 
3024 0.984222 
3025 0.983153 
3026 0.983153 
3027 0.982525 
3028 0.982525 
3029 0.983216 
3030 0.983216 
3031 0.982085 
3032 0.982085 
3033 0.982587 
3034 0.982587 
3035 0.981833 
3036 0.981833 
3037 0.981896 
3038 0.981896 
3039 0.983467 
3040 0.983467 
3041 0.981456 
3042 0.981456 
3043 0.982713 
3044 0.982713 
3045 0.982525 
3046 0.982525 
3047 0.981644 
3048 0.981644 
3049 0.981770 
3050 0.981770 
3051 0.981959 
3052 0.981959 
3053 0.980262 
3054 0.980262 
3055 0.979947 
3056 0.979947 
3057 0.980324 
3058 0.980324 
3059 0.978187 
3060 0.978187 
3061 0.977998 
3062 0.977998 
3063 0.978124 
3064 0.978124 
3065 0.975044 
3066 0.975044 
3067 0.975547 
3068 0.975547 
3069 0.976175 
3070 0.976175 
3071 0.975673 
3072 0.975673 
3073 0.975358 
3074 0.975358 
3075 0.976364 
3076 0.976364 
3077 0.976804 
3078 0.976804 
3079 0.975610 
3080 0.975610 
3081 0.976490 
3082 0.976490 
3083 0.976238 
3084 0.976238 
3085 0.973975 
3086 0.973975 
3087 0.972592 
3088 0.972592 
3089 0.971964 
3090 0.971964 
3091 0.971084 
3092 0.971084 
3093 0.970832 
3094 0.970832 
3095 0.971021 
3096 0.971021 
3097 0.972278 
3098 0.972278 
3099 0.971524 
3100 0.971524 
3101 0.970895 
3102 0.970895 
3103 0.971524 
3104 0.971524 
3105 0.973158 
3106 0.973158 
3107 0.973661 
3108 0.973661 
3109 0.973535 
3110 0.973535 
3111 0.972718 
3112 0.972718 
3113 0.972907 
3114 0.972907 
3115 0.971712 
3116 0.971712 
3117 0.970769 
3118 0.970769 
3119 0.971524 
3120 0.971524 
3121 0.972718 
3122 0.972718 
3123 0.972341 
3124 0.972341 
3125 0.970581 
3126 0.970581 
3127 0.969638 
3128 0.969638 
3129 0.969952 
3130 0.969952 
3131 0.970392 
3132 0.970392 
3133 0.970707 
3134 0.970707 
3135 0.972090 
3136 0.972090 
3137 0.970204 
3138 0.970204 
3139 0.967941 
3140 0.967941 
3141 0.966746 
3142 0.966746 
3143 0.963603 
3144 0.963603 
3145 0.963037 
3146 0.963037 
3147 0.961529 
3148 0.961529 
3149 0.961969 
3150 0.961969 
3151 0.962660 
3152 0.962660 
3153 0.962409 
3154 0.962409 
3155 0.961906 
3156 0.961906 
3157 0.961340 
3158 0.961340 
3159 0.961277 
3160 0.961277 
3161 0.960460 
3162 0.960460 
3163 0.959454 
3164 0.959454 
3165 0.959832 
3166 0.959832 
3167 0.958826 
3168 0.958826 
3169 0.959203 
3170 0.959203 
3171 0.958889 
3172 0.958889 
3173 0.959077 
3174 0.959077 
3175 0.957946 
3176 0.957946 
3177 0.958889 
3178 0.958889 
3179 0.958511 
3180 0.958511 
3181 0.956751 
3182 0.956751 
3183 0.957128 
3184 0.957128 
3185 0.959203 
3186 0.959203 
3187 0.959014 
3188 0.959014 
3189 0.957820 
3190 0.957820 
3191 0.958951 
3192 0.958951 
3193 0.958134 
3194 0.958134 
3195 0.957443 
3196 0.957443 
3197 0.956940 
3198 0.956940 
3199 0.957066 
3200 0.957066 
3201 0.956814 
3202 0.956814 
3203 0.957506 
3204 0.957506 
3205 0.957003 
3206 0.957003 
3207 0.957254 
3208 0.957254 
3209 0.957694 
3210 0.957694 
3211 0.955746 
3212 0.955746 
3213 0.954991 
3214 0.954991 
3215 0.956814 
3216 0.956814 
3217 0.957128 
3218 0.957128 
3219 0.957631 
3220 0.957631 
3221 0.956877 
3222 0.956877 
3223 0.956311 
3224 0.956311 
3225 0.956123 
3226 0.956123 
3227 0.956563 
3228 0.956563 
3229 0.956437 
3230 0.956437 
3231 0.955683 
3232 0.955683 
3233 0.955934 
3234 0.955934 
3235 0.957443 
3236 0.957443 
3237 0.957128 
3238 0.957128 
3239 0.957128 
3240 0.957128 
3241 0.957066 
3242 0.957066 
3243 0.957694 
3244 0.957694 
3245 0.957757 
3246 0.957757 
3247 0.957506 
3248 0.957506 
3249 0.957946 
3250 0.957946 
3251 0.957946 
3252 0.957946 
3253 0.958009 
3254 0.958009 
3255 0.957380 
3256 0.957380 
3257 0.956626 
3258 0.956626 
3259 0.956374 
3260 0.956374 
3261 0.956123 
3262 0.956123 
3263 0.955620 
3264 0.955620 
3265 0.956123 
3266 0.956123 
3267 0.955808 
3268 0.955808 
3269 0.955431 
3270 0.955431 
3271 0.955054 
3272 0.955054 
3273 0.955243 
3274 0.955243 
3275 0.955180 
3276 0.955180 
3277 0.954928 
3278 0.954928 
3279 0.954991 
3280 0.954991 
3281 0.955871 
3282 0.955871 
3283 0.955997 
3284 0.955997 
3285 0.958197 
3286 0.958197 
3287 0.957254 
3288 0.957254 
3289 0.957317 
3290 0.957317 
3291 0.956311 
3292 0.956311 
3293 0.956688 
3294 0.956688 
3295 0.957191 
3296 0.957191 
3297 0.957128 
3298 0.957128 
3299 0.956751 
3300 0.956751 
3301 0.956437 
3302 0.956437 
3303 0.955934 
3304 0.955934 
3305 0.956186 
3306 0.956186 
3307 0.956437 
3308 0.956437 
3309 0.956688 
3310 0.956688 
3311 0.958763 
3312 0.958763 
3313 0.957946 
3314 0.957946 
3315 0.958134 
3316 0.958134 
3317 0.957883 
3318 0.957883 
3319 0.957883 
3320 0.957883 
3321 0.957443 
3322 0.957443 
3323 0.957631 
3324 0.957631 
3325 0.957380 
3326 0.957380 
3327 0.957443 
3328 0.957443 
3329 0.957380 
3330 0.957380 
3331 0.957631 
3332 0.957631 
3333 0.958009 
3334 0.958009 
3335 0.955620 
3336 0.955620 
3337 0.955368 
3338 0.955368 
3339 0.955494 
3340 0.955494 
3341 0.955054 
3342 0.955054 
3343 0.955054 
3344 0.955054 
3345 0.954803 
3346 0.954803 
3347 0.954991 
3348 0.954991 
3349 0.954614 
3350 0.954614 
3351 0.954237 
3352 0.954237 
3353 0.954300 
3354 0.954300 
3355 0.953860 
3356 0.953860 
3357 0.953797 
3358 0.953797 
3359 0.954740 
3360 0.954740 
3361 0.955997 
3362 0.955997 
3363 0.956248 
3364 0.956248 
3365 0.956374 
3366 0.956374 
3367 0.956186 
3368 0.956186 
3369 0.955746 
3370 0.955746 
3371 0.955054 
3372 0.955054 
3373 0.955683 
3374 0.955683 
3375 0.956186 
3376 0.956186 
3377 0.956186 
3378 0.956186 
3379 0.955934 
3380 0.955934 
3381 0.955808 
3382 0.955808 
3383 0.956186 
3384 0.956186 
3385 0.955746 
3386 0.955746 
3387 0.953797 
3388 0.953797 
3389 0.954928 
3390 0.954928 
3391 0.955243 
3392 0.955243 
3393 0.955306 
3394 0.955306 
3395 0.955054 
3396 0.955054 
3397 0.955683 
3398 0.955683 
3399 0.956186 
3400 0.956186 
3401 0.956374 
3402 0.956374 
3403 0.955431 
3404 0.955431 
3405 0.955683 
3406 0.955683 
3407 0.955997 
3408 0.955997 
3409 0.955746 
3410 0.955746 
3411 0.956186 
3412 0.956186 
3413 0.955871 
3414 0.955871 
3415 0.955808 
3416 0.955808 
3417 0.955620 
3418 0.955620 
3419 0.955997 
3420 0.955997 
3421 0.954551 
3422 0.954551 
3423 0.955180 
3424 0.955180 
3425 0.954677 
3426 0.954677 
3427 0.954991 
3428 0.954991 
3429 0.955494 
3430 0.955494 
3431 0.955620 
3432 0.955620 
3433 0.956186 
3434 0.956186 
3435 0.958071 
3436 0.958071 
3437 0.957883 
3438 0.957883 
3439 0.957883 
3440 0.957883 
3441 0.957128 
3442 0.957128 
3443 0.957380 
3444 0.957380 
3445 0.957757 
3446 0.957757 
3447 0.957631 
3448 0.957631 
3449 0.958134 
3450 0.958134 
3451 0.958260 
3452 0.958260 
3453 0.958197 
3454 0.958197 
3455 0.958323 
3456 0.958323 
3457 0.958574 
3458 0.958574 
3459 0.958511 
3460 0.958511 
3461 0.958889 
3462 0.958889 
3463 0.960083 
3464 0.960083 
3465 0.959706 
3466 0.959706 
3467 0.959454 
3468 0.959454 
3469 0.960397 
3470 0.960397 
3471 0.960460 
3472 0.960460 
3473 0.959957 
3474 0.959957 
3475 0.960397 
3476 0.960397 
3477 0.960272 
3478 0.960272 
3479 0.959454 
3480 0.959454 
3481 0.959706 
3482 0.959706 
3483 0.959580 
3484 0.959580 
3485 0.958449 
3486 0.958449 
3487 0.958637 
3488 0.958637 
3489 0.958826 
3490 0.958826 
3491 0.958637 
3492 0.958637 
3493 0.958889 
3494 0.958889 
3495 0.959266 
3496 0.959266 
3497 0.958386 
3498 0.958386 
3499 0.958197 
3500 0.958197 
3501 0.957317 
3502 0.957317 
3503 0.957191 
3504 0.957191 
3505 0.957317 
3506 0.957317 
3507 0.957380 
3508 0.957380 
3509 0.957317 
3510 0.957317 
3511 0.960083 
3512 0.960083 
3513 0.959957 
3514 0.959957 
3515 0.960020 
3516 0.960020 
3517 0.960460 
3518 0.960460 
3519 0.960020 
3520 0.960020 
3521 0.960083 
3522 0.960083 
3523 0.960334 
3524 0.960334 
3525 0.960712 
3526 0.960712 
3527 0.960649 
3528 0.960649 
3529 0.960209 
3530 0.960209 
3531 0.960020 
3532 0.960020 
3533 0.960209 
3534 0.960209 
3535 0.959077 
3536 0.959077 
3537 0.959832 
3538 0.959832 
3539 0.960523 
3540 0.960523 
3541 0.960272 
3542 0.960272 
3543 0.960586 
3544 0.960586 
3545 0.960209 
3546 0.960209 
3547 0.960397 
3548 0.960397 
3549 0.960460 
3550 0.960460 
3551 0.959957 
3552 0.959957 
3553 0.959957 
3554 0.959957 
3555 0.960020 
3556 0.960020 
3557 0.959014 
3558 0.959014 
3559 0.959454 
3560 0.959454 
3561 0.959140 
3562 0.959140 
3563 0.958134 
3564 0.958134 
3565 0.958197 
3566 0.958197 
3567 0.958826 
3568 0.958826 
3569 0.959329 
3570 0.959329 
3571 0.959454 
3572 0.959454 
3573 0.959580 
3574 0.959580 
3575 0.959517 
3576 0.959517 
3577 0.959140 
3578 0.959140 
3579 0.959580 
3580 0.959580 
3581 0.959454 
3582 0.959454 
3583 0.959769 
3584 0.959769 
3585 0.959894 
3586 0.959894 
3587 0.959957 
3588 0.959957 
3589 0.960146 
3590 0.960146 
3591 0.959832 
3592 0.959832 
3593 0.959769 
3594 0.959769 
3595 0.959329 
3596 0.959329 
3597 0.959517 
3598 0.959517 
3599 0.958951 
3600 0.958951 
3601 0.958763 
3602 0.958763 
3603 0.957946 
3604 0.957946 
3605 0.957694 
3606 0.957694 
3607 0.957694 
3608 0.957694 
3609 0.958511 
3610 0.958511 
3611 0.958574 
3612 0.958574 
3613 0.958449 
3614 0.958449 
3615 0.958511 
3616 0.958511 
3617 0.958134 
3618 0.958134 
3619 0.958260 
3620 0.958260 
3621 0.958386 
3622 0.958386 
3623 0.958826 
3624 0.958826 
3625 0.958574 
3626 0.958574 
3627 0.958449 
3628 0.958449 
3629 0.958323 
3630 0.958323 
3631 0.958134 
3632 0.958134 
3633 0.958574 
3634 0.958574 
3635 0.957820 
3636 0.957820 
3637 0.958134 
3638 0.958134 
3639 0.958134 
3640 0.958134 
3641 0.958071 
3642 0.958071 
3643 0.958260 
3644 0.958260 
3645 0.961843 
3646 0.961843 
3647 0.961592 
3648 0.961592 
3649 0.960712 
3650 0.960712 
3651 0.959832 
3652 0.959832 
3653 0.960900 
3654 0.960900 
3655 0.960649 
3656 0.960649 
3657 0.960649 
3658 0.960649 
3659 0.960523 
3660 0.960523 
3661 0.960272 
3662 0.960272 
3663 0.960083 
3664 0.960083 
3665 0.960272 
3666 0.960272 
3667 0.959957 
3668 0.959957 
3669 0.961277 
3670 0.961277 
3671 0.962220 
3672 0.962220 
3673 0.961780 
3674 0.961780 
3675 0.961152 
3676 0.961152 
3677 0.960774 
3678 0.960774 
3679 0.960586 
3680 0.960586 
3681 0.960460 
3682 0.960460 
3683 0.960900 
3684 0.960900 
3685 0.961152 
3686 0.961152 
3687 0.960963 
3688 0.960963 
3689 0.960146 
3690 0.960146 
3691 0.959643 
3692 0.959643 
3693 0.959580 
3694 0.959580 
3695 0.957883 
3696 0.957883 
3697 0.956814 
3698 0.956814 
3699 0.957631 
3700 0.957631 
3701 0.957317 
3702 0.957317 
3703 0.957569 
3704 0.957569 
3705 0.958826 
3706 0.958826 
3707 0.958951 
3708 0.958951 
3709 0.959014 
3710 0.959014 
3711 0.959329 
3712 0.959329 
3713 0.960460 
3714 0.960460 
3715 0.959014 
3716 0.959014 
3717 0.958700 
3718 0.958700 
3719 0.957820 
3720 0.957820 
3721 0.957883 
3722 0.957883 
3723 0.958449 
3724 0.958449 
3725 0.958197 
3726 0.958197 
3727 0.958134 
3728 0.958134 
3729 0.957254 
3730 0.957254 
3731 0.957317 
3732 0.957317 
3733 0.957883 
3734 0.957883 
3735 0.958386 
3736 0.958386 
3737 0.958134 
3738 0.958134 
3739 0.957631 
3740 0.957631 
3741 0.957380 
3742 0.957380 
3743 0.957003 
3744 0.957003 
3745 0.957380 
3746 0.957380 
3747 0.958323 
3748 0.958323 
3749 0.958009 
3750 0.958009 
3751 0.956688 
3752 0.956688 
3753 0.957757 
3754 0.957757 
3755 0.956751 
3756 0.956751 
3757 0.957694 
3758 0.957694 
3759 0.957254 
3760 0.957254 
3761 0.957317 
3762 0.957317 
3763 0.957066 
3764 0.957066 
3765 0.956751 
3766 0.956751 
3767 0.956374 
3768 0.956374 
3769 0.959329 
3770 0.959329 
3771 0.958951 
3772 0.958951 
3773 0.958260 
3774 0.958260 
3775 0.958009 
3776 0.958009 
3777 0.958071 
3778 0.958071 
3779 0.958071 
3780 0.958071 
3781 0.958260 
3782 0.958260 
3783 0.957883 
3784 0.957883 
3785 0.957191 
3786 0.957191 
3787 0.957820 
3788 0.957820 
3789 0.957820 
3790 0.957820 
3791 0.958197 
3792 0.958197 
3793 0.957569 
3794 0.957569 
3795 0.956374 
3796 0.956374 
3797 0.956688 
3798 0.956688 
3799 0.957694 
3800 0.957694 
3801 0.956374 
3802 0.956374 
3803 0.956563 
3804 0.956563 
3805 0.955934 
3806 0.955934 
3807 0.956751 
3808 0.956751 
3809 0.956374 
3810 0.956374 
3811 0.956500 
3812 0.956500 
3813 0.956877 
3814 0.956877 
3815 0.956688 
3816 0.956688 
3817 0.958574 
3818 0.958574 
3819 0.963415 
3820 0.963415 
3821 0.962157 
3822 0.962157 
3823 0.961152 
3824 0.961152 
3825 0.961214 
3826 0.961214 
3827 0.962032 
3828 0.962032 
3829 0.962409 
3830 0.962409 
3831 0.963100 
3832 0.963100 
3833 0.963289 
3834 0.963289 
3835 0.962849 
3836 0.962849 
3837 0.962346 
3838 0.962346 
3839 0.962723 
3840 0.962723 
3841 0.963163 
3842 0.963163 
3843 0.963163 
3844 0.963163 
3845 0.963729 
3846 0.963729 
3847 0.963792 
3848 0.963792 
3849 0.963415 
3850 0.963415 
3851 0.963352 
3852 0.963352 
3853 0.962597 
3854 0.962597 
3855 0.962220 
3856 0.962220 
3857 0.962346 
3858 0.962346 
3859 0.961906 
3860 0.961906 
3861 0.962409 
3862 0.962409 
3863 0.963226 
3864 0.963226 
3865 0.963163 
3866 0.963163 
3867 0.963289 
3868 0.963289 
3869 0.963540 
3870 0.963540 
3871 0.963226 
3872 0.963226 
3873 0.964232 
3874 0.964232 
3875 0.964232 
3876 0.964232 
3877 0.962975 
3878 0.962975 
3879 0.963666 
3880 0.963666 
3881 0.963477 
3882 0.963477 
3883 0.962157 
3884 0.962157 
3885 0.963100 
3886 0.963100 
3887 0.962723 
3888 0.962723 
3889 0.962660 
3890 0.962660 
3891 0.962786 
3892 0.962786 
3893 0.963352 
3894 0.963352 
3895 0.963352 
3896 0.963352 
3897 0.964106 
3898 0.964106 
3899 0.964546 
3900 0.964546 
3901 0.963855 
3902 0.963855 
3903 0.964169 
3904 0.964169 
3905 0.964609 
3906 0.964609 
3907 0.964106 
3908 0.964106 
3909 0.964043 
3910 0.964043 
3911 0.963855 
3912 0.963855 
3913 0.963792 
3914 0.963792 
3915 0.963163 
3916 0.963163 
3917 0.963289 
3918 0.963289 
3919 0.966432 
3920 0.966432 
3921 0.966935 
3922 0.966935 
3923 0.966746 
3924 0.966746 
3925 0.966118 
3926 0.966118 
3927 0.966118 
3928 0.966118 
3929 0.966243 
3930 0.966243 
3931 0.966243 
3932 0.966243 
3933 0.966621 
3934 0.966621 
3935 0.966809 
3936 0.966809 
3937 0.966683 
3938 0.966683 
3939 0.966746 
3940 0.966746 
3941 0.966558 
3942 0.966558 
3943 0.966746 
3944 0.966746 
3945 0.964609 
3946 0.964609 
3947 0.963855 
3948 0.963855 
3949 0.964295 
3950 0.964295 
3951 0.964295 
3952 0.964295 
3953 0.964232 
3954 0.964232 
3955 0.964735 
3956 0.964735 
3957 0.965112 
3958 0.965112 
3959 0.964735 
3960 0.964735 
3961 0.965238 
3962 0.965238 
3963 0.965238 
3964 0.965238 
3965 0.965301 
3966 0.965301 
3967 0.964986 
3968 0.964986 
3969 0.965238 
3970 0.965238 
3971 0.964232 
3972 0.964232 
3973 0.964546 
3974 0.964546 
3975 0.964923 
3976 0.964923 
3977 0.965049 
3978 0.965049 
3979 0.965238 
3980 0.965238 
3981 0.964232 
3982 0.964232 
3983 0.964358 
3984 0.964358 
3985 0.964672 
3986 0.964672 
3987 0.964735 
3988 0.964735 
3989 0.964798 
3990 0.964798 
3991 0.965175 
3992 0.965175 
3993 0.965238 
3994 0.965238 
3995 0.964169 
3996 0.964169 
3997 0.964043 
3998 0.964043 
3999 0.964043 
4000 0.964043 
4001 0.964735 
4002 0.964735 
4003 0.964295 
4004 0.964295 
4005 0.964358 
4006 0.964358 
4007 0.964483 
4008 0.964483 
4009 0.964295 
4010 0.964295 
4011 0.964798 
4012 0.964798 
4013 0.964735 
4014 0.964735 
4015 0.965175 
4016 0.965175 
4017 0.964609 
4018 0.964609 
4019 0.966055 
4020 0.966055 
4021 0.965363 
4022 0.965363 
4023 0.965238 
4024 0.965238 
4025 0.965049 
4026 0.965049 
4027 0.965426 
4028 0.965426 
4029 0.964735 
4030 0.964735 
4031 0.965363 
4032 0.965363 
4033 0.965112 
4034 0.965112 
4035 0.965552 
4036 0.965552 
4037 0.965615 
4038 0.965615 
4039 0.965175 
4040 0.965175 
4041 0.965489 
4042 0.965489 
4043 0.965426 
4044 0.965426 
4045 0.964295 
4046 0.964295 
4047 0.964923 
4048 0.964923 
4049 0.964735 
4050 0.964735 
4051 0.964986 
4052 0.964986 
4053 0.964232 
4054 0.964232 
4055 0.964043 
4056 0.964043 
4057 0.964232 
4058 0.964232 
4059 0.963855 
4060 0.963855 
4061 0.964106 
4062 0.964106 
4063 0.963855 
4064 0.963855 
4065 0.963729 
4066 0.963729 
4067 0.964483 
4068 0.964483 
4069 0.964295 
4070 0.964295 
4071 0.964420 
4072 0.964420 
4073 0.964672 
4074 0.964672 
4075 0.964798 
4076 0.964798 
4077 0.964043 
4078 0.964043 
4079 0.963792 
4080 0.963792 
4081 0.963666 
4082 0.963666 
4083 0.963666 
4084 0.963666 
4085 0.964043 
4086 0.964043 
4087 0.964043 
4088 0.964043 
4089 0.963603 
4090 0.963603 
4091 0.963037 
4092 0.963037 
4093 0.963477 
4094 0.963477 
4095 0.965866 
4096 0.965866 
4097 0.966306 
4098 0.966306 
4099 0.965866 
4100 0.965866 
4101 0.966181 
4102 0.966181 
4103 0.966118 
4104 0.966118 
4105 0.965866 
4106 0.965866 
4107 0.966181 
4108 0.966181 
4109 0.965678 
4110 0.965678 
4111 0.965992 
4112 0.965992 
4113 0.966118 
4114 0.966118 
4115 0.966935 
4116 0.966935 
4117 0.966432 
4118 0.966432 
4119 0.968381 
4120 0.968381 
4121 0.967815 
4122 0.967815 
4123 0.969198 
4124 0.969198 
4125 0.968695 
4126 0.968695 
4127 0.969009 
4128 0.969009 
4129 0.968946 
4130 0.968946 
4131 0.969764 
4132 0.969764 
4133 0.968946 
4134 0.968946 
4135 0.968946 
4136 0.968946 
4137 0.969072 
4138 0.969072 
4139 0.968632 
4140 0.968632 
4141 0.969449 
4142 0.969449 
4143 0.969449 
4144 0.969449 
4145 0.968381 
4146 0.968381 
4147 0.968569 
4148 0.968569 
4149 0.968758 
4150 0.968758 
4151 0.969386 
4152 0.969386 
4153 0.968946 
4154 0.968946 
4155 0.968884 
4156 0.968884 
4157 0.969135 
4158 0.969135 
4159 0.969324 
4160 0.969324 
4161 0.969386 
4162 0.969386 
4163 0.968066 
4164 0.968066 
4165 0.967061 
4166 0.967061 
4167 0.967123 
4168 0.967123 
4169 0.966181 
4170 0.966181 
4171 0.966998 
4172 0.966998 
4173 0.965929 
4174 0.965929 
4175 0.966118 
4176 0.966118 
4177 0.967752 
4178 0.967752 
4179 0.966055 
4180 0.966055 
4181 0.964546 
4182 0.964546 
4183 0.965678 
4184 0.965678 
4185 0.966181 
4186 0.966181 
4187 0.967941 
4188 0.967941 
4189 0.966935 
4190 0.966935 
4191 0.969701 
4192 0.969701 
4193 0.970581 
4194 0.970581 
4195 0.971775 
4196 0.971775 
4197 0.971084 
4198 0.971084 
4199 0.971712 
4200 0.971712 
4201 0.973158 
4202 0.973158 
4203 0.972970 
4204 0.972970 
4205 0.972718 
4206 0.972718 
4207 0.975358 
4208 0.975358 
4209 0.973661 
4210 0.973661 
4211 0.974855 
4212 0.974855 
4213 0.975107 
4214 0.975107 
4215 0.973912 
4216 0.973912 
4217 0.975107 
4218 0.975107 
4219 0.976238 
4220 0.976238 
4221 0.975798 
4222 0.975798 
4223 0.976490 
4224 0.976490 
4225 0.977873 
4226 0.977873 
4227 0.976301 
4228 0.976301 
4229 0.975987 
4230 0.975987 
4231 0.976113 
4232 0.976113 
4233 0.975861 
4234 0.975861 
4235 0.978564 
4236 0.978564 
4237 0.979193 
4238 0.979193 
4239 0.979947 
4240 0.979947 
4241 0.979884 
4242 0.979884 
4243 0.976050 
4244 0.976050 
4245 0.974604 
4246 0.974604 
4247 0.975421 
4248 0.975421 
4249 0.977370 
4250 0.977370 
4251 0.975295 
4252 0.975295 
4253 0.973661 
4254 0.973661 
4255 0.976238 
4256 0.976238 
4257 0.976930 
4258 0.976930 
4259 0.978124 
4260 0.978124 
4261 0.978124 
4262 0.978124 
4263 0.977370 
4264 0.977370 
4265 0.978438 
4266 0.978438 
4267 0.981519 
4268 0.981519 
4269 0.980639 
4270 0.980639 
4271 0.980702 
4272 0.980702 
4273 0.978313 
4274 0.978313 
4275 0.981204 
4276 0.981204 
4277 0.984096 
4278 0.984096 
4279 0.983656 
4280 0.983656 
4281 0.981204 
4282 0.981204 
4283 0.981959 
4284 0.981959 
4285 0.983719 
4286 0.983719 
4287 0.983090 
4288 0.983090 
4289 0.980953 
4290 0.980953 
4291 0.982587 
4292 0.982587 
4293 0.981582 
4294 0.981582 
4295 0.983342 
4296 0.983342 
4297 0.984725 
4298 0.984725 
4299 0.986233 
4300 0.986233 
4301 0.985668 
4302 0.985668 
4303 0.985730 
4304 0.985730 
4305 0.985542 
4306 0.985542 
4307 0.984536 
4308 0.984536 
4309 0.983216 
4310 0.983216 
4311 0.983342 
4312 0.983342 
4313 0.984285 
4314 0.984285 
4315 0.982022 
4316 0.982022 
4317 0.982210 
4318 0.982210 
4319 0.986045 
4320 0.986045 
4321 0.984788 
4322 0.984788 
4323 0.986296 
4324 0.986296 
4325 0.984850 
4326 0.984850 
4327 0.984222 
4328 0.984222 
4329 0.983405 
4330 0.983405 
4331 0.982965 
4332 0.982965 
4333 0.982525 
4334 0.982525 
4335 0.982085 
4336 0.982085 
4337 0.982650 
4338 0.982650 
4339 0.982839 
4340 0.982839 
4341 0.981896 
4342 0.981896 
4343 0.983530 
4344 0.983530 
4345 0.980073 
4346 0.980073 
4347 0.982399 
4348 0.982399 
4349 0.981896 
4350 0.981896 
4351 0.983907 
4352 0.983907 
4353 0.983845 
4354 0.983845 
4355 0.984850 
4356 0.984850 
4357 0.986108 
4358 0.986108 
4359 0.986988 
4360 0.986988 
4361 0.985479 
4362 0.985479 
4363 0.986548 
4364 0.986548 
4365 0.987176 
4366 0.987176 
4367 0.985668 
4368 0.985668 
4369 0.983530 
4370 0.983530 
4371 0.983530 
4372 0.983530 
4373 0.983027 
4374 0.983027 
4375 0.981707 
4376 0.981707 
4377 0.982713 
4378 0.982713 
4379 0.981644 
4380 0.981644 
4381 0.976238 
4382 0.976238 
4383 0.975861 
4384 0.975861 
4385 0.975798 
4386 0.975798 
4387 0.974164 
4388 0.974164 
4389 0.974981 
4390 0.974981 
4391 0.972844 
4392 0.972844 
4393 0.963603 
4394 0.963603 
4395 0.946945 
4396 0.946945 
4397 0.937390 
4398 0.937390 
4399 0.921423 
4400 0.921423 
4401 0.905896 
4402 0.905896 
4403 0.897662 
4404 0.897662 
4405 0.888169 
4406 0.888169 
4407 0.890558 
4408 0.890558 
4409 0.867551 
4410 0.867551 
4411 0.825308 
4412 0.825308 
4413 0.837189 
4414 0.837189 
4415 0.859568 
4416 0.859568 
4417 0.940910 
4418 0.940910 
4419 0.979130 
4420 0.979130 
4421 0.985165 
4422 0.985165 
4423 0.984285 
4424 0.984285 
4425 0.984536 
4426 0.984536 
4427 0.985290 
4428 0.985290 
4429 0.981079 
4430 0.981079 
4431 0.979633 
4432 0.979633 
4433 0.980010 
4434 0.980010 
4435 0.976553 
4436 0.976553 
4437 0.976616 
4438 0.976616 
4439 0.975170 
4440 0.975170 
4441 0.972781 
4442 0.972781 
4443 0.969261 
4444 0.969261 
4445 0.968632 
4446 0.968632 
4447 0.969324 
4448 0.969324 
4449 0.965615 
4450 0.965615 
4451 0.962660 
4452 0.962660 
4453 0.959454 
4454 0.959454 
4455 0.959517 
4456 0.959517 
4457 0.959014 
4458 0.959014 
4459 0.954740 
4460 0.954740 
4461 0.951094 
4462 0.951094 
4463 0.948202 
4464 0.948202 
4465 0.942985 
4466 0.942985 
4467 0.945939 
4468 0.945939 
4469 0.944179 
4470 0.944179 
4471 0.950277 
4472 0.950277 
4473 0.956626 
4474 0.956626 
4475 0.961026 
4476 0.961026 
4477 0.963855 
4478 0.963855 
4479 0.967249 
4480 0.967249 
4481 0.969512 
4482 0.969512 
4483 0.958511 
4484 0.958511 
4485 0.957506 
4486 0.957506 
4487 0.940847 
4488 0.940847 
4489 0.928401 
4490 0.928401 
4491 0.927835 
4492 0.927835 
4493 0.933807 
4494 0.933807 
4495 0.924755 
4496 0.924755 
4497 0.926766 
4498 0.926766 
4499 0.933115 
4500 0.933115 
4501 0.948454 
4502 0.948454 
4503 0.961592 
4504 0.961592 
4505 0.969638 
4506 0.969638 
4507 0.978250 
4508 0.978250 
4509 0.979381 
4510 0.979381 
4511 0.977496 
4512 0.977496 
4513 0.978250 
4514 0.978250 
4515 0.981079 
4516 0.981079 
4517 0.981393 
4518 0.981393 
4519 0.980639 
4520 0.980639 
4521 0.978941 
4522 0.978941 
4523 0.980324 
4524 0.980324 
4525 0.982839 
4526 0.982839 
4527 0.983216 
4528 0.983216 
4529 0.981519 
4530 0.981519 
4531 0.980324 
4532 0.980324 
4533 0.981896 
4534 0.981896 
4535 0.980827 
4536 0.980827 
4537 0.981770 
4538 0.981770 
4539 0.979067 
4540 0.979067 
4541 0.980073 
4542 0.980073 
4543 0.982022 
4544 0.982022 
4545 0.980890 
4546 0.980890 
4547 0.982147 
4548 0.982147 
4549 0.981582 
4550 0.981582 
4551 0.981204 
4552 0.981204 
4553 0.978753 
4554 0.978753 
4555 0.977558 
4556 0.977558 
4557 0.978250 
4558 0.978250 
4559 0.979570 
4560 0.979570 
4561 0.977747 
4562 0.977747 
4563 0.977496 
4564 0.977496 
4565 0.978376 
4566 0.978376 
4567 0.980136 
4568 0.980136 
4569 0.980136 
4570 0.980136 
4571 0.978941 
4572 0.978941 
4573 0.977684 
4574 0.977684 
4575 0.980387 
4576 0.980387 
4577 0.980890 
4578 0.980890 
4579 0.981644 
4580 0.981644 
4581 0.982210 
4582 0.982210 
4583 0.980953 
4584 0.980953 
4585 0.981833 
4586 0.981833 
4587 0.980073 
4588 0.980073 
4589 0.977621 
4590 0.977621 
4591 0.979067 
4592 0.979067 
4593 0.978816 
4594 0.978816 
4595 0.979947 
4596 0.979947 
4597 0.979319 
4598 0.979319 
4599 0.978690 
4600 0.978690 
4601 0.976678 
4602 0.976678 
4603 0.975861 
4604 0.975861 
4605 0.973975 
4606 0.973975 
4607 0.974981 
4608 0.974981 
4609 0.976678 
4610 0.976678 
4611 0.977056 
4612 0.977056 
4613 0.977496 
4614 0.977496 
4615 0.980827 
4616 0.980827 
4617 0.981959 
4618 0.981959 
4619 0.979256 
4620 0.979256 
4621 0.979822 
4622 0.979822 
4623 0.980073 
4624 0.980073 
4625 0.979822 
4626 0.979822 
4627 0.979570 
4628 0.979570 
4629 0.980199 
4630 0.980199 
4631 0.981896 
4632 0.981896 
4633 0.982713 
4634 0.982713 
4635 0.981833 
4636 0.981833 
4637 0.981770 
4638 0.981770 
4639 0.982902 
4640 0.982902 
4641 0.980010 
4642 0.980010 
4643 0.980890 
4644 0.980890 
4645 0.979822 
4646 0.979822 
4647 0.982210 
4648 0.982210 
4649 0.980324 
4650 0.980324 
4651 0.980199 
4652 0.980199 
4653 0.981142 
4654 0.981142 
4655 0.979004 
4656 0.979004 
4657 0.980827 
4658 0.980827 
4659 0.981959 
4660 0.981959 
4661 0.984410 
4662 0.984410 
4663 0.984599 
4664 0.984599 
4665 0.985290 
4666 0.985290 
4667 0.986422 
4668 0.986422 
4669 0.987868 
4670 0.987868 
4671 0.988371 
4672 0.988371 
4673 0.987113 
4674 0.987113 
4675 0.984788 
4676 0.984788 
4677 0.983782 
4678 0.983782 
4679 0.981582 
4680 0.981582 
4681 0.982022 
4682 0.982022 
4683 0.980764 
4684 0.980764 
4685 0.979130 
4686 0.979130 
4687 0.981330 
4688 0.981330 
4689 0.974478 
4690 0.974478 
4691 0.974415 
4692 0.974415 
4693 0.968884 
4694 0.968884 
4695 0.967249 
4696 0.967249 
4697 0.968569 
4698 0.968569 
4699 0.971712 
4700 0.971712 
4701 0.973410 
4702 0.973410 
4703 0.973347 
4704 0.973347 
4705 0.973850 
4706 0.973850 
4707 0.971147 
4708 0.971147 
4709 0.972530 
4710 0.972530 
4711 0.980702 
4712 0.980702 
4713 0.982839 
4714 0.982839 
4715 0.983090 
4716 0.983090 
4717 0.986799 
4718 0.986799 
4719 0.988685 
4720 0.988685 
4721 0.986170 
4722 0.986170 
4723 0.986422 
4724 0.986422 
4725 0.984096 
4726 0.984096 
4727 0.984222 
4728 0.984222 
4729 0.982965 
4730 0.982965 
4731 0.979884 
4732 0.979884 
4733 0.981393 
4734 0.981393 
4735 0.981079 
4736 0.981079 
4737 0.980136 
4738 0.980136 
4739 0.984725 
4740 0.984725 
4741 0.985102 
4742 0.985102 
4743 0.985542 
4744 0.985542 
4745 0.986485 
4746 0.986485 
4747 0.983782 
4748 0.983782 
4749 0.962849 
4750 0.962849 
4751 0.952791 
4752 0.952791 
4753 0.858373 
4754 0.858373 
4755 0.741514 
4756 0.741514 
4757 0.643953 
4758 0.643953 
4759 0.397347 
4760 0.397347 
4761 0.327822 
4762 0.327822 
4763 0.290106 
4764 0.290106 
4765 0.252640 
4766 0.252640 
4767 0.226050 
4768 0.226050 
4769 0.173938 
4770 0.173938 
4771 0.155268 
4772 0.155268 
4773 0.130500 
4774 0.130500 
4775 0.115854 
4776 0.115854 
4777 0.093852 
4778 0.093852 
4779 0.081657 
4780 0.081657 
4781 0.067010 
4782 0.067010 
4783 0.049535 
4784 0.049535 
4785 0.047335 
4786 0.047335 
4787 0.047209 
4788 0.047209 
4789 0.047020 
4790 0.047020 
4791 0.046140 
4792 0.046140 
4793 0.046455 
4794 0.046455 
4795 0.041426 
4796 0.041426 
4797 0.040357 
4798 0.040357 
4799 0.039980 
4800 0.039980 
4801 0.039414 
4802 0.039414 
4803 0.036963 
4804 0.036963 
4805 0.037214 
4806 0.037214 
4807 0.037591 
4808 0.037591 
4809 0.037465 
4810 0.037465 
4811 0.038660 
4812 0.038660 
4813 0.040294 
4814 0.040294 
4815 0.042180 
4816 0.042180 
4817 0.045197 
4818 0.045197 
4819 0.069525 
4820 0.069525 
4821 0.068519 
4822 0.068519 
4823 0.069336 
4824 0.069336 
4825 0.070279 
4826 0.070279 
4827 0.070342 
4828 0.070342 
4829 0.070782 
4830 0.070782 
4831 0.069210 
4832 0.069210 
4833 0.073296 
4834 0.073296 
4835 0.073799 
4836 0.073799 
4837 0.073359 
4838 0.073359 
4839 0.075622 
4840 0.075622 
4841 0.075748 
4842 0.075748 
4843 0.075937 
4844 0.075937 
4845 0.075559 
4846 0.075559 
4847 0.076565 
4848 0.076565 
4849 0.077320 
4850 0.077320 
4851 0.079897 
4852 0.079897 
4853 0.080903 
4854 0.080903 
4855 0.080903 
4856 0.080903 
4857 0.081091 
4858 0.081091 
4859 0.075559 
4860 0.075559 
4861 0.078388 
4862 0.078388 
4863 0.078388 
4864 0.078388 
4865 0.077822 
4866 0.077822 
4867 0.078765 
4868 0.078765 
4869 0.080085 
4870 0.080085 
4871 0.081846 
4872 0.081846 
4873 0.084171 
4874 0.084171 
4875 0.083606 
4876 0.083606 
4877 0.082977 
4878 0.082977 
4879 0.085429 
4880 0.085429 
4881 0.086497 
4882 0.086497 
4883 0.077948 
4884 0.077948 
4885 0.078765 
4886 0.078765 
4887 0.079520 
4888 0.079520 
4889 0.079897 
4890 0.079897 
4891 0.079331 
4892 0.079331 
4893 0.078828 
4894 0.078828 
4895 0.080211 
4896 0.080211 
4897 0.082223 
4898 0.082223 
4899 0.082034 
4900 0.082034 
4901 0.084612 
4902 0.084612 
4903 0.084297 
4904 0.084297 
4905 0.083606 
4906 0.083606 
4907 0.084800 
4908 0.084800 
4909 0.072794 
4910 0.072794 
4911 0.072731 
4912 0.072731 
4913 0.071285 
4914 0.071285 
4915 0.071599 
4916 0.071599 
4917 0.105356 
4918 0.105356 
4919 0.133643 
4920 0.133643 
4921 0.159291 
4922 0.159291 
4923 0.169474 
4924 0.169474 
4925 0.180978 
4926 0.180978 
4927 0.201785 
4928 0.201785 
4929 0.235668 
4930 0.235668 
4931 0.255532 
4932 0.255532 
4933 0.280551 
4934 0.280551 
4935 0.346492 
4936 0.346492 
4937 0.372894 
4938 0.372894 
4939 0.484410 
4940 0.484410 
4941 0.567387 
4942 0.567387 
4943 0.626980 
4944 0.626980 
4945 0.683241 
4946 0.683241 
4947 0.723850 
4948 0.723850 
4949 0.734096 
4950 0.734096 
4951 0.744657 
4952 0.744657 
4953 0.744342 
4954 0.744342 
4955 0.680790 
4956 0.680790 
4957 0.575559 
4958 0.575559 
4959 0.209706 
4960 0.209706 
4961 0.137855 
4962 0.137855 
4963 0.103973 
4964 0.103973 
4965 0.069588 
4966 0.069588 
4967 0.083920 
4968 0.083920 
4969 0.115162 
4970 0.115162 
4971 0.167274 
4972 0.167274 
4973 0.208134 
4974 0.208134 
4975 0.237993 
4976 0.237993 
4977 0.270430 
4978 0.270430 
4979 0.284700 
4980 0.284700 
4981 0.287654 
4982 0.287654 
4983 0.302992 
4984 0.302992 
4985 0.301672 
4986 0.301672 
4987 0.297586 
4988 0.297586 
4989 0.290546 
4990 0.290546 
4991 0.276402 
4992 0.276402 
4993 0.264898 
4994 0.264898 
4995 0.242960 
4996 0.242960 
4997 0.227810 
4998 0.227810 
4999 0.213729 
5000 0.213729 
5001 0.182487 
5002 0.182487 
5003 0.152376 
5004 0.152376 
5005 0.128489 
5006 0.128489 
5007 0.098944 
5008 0.098944 
5009 0.105167 
5010 0.105167 
5011 0.094104 
5012 0.094104 
5013 0.081468 
5014 0.081468 
5015 0.075748 
5016 0.075748 
5017 0.069588 
5018 0.069588 
5019 0.069273 
5020 0.069273 
5021 0.088006 
5022 0.088006 
5023 0.099007 
5024 0.099007 
5025 0.102841 
5026 0.102841 
5027 0.106424 
5028 0.106424 
5029 0.104161 
5030 0.104161 
5031 0.099447 
5032 0.099447 
5033 0.098127 
5034 0.098127 
5035 0.095361 
5036 0.095361 
5037 0.095298 
5038 0.095298 
5039 0.094041 
5040 0.094041 
5041 0.093726 
5042 0.093726 
5043 0.088383 
5044 0.088383 
5045 0.085680 
5046 0.085680 
5047 0.086686 
5048 0.086686 
5049 0.099384 
5050 0.099384 
5051 0.118745 
5052 0.118745 
5053 0.136535 
5054 0.136535 
5055 0.165451 
5056 0.165451 
5057 0.195185 
5058 0.195185 
5059 0.245411 
5060 0.245411 
5061 0.286020 
5062 0.286020 
5063 0.331154 
5064 0.331154 
5065 0.368117 
5066 0.368117 
5067 0.434876 
5068 0.434876 
5069 0.484662 
5070 0.484662 
5071 0.533128 
5072 0.533128 
5073 0.575874 
5074 0.575874 
5075 0.607430 
5076 0.607430 
5077 0.631506 
5078 0.631506 
5079 0.654953 
5080 0.654953 
5081 0.678087 
5082 0.678087 
5083 0.724793 
5084 0.724793 
5085 0.686447 
5086 0.686447 
5087 0.589766 
5088 0.589766 
5089 0.433681 
5090 0.433681 
5091 0.345172 
5092 0.345172 
5093 0.330274 
5094 0.330274 
5095 0.309970 
5096 0.309970 
5097 0.289163 
5098 0.289163 
5099 0.276590 
5100 0.276590 
5101 0.268921 
5102 0.268921 
5103 0.259052 
5104 0.259052 
5105 0.254463 
5106 0.254463 
5107 0.260372 
5108 0.260372 
5109 0.344481 
5110 0.344481 
5111 0.330148 
5112 0.330148 
5113 0.311730 
5114 0.311730 
5115 0.294317 
5116 0.294317 
5117 0.279985 
5118 0.279985 
5119 0.276905 
5120 0.276905 
5121 0.276276 
5122 0.276276 
5123 0.276842 
5124 0.276842 
5125 0.283317 
5126 0.283317 
5127 0.290923 
5128 0.290923 
5129 0.289917 
5130 0.289917 
5131 0.290608 
5132 0.290608 
5133 0.398982 
5134 0.398982 
5135 0.397159 
5136 0.397159 
5137 0.398164 
5138 0.398164 
5139 0.398919 
5140 0.398919 
5141 0.399422 
5142 0.399422 
5143 0.398039 
5144 0.398039 
5145 0.395084 
5146 0.395084 
5147 0.394896 
5148 0.394896 
5149 0.394581 
5150 0.394581 
5151 0.394078 
5152 0.394078 
5153 0.391815 
5154 0.391815 
5155 0.390495 
5156 0.390495 
5157 0.390935 
5158 0.390935 
5159 0.367488 
5160 0.367488 
5161 0.363591 
5162 0.363591 
5163 0.365225 
5164 0.365225 
5165 0.364974 
5166 0.364974 
5167 0.364156 
5168 0.364156 
5169 0.367048 
5170 0.367048 
5171 0.369248 
5172 0.369248 
5173 0.370883 
5174 0.370883 
5175 0.374654 
5176 0.374654 
5177 0.374843 
5178 0.374843 
5179 0.374466 
5180 0.374466 
5181 0.375157 
5182 0.375157 
5183 0.310158 
5184 0.310158 
5185 0.309215 
5186 0.309215 
5187 0.314684 
5188 0.314684 
5189 0.315627 
5190 0.315627 
5191 0.315187 
5192 0.315187 
5193 0.316507 
5194 0.316507 
5195 0.284574 
5196 0.284574 
5197 0.283317 
5198 0.283317 
5199 0.285202 
5200 0.285202 
5201 0.291803 
5202 0.291803 
5203 0.293500 
5204 0.293500 
5205 0.297649 
5206 0.297649 
5207 0.300666 
5208 0.300666 
5209 0.300666 
5210 0.300666 
5211 0.301421 
5212 0.301421 
5213 0.300855 
5214 0.300855 
5215 0.302552 
5216 0.302552 
5217 0.303307 
5218 0.303307 
5219 0.000314 
5220 0.000314 
5221 0.029356 
5222 0.029356 
5223 0.063930 
5224 0.063930 
5225 0.083794 
5226 0.083794 
5227 0.098818 
5228 0.098818 
5229 0.112459 
5230 0.112459 
5231 0.133141 
5232 0.133141 
5233 0.152942 
5234 0.152942 
5235 0.164948 
5236 0.164948 
5237 0.175823 
5238 0.175823 
5239 0.187327 
5240 0.187327 
5241 0.196819 
5242 0.196819 
5243 0.210649 
5244 0.210649 
5245 0.304627 
5246 0.304627 
5247 0.306827 
5248 0.306827 
5249 0.310976 
5250 0.310976 
5251 0.317325 
5252 0.317325 
5253 0.323422 
5254 0.323422 
5255 0.329394 
5256 0.329394 
5257 0.347247 
5258 0.347247 
5259 0.365665 
5260 0.365665 
5261 0.390558 
5262 0.390558 
5263 0.422555 
5264 0.422555 
5265 0.435378 
5266 0.435378 
5267 0.408977 
5268 0.408977 
5269 0.188019 
5270 0.188019 
5271 0.201974 
5272 0.201974 
5273 0.204300 
5274 0.204300 
5275 0.214043 
5276 0.214043 
5277 0.216558 
5278 0.216558 
5279 0.216118 
5280 0.216118 
5281 0.218758 
5282 0.218758 
5283 0.212535 
5284 0.212535 
5285 0.214609 
5286 0.214609 
5287 0.213603 
5288 0.213603 
5289 0.235668 
5290 0.235668 
5291 0.271310 
5292 0.271310 
5293 0.323674 
5294 0.323674 
5295 0.379055 
5296 0.379055 
5297 0.444179 
5298 0.444179 
5299 0.511189 
5300 0.511189 
5301 0.554438 
5302 0.554438 
5303 0.637289 
5304 0.637289 
5305 0.703483 
5306 0.703483 
5307 0.737931 
5308 0.737931 
5309 0.772002 
5310 0.772002 
5311 0.806261 
5312 0.806261 
5313 0.824617 
5314 0.824617 
5315 0.841212 
5316 0.841212 
5317 0.859630 
5318 0.859630 
5319 0.934373 
5320 0.934373 
5321 0.935127 
5322 0.935127 
5323 0.941162 
5324 0.941162 
5325 0.943990 
5326 0.943990 
5327 0.947699 
5328 0.947699 
5329 0.948391 
5330 0.948391 
5331 0.949962 
5332 0.949962 
5333 0.949899 
5334 0.949899 
5335 0.951094 
5336 0.951094 
5337 0.951471 
5338 0.951471 
5339 0.952288 
5340 0.952288 
5341 0.953797 
5342 0.953797 
5343 0.951785 
5344 0.951785 
5345 0.902690 
5346 0.902690 
5347 0.910234 
5348 0.910234 
5349 0.913880 
5350 0.913880 
5351 0.917589 
5352 0.917589 
5353 0.924441 
5354 0.924441 
5355 0.928212 
5356 0.928212 
5357 0.930098 
5358 0.930098 
5359 0.932361 
5360 0.932361 
5361 0.932738 
5362 0.932738 
5363 0.893953 
5364 0.893953 
5365 0.862899 
5366 0.862899 
5367 0.751572 
5368 0.751572 
5369 0.616105 
5370 0.616105 
5371 0.625597 
5372 0.625597 
5373 0.620443 
5374 0.620443 
5375 0.618305 
5376 0.618305 
5377 0.611453 
5378 0.611453 
5379 0.596618 
5380 0.596618 
5381 0.580651 
5382 0.580651 
5383 0.556198 
5384 0.556198 
5385 0.547209 
5386 0.547209 
5387 0.551232 
5388 0.551232 
5389 0.558084 
5390 0.558084 
5391 0.557958 
5392 0.557958 
5393 0.566445 
5394 0.566445 
5395 0.576942 
5396 0.576942 
5397 0.585052 
5398 0.585052 
5399 0.586183 
5400 0.586183 
5401 0.582223 
5402 0.582223 
5403 0.574679 
5404 0.574679 
5405 0.570091 
5406 0.570091 
5407 0.565502 
5408 0.565502 
5409 0.560724 
5410 0.560724 
5411 0.553307 
5412 0.553307 
5413 0.548340 
5414 0.548340 
5415 0.545700 
5416 0.545700 
5417 0.554941 
5418 0.554941 
5419 0.569462 
5420 0.569462 
5421 0.582034 
5422 0.582034 
5423 0.597687 
5424 0.597687 
5425 0.616859 
5426 0.616859 
5427 0.623900 
5428 0.623900 
5429 0.631129 
5430 0.631129 
5431 0.644644 
5432 0.644644 
5433 0.652565 
5434 0.652565 
5435 0.669914 
5436 0.669914 
5437 0.684876 
5438 0.684876 
5439 0.694933 
5440 0.694933 
5441 0.700528 
5442 0.700528 
5443 0.709894 
5444 0.709894 
5445 0.721209 
5446 0.721209 
5447 0.724101 
5448 0.724101 
5449 0.729067 
5450 0.729067 
5451 0.730324 
5452 0.730324 
5453 0.731267 
5454 0.731267 
5455 0.733845 
5456 0.733845 
5457 0.735416 
5458 0.735416 
5459 0.734662 
5460 0.734662 
5461 0.736925 
5462 0.736925 
5463 0.746165 
5464 0.746165 
5465 0.760435 
5466 0.760435 
5467 0.767224 
5468 0.767224 
5469 0.832977 
5470 0.832977 
5471 0.834800 
5472 0.834800 
5473 0.834171 
5474 0.834171 
5475 0.834109 
5476 0.834109 
5477 0.837189 
5478 0.837189 
5479 0.841903 
5480 0.841903 
5481 0.841589 
5482 0.841589 
5483 0.842532 
5484 0.842532 
5485 0.847121 
5486 0.847121 
5487 0.847310 
5488 0.847310 
5489 0.850893 
5490 0.850893 
5491 0.851710 
5492 0.851710 
5493 0.855859 
5494 0.855859 
5495 0.917149 
5496 0.917149 
5497 0.932801 
5498 0.932801 
5499 0.964735 
5500 0.964735 
5501 0.972404 
5502 0.972404 
5503 0.975044 
5504 0.975044 
5505 0.973535 
5506 0.973535 
5507 0.971712 
5508 0.971712 
5509 0.972907 
5510 0.972907 
5511 0.973221 
5512 0.973221 
5513 0.973347 
5514 0.973347 
5515 0.975673 
5516 0.975673 
5517 0.977370 
5518 0.977370 
5519 0.977810 
5520 0.977810 
5521 0.976364 
5522 0.976364 
5523 0.975358 
5524 0.975358 
5525 0.974730 
5526 0.974730 
5527 0.975295 
5528 0.975295 
5529 0.975610 
5530 0.975610 
5531 0.976490 
5532 0.976490 
5533 0.974290 
5534 0.974290 
5535 0.973912 
5536 0.973912 
5537 0.973095 
5538 0.973095 
5539 0.973347 
5540 0.973347 
5541 0.973912 
5542 0.973912 
5543 0.973472 
5544 0.973472 
5545 0.975484 
5546 0.975484 
5547 0.975044 
5548 0.975044 
5549 0.975233 
5550 0.975233 
5551 0.974478 
5552 0.974478 
5553 0.973912 
5554 0.973912 
5555 0.974981 
5556 0.974981 
5557 0.974101 
5558 0.974101 
5559 0.973912 
5560 0.973912 
5561 0.973850 
5562 0.973850 
5563 0.973850 
5564 0.973850 
5565 0.973095 
5566 0.973095 
5567 0.971712 
5568 0.971712 
5569 0.971147 
5570 0.971147 
5571 0.969952 
5572 0.969952 
5573 0.971147 
5574 0.971147 
5575 0.970015 
5576 0.970015 
5577 0.969261 
5578 0.969261 
5579 0.969009 
5580 0.969009 
5581 0.968381 
5582 0.968381 
5583 0.969135 
5584 0.969135 
5585 0.969135 
5586 0.969135 
5587 0.966495 
5588 0.966495 
5589 0.966369 
5590 0.966369 
5591 0.967123 
5592 0.967123 
5593 0.968506 
5594 0.968506 
5595 0.968444 
5596 0.968444 
5597 0.968506 
5598 0.968506 
5599 0.968381 
5600 0.968381 
5601 0.967752 
5602 0.967752 
5603 0.968129 
5604 0.968129 
5605 0.968255 
5606 0.968255 
5607 0.967941 
5608 0.967941 
5609 0.966935 
5610 0.966935 
5611 0.968129 
5612 0.968129 
5613 0.967249 
5614 0.967249 
5615 0.966872 
5616 0.966872 
5617 0.966495 
5618 0.966495 
5619 0.965363 
5620 0.965363 
5621 0.964420 
5622 0.964420 
5623 0.964358 
5624 0.964358 
5625 0.963729 
5626 0.963729 
5627 0.963855 
5628 0.963855 
5629 0.965049 
5630 0.965049 
5631 0.962975 
5632 0.962975 
5633 0.963540 
5634 0.963540 
5635 0.964358 
5636 0.964358 
5637 0.964798 
5638 0.964798 
5639 0.964106 
5640 0.964106 
5641 0.965363 
5642 0.965363 
5643 0.966243 
5644 0.966243 
5645 0.966369 
5646 0.966369 
5647 0.966181 
5648 0.966181 
5649 0.966683 
5650 0.966683 
5651 0.966558 
5652 0.966558 
5653 0.967689 
5654 0.967689 
5655 0.967752 
5656 0.967752 
5657 0.968381 
5658 0.968381 
5659 0.967815 
5660 0.967815 
5661 0.967186 
5662 0.967186 
5663 0.967501 
5664 0.967501 
5665 0.967815 
5666 0.967815 
5667 0.967186 
5668 0.967186 
5669 0.969386 
5670 0.969386 
5671 0.970015 
5672 0.970015 
5673 0.970204 
5674 0.970204 
5675 0.970392 
5676 0.970392 
5677 0.969764 
5678 0.969764 
5679 0.970392 
5680 0.970392 
5681 0.970707 
5682 0.970707 
5683 0.970769 
5684 0.970769 
5685 0.970015 
5686 0.970015 
5687 0.970141 
5688 0.970141 
5689 0.970329 
5690 0.970329 
5691 0.970707 
5692 0.970707 
5693 0.970832 
5694 0.970832 
5695 0.969198 
5696 0.969198 
5697 0.969072 
5698 0.969072 
5699 0.970267 
5700 0.970267 
5701 0.970204 
5702 0.970204 
5703 0.970958 
5704 0.970958 
5705 0.970581 
5706 0.970581 
5707 0.970707 
5708 0.970707 
5709 0.971649 
5710 0.971649 
5711 0.970581 
5712 0.970581 
5713 0.969512 
5714 0.969512 
5715 0.970455 
5716 0.970455 
5717 0.970329 
5718 0.970329 
5719 0.970895 
5720 0.970895 
5721 0.971084 
5722 0.971084 
5723 0.971649 
5724 0.971649 
5725 0.971272 
5726 0.971272 
5727 0.970958 
5728 0.970958 
5729 0.970267 
5730 0.970267 
5731 0.970204 
5732 0.970204 
5733 0.970518 
5734 0.970518 
5735 0.970329 
5736 0.970329 
Time taken: 348.719618
