1 0.150782 
2 0.150782 
3 0.163133 
4 0.163133 
5 0.182614 
6 0.182614 
7 0.211851 
8 0.211851 
9 0.231207 
10 0.231207 
11 0.242620 
12 0.242620 
13 0.249312 
14 0.249312 
15 0.248280 
16 0.248280 
17 0.253221 
18 0.253221 
19 0.255034 
20 0.255034 
21 0.253408 
22 0.253408 
23 0.251251 
24 0.251251 
25 0.252376 
26 0.252376 
27 0.254659 
28 0.254659 
29 0.257911 
30 0.257911 
31 0.263227 
32 0.263227 
33 0.266510 
34 0.266510 
35 0.271670 
36 0.271670 
37 0.271670 
38 0.271670 
39 0.271013 
40 0.271013 
41 0.270263 
42 0.270263 
43 0.265322 
44 0.265322 
45 0.266542 
46 0.266542 
47 0.266291 
48 0.266291 
49 0.265666 
50 0.265666 
51 0.260788 
52 0.260788 
53 0.259506 
54 0.259506 
55 0.259099 
56 0.259099 
57 0.257004 
58 0.257004 
59 0.257223 
60 0.257223 
61 0.257192 
62 0.257192 
63 0.253158 
64 0.253158 
65 0.250594 
66 0.250594 
67 0.248593 
68 0.248593 
69 0.258286 
70 0.258286 
71 0.254565 
72 0.254565 
73 0.255097 
74 0.255097 
75 0.255879 
76 0.255879 
77 0.255660 
78 0.255660 
79 0.258036 
80 0.258036 
81 0.262414 
82 0.262414 
83 0.272889 
84 0.272889 
85 0.297999 
86 0.297999 
87 0.320075 
88 0.320075 
89 0.338993 
90 0.338993 
91 0.367761 
92 0.367761 
93 0.385897 
94 0.385897 
95 0.406504 
96 0.406504 
97 0.417136 
98 0.417136 
99 0.423765 
100 0.423765 
101 0.430863 
102 0.430863 
103 0.441432 
104 0.441432 
105 0.441338 
106 0.441338 
107 0.446811 
108 0.446811 
109 0.448186 
110 0.448186 
111 0.449187 
112 0.449187 
113 0.452595 
114 0.452595 
115 0.454847 
116 0.454847 
117 0.456066 
118 0.456066 
119 0.464509 
120 0.464509 
121 0.471639 
122 0.471639 
123 0.473483 
124 0.473483 
125 0.472045 
126 0.472045 
127 0.465041 
128 0.465041 
129 0.459506 
130 0.459506 
131 0.455378 
132 0.455378 
133 0.451470 
134 0.451470 
135 0.453033 
136 0.453033 
137 0.449312 
138 0.449312 
139 0.441714 
140 0.441714 
141 0.437961 
142 0.437961 
143 0.431520 
144 0.431520 
145 0.425829 
146 0.425829 
147 0.423890 
148 0.423890 
149 0.418887 
150 0.418887 
151 0.413164 
152 0.413164 
153 0.410444 
154 0.410444 
155 0.404941 
156 0.404941 
157 0.398687 
158 0.398687 
159 0.393902 
160 0.393902 
161 0.390994 
162 0.390994 
163 0.389525 
164 0.389525 
165 0.386398 
166 0.386398 
167 0.385647 
168 0.385647 
169 0.391557 
170 0.391557 
171 0.389806 
172 0.389806 
173 0.384991 
174 0.384991 
175 0.381207 
176 0.381207 
177 0.378111 
178 0.378111 
179 0.375266 
180 0.375266 
181 0.374765 
182 0.374765 
183 0.370763 
184 0.370763 
185 0.367198 
186 0.367198 
187 0.365541 
188 0.365541 
189 0.363915 
190 0.363915 
191 0.362977 
192 0.362977 
193 0.360538 
194 0.360538 
195 0.360569 
196 0.360569 
197 0.360350 
198 0.360350 
199 0.360350 
200 0.360350 
201 0.359631 
202 0.359631 
203 0.359318 
204 0.359318 
205 0.358474 
206 0.358474 
207 0.357161 
208 0.357161 
209 0.357473 
210 0.357473 
211 0.357567 
212 0.357567 
213 0.357317 
214 0.357317 
215 0.357724 
216 0.357724 
217 0.358537 
218 0.358537 
219 0.373827 
220 0.373827 
221 0.371795 
222 0.371795 
223 0.370982 
224 0.370982 
225 0.370200 
226 0.370200 
227 0.370044 
228 0.370044 
229 0.366823 
230 0.366823 
231 0.365197 
232 0.365197 
233 0.364728 
234 0.364728 
235 0.364040 
236 0.364040 
237 0.362070 
238 0.362070 
239 0.362007 
240 0.362007 
241 0.362852 
242 0.362852 
243 0.362226 
244 0.362226 
245 0.359568 
246 0.359568 
247 0.361194 
248 0.361194 
249 0.360413 
250 0.360413 
251 0.360163 
252 0.360163 
253 0.358443 
254 0.358443 
255 0.357348 
256 0.357348 
257 0.356098 
258 0.356098 
259 0.355222 
260 0.355222 
261 0.355003 
262 0.355003 
263 0.355347 
264 0.355347 
265 0.355378 
266 0.355378 
267 0.355097 
268 0.355097 
269 0.358912 
270 0.358912 
271 0.357911 
272 0.357911 
273 0.355159 
274 0.355159 
275 0.354909 
276 0.354909 
277 0.356535 
278 0.356535 
279 0.359819 
280 0.359819 
281 0.361382 
282 0.361382 
283 0.365009 
284 0.365009 
285 0.367855 
286 0.367855 
287 0.368293 
288 0.368293 
289 0.366229 
290 0.366229 
291 0.363508 
292 0.363508 
293 0.361570 
294 0.361570 
295 0.360507 
296 0.360507 
297 0.356848 
298 0.356848 
299 0.353533 
300 0.353533 
301 0.349969 
302 0.349969 
303 0.349719 
304 0.349719 
305 0.350094 
306 0.350094 
307 0.350406 
308 0.350406 
309 0.350125 
310 0.350125 
311 0.350406 
312 0.350406 
313 0.350594 
314 0.350594 
315 0.350625 
316 0.350625 
317 0.350281 
318 0.350281 
319 0.360131 
320 0.360131 
321 0.357786 
322 0.357786 
323 0.355378 
324 0.355378 
325 0.355629 
326 0.355629 
327 0.355285 
328 0.355285 
329 0.355441 
330 0.355441 
331 0.355535 
332 0.355535 
333 0.355785 
334 0.355785 
335 0.355691 
336 0.355691 
337 0.355785 
338 0.355785 
339 0.356348 
340 0.356348 
341 0.360694 
342 0.360694 
343 0.369887 
344 0.369887 
345 0.384271 
346 0.384271 
347 0.391245 
348 0.391245 
349 0.399250 
350 0.399250 
351 0.401407 
352 0.401407 
353 0.401595 
354 0.401595 
355 0.401845 
356 0.401845 
357 0.401251 
358 0.401251 
359 0.402001 
360 0.402001 
361 0.401251 
362 0.401251 
363 0.398124 
364 0.398124 
365 0.396216 
366 0.396216 
367 0.394622 
368 0.394622 
369 0.396185 
370 0.396185 
371 0.395435 
372 0.395435 
373 0.394622 
374 0.394622 
375 0.392745 
376 0.392745 
377 0.392339 
378 0.392339 
379 0.389931 
380 0.389931 
381 0.388336 
382 0.388336 
383 0.389744 
384 0.389744 
385 0.394403 
386 0.394403 
387 0.398749 
388 0.398749 
389 0.404909 
390 0.404909 
391 0.414228 
392 0.414228 
393 0.419043 
394 0.419043 
395 0.419356 
396 0.419356 
397 0.424234 
398 0.424234 
399 0.425235 
400 0.425235 
401 0.429675 
402 0.429675 
403 0.432520 
404 0.432520 
405 0.436804 
406 0.436804 
407 0.442652 
408 0.442652 
409 0.449969 
410 0.449969 
411 0.460819 
412 0.460819 
413 0.468856 
414 0.468856 
415 0.484709 
416 0.484709 
417 0.497467 
418 0.497467 
419 0.523921 
420 0.523921 
421 0.539775 
422 0.539775 
423 0.554253 
424 0.554253 
425 0.568230 
426 0.568230 
427 0.587398 
428 0.587398 
429 0.603377 
430 0.603377 
431 0.613727 
432 0.613727 
433 0.632520 
434 0.632520 
435 0.642652 
436 0.642652 
437 0.651689 
438 0.651689 
439 0.663821 
440 0.663821 
441 0.669512 
442 0.669512 
443 0.674109 
444 0.674109 
445 0.687774 
446 0.687774 
447 0.691119 
448 0.691119 
449 0.697780 
450 0.697780 
451 0.704065 
452 0.704065 
453 0.709318 
454 0.709318 
455 0.711476 
456 0.711476 
457 0.718699 
458 0.718699 
459 0.724234 
460 0.724234 
461 0.729550 
462 0.729550 
463 0.733208 
464 0.733208 
465 0.738149 
466 0.738149 
467 0.740682 
468 0.740682 
469 0.749062 
470 0.749062 
471 0.749844 
472 0.749844 
473 0.750469 
474 0.750469 
475 0.751563 
476 0.751563 
477 0.751345 
478 0.751345 
479 0.750782 
480 0.750782 
481 0.750969 
482 0.750969 
483 0.751563 
484 0.751563 
485 0.750407 
486 0.750407 
487 0.749500 
488 0.749500 
489 0.748155 
490 0.748155 
491 0.747624 
492 0.747624 
493 0.749031 
494 0.749031 
495 0.742120 
496 0.742120 
497 0.743183 
498 0.743183 
499 0.750375 
500 0.750375 
501 0.755222 
502 0.755222 
503 0.760069 
504 0.760069 
505 0.764853 
506 0.764853 
507 0.768480 
508 0.768480 
509 0.771420 
510 0.771420 
511 0.777079 
512 0.777079 
513 0.781645 
514 0.781645 
515 0.786241 
516 0.786241 
517 0.803315 
518 0.803315 
519 0.836366 
520 0.836366 
521 0.845747 
522 0.845747 
523 0.871795 
524 0.871795 
525 0.886335 
526 0.886335 
527 0.897749 
528 0.897749 
529 0.908193 
530 0.908193 
531 0.917104 
532 0.917104 
533 0.922639 
534 0.922639 
535 0.925453 
536 0.925453 
537 0.927392 
538 0.927392 
539 0.929487 
540 0.929487 
541 0.932083 
542 0.932083 
543 0.932114 
544 0.932114 
545 0.956879 
546 0.956879 
547 0.956942 
548 0.956942 
549 0.957473 
550 0.957473 
551 0.956692 
552 0.956692 
553 0.957317 
554 0.957317 
555 0.957724 
556 0.957724 
557 0.958130 
558 0.958130 
559 0.957505 
560 0.957505 
561 0.957380 
562 0.957380 
563 0.957380 
564 0.957380 
565 0.956786 
566 0.956786 
567 0.957317 
568 0.957317 
569 0.946873 
570 0.946873 
571 0.948843 
572 0.948843 
573 0.947561 
574 0.947561 
575 0.948186 
576 0.948186 
577 0.949562 
578 0.949562 
579 0.949312 
580 0.949312 
581 0.949031 
582 0.949031 
583 0.949562 
584 0.949562 
585 0.949844 
586 0.949844 
587 0.949687 
588 0.949687 
589 0.951814 
590 0.951814 
591 0.951657 
592 0.951657 
593 0.954346 
594 0.954346 
595 0.963540 
596 0.963540 
597 0.966073 
598 0.966073 
599 0.968449 
600 0.968449 
601 0.968762 
602 0.968762 
603 0.969418 
604 0.969418 
605 0.970763 
606 0.970763 
607 0.971826 
608 0.971826 
609 0.973827 
610 0.973827 
611 0.973734 
612 0.973734 
613 0.973671 
614 0.973671 
615 0.973515 
616 0.973515 
617 0.974046 
618 0.974046 
619 0.977079 
620 0.977079 
621 0.977392 
622 0.977392 
623 0.976391 
624 0.976391 
625 0.977892 
626 0.977892 
627 0.978018 
628 0.978018 
629 0.978361 
630 0.978361 
631 0.978862 
632 0.978862 
633 0.977861 
634 0.977861 
635 0.978361 
636 0.978361 
637 0.979237 
638 0.979237 
639 0.978643 
640 0.978643 
641 0.978674 
642 0.978674 
643 0.978361 
644 0.978361 
645 0.978956 
646 0.978956 
647 0.978674 
648 0.978674 
649 0.978768 
650 0.978768 
651 0.978799 
652 0.978799 
653 0.978393 
654 0.978393 
655 0.979018 
656 0.979018 
657 0.978268 
658 0.978268 
659 0.977017 
660 0.977017 
661 0.977611 
662 0.977611 
663 0.977017 
664 0.977017 
665 0.976173 
666 0.976173 
667 0.977611 
668 0.977611 
669 0.978862 
670 0.978862 
671 0.978080 
672 0.978080 
673 0.977736 
674 0.977736 
675 0.978236 
676 0.978236 
677 0.978143 
678 0.978143 
679 0.977830 
680 0.977830 
681 0.979174 
682 0.979174 
683 0.979049 
684 0.979049 
685 0.978799 
686 0.978799 
687 0.978111 
688 0.978111 
689 0.977955 
690 0.977955 
691 0.978205 
692 0.978205 
693 0.977580 
694 0.977580 
695 0.977705 
696 0.977705 
697 0.978049 
698 0.978049 
699 0.977767 
700 0.977767 
701 0.977142 
702 0.977142 
703 0.976485 
704 0.976485 
705 0.978361 
706 0.978361 
707 0.978080 
708 0.978080 
709 0.977986 
710 0.977986 
711 0.977892 
712 0.977892 
713 0.978768 
714 0.978768 
715 0.978143 
716 0.978143 
717 0.977392 
718 0.977392 
719 0.978737 
720 0.978737 
721 0.978705 
722 0.978705 
723 0.978330 
724 0.978330 
725 0.978018 
726 0.978018 
727 0.977986 
728 0.977986 
729 0.977892 
730 0.977892 
731 0.978143 
732 0.978143 
733 0.977205 
734 0.977205 
735 0.977486 
736 0.977486 
737 0.977017 
738 0.977017 
739 0.977611 
740 0.977611 
741 0.977861 
742 0.977861 
743 0.977799 
744 0.977799 
745 0.979018 
746 0.979018 
747 0.979612 
748 0.979612 
749 0.978831 
750 0.978831 
751 0.979518 
752 0.979518 
753 0.979612 
754 0.979612 
755 0.979456 
756 0.979456 
757 0.978987 
758 0.978987 
759 0.979237 
760 0.979237 
761 0.979612 
762 0.979612 
763 0.978862 
764 0.978862 
765 0.978580 
766 0.978580 
767 0.978049 
768 0.978049 
769 0.978424 
770 0.978424 
771 0.978549 
772 0.978549 
773 0.978330 
774 0.978330 
775 0.978893 
776 0.978893 
777 0.978956 
778 0.978956 
779 0.978580 
780 0.978580 
781 0.978737 
782 0.978737 
783 0.978705 
784 0.978705 
785 0.978080 
786 0.978080 
787 0.978174 
788 0.978174 
789 0.977830 
790 0.977830 
791 0.977861 
792 0.977861 
793 0.977767 
794 0.977767 
795 0.977924 
796 0.977924 
797 0.978205 
798 0.978205 
799 0.977924 
800 0.977924 
801 0.977048 
802 0.977048 
803 0.976391 
804 0.976391 
805 0.976485 
806 0.976485 
807 0.976454 
808 0.976454 
809 0.975704 
810 0.975704 
811 0.976141 
812 0.976141 
813 0.975735 
814 0.975735 
815 0.976110 
816 0.976110 
817 0.976485 
818 0.976485 
819 0.974078 
820 0.974078 
821 0.974046 
822 0.974046 
823 0.973515 
824 0.973515 
825 0.973483 
826 0.973483 
827 0.973827 
828 0.973827 
829 0.973608 
830 0.973608 
831 0.974265 
832 0.974265 
833 0.974859 
834 0.974859 
835 0.975422 
836 0.975422 
837 0.975922 
838 0.975922 
839 0.975641 
840 0.975641 
841 0.975829 
842 0.975829 
843 0.975610 
844 0.975610 
845 0.975704 
846 0.975704 
847 0.974891 
848 0.974891 
849 0.975266 
850 0.975266 
851 0.975735 
852 0.975735 
853 0.975485 
854 0.975485 
855 0.975610 
856 0.975610 
857 0.975360 
858 0.975360 
859 0.975235 
860 0.975235 
861 0.975266 
862 0.975266 
863 0.975578 
864 0.975578 
865 0.976235 
866 0.976235 
867 0.976517 
868 0.976517 
869 0.974672 
870 0.974672 
871 0.975829 
872 0.975829 
873 0.975172 
874 0.975172 
875 0.975203 
876 0.975203 
877 0.975266 
878 0.975266 
879 0.974609 
880 0.974609 
881 0.974422 
882 0.974422 
883 0.974203 
884 0.974203 
885 0.974359 
886 0.974359 
887 0.974797 
888 0.974797 
889 0.975016 
890 0.975016 
891 0.974953 
892 0.974953 
893 0.974703 
894 0.974703 
895 0.974672 
896 0.974672 
897 0.975328 
898 0.975328 
899 0.975547 
900 0.975547 
901 0.975328 
902 0.975328 
903 0.975547 
904 0.975547 
905 0.974703 
906 0.974703 
907 0.974390 
908 0.974390 
909 0.974453 
910 0.974453 
911 0.974609 
912 0.974609 
913 0.974640 
914 0.974640 
915 0.975297 
916 0.975297 
917 0.975141 
918 0.975141 
919 0.975047 
920 0.975047 
921 0.975078 
922 0.975078 
923 0.975016 
924 0.975016 
925 0.974859 
926 0.974859 
927 0.975172 
928 0.975172 
929 0.974765 
930 0.974765 
931 0.975235 
932 0.975235 
933 0.975266 
934 0.975266 
935 0.975766 
936 0.975766 
937 0.975422 
938 0.975422 
939 0.975547 
940 0.975547 
941 0.975360 
942 0.975360 
943 0.975860 
944 0.975860 
945 0.976141 
946 0.976141 
947 0.975985 
948 0.975985 
949 0.976173 
950 0.976173 
951 0.976079 
952 0.976079 
953 0.975954 
954 0.975954 
955 0.976298 
956 0.976298 
957 0.976079 
958 0.976079 
959 0.975860 
960 0.975860 
961 0.976360 
962 0.976360 
963 0.976235 
964 0.976235 
965 0.975735 
966 0.975735 
967 0.975704 
968 0.975704 
969 0.976235 
970 0.976235 
971 0.975954 
972 0.975954 
973 0.976235 
974 0.976235 
975 0.975954 
976 0.975954 
977 0.975547 
978 0.975547 
979 0.973921 
980 0.973921 
981 0.974203 
982 0.974203 
983 0.974296 
984 0.974296 
985 0.975141 
986 0.975141 
987 0.975078 
988 0.975078 
989 0.975547 
990 0.975547 
991 0.975328 
992 0.975328 
993 0.975422 
994 0.975422 
995 0.975516 
996 0.975516 
997 0.975922 
998 0.975922 
999 0.976016 
1000 0.976016 
1001 0.975766 
1002 0.975766 
1003 0.975453 
1004 0.975453 
1005 0.975016 
1006 0.975016 
1007 0.974422 
1008 0.974422 
1009 0.974640 
1010 0.974640 
1011 0.974953 
1012 0.974953 
1013 0.974765 
1014 0.974765 
1015 0.975016 
1016 0.975016 
1017 0.974891 
1018 0.974891 
1019 0.974797 
1020 0.974797 
1021 0.974828 
1022 0.974828 
1023 0.975141 
1024 0.975141 
1025 0.974922 
1026 0.974922 
1027 0.974672 
1028 0.974672 
1029 0.974984 
1030 0.974984 
1031 0.974859 
1032 0.974859 
1033 0.974765 
1034 0.974765 
1035 0.975235 
1036 0.975235 
1037 0.975547 
1038 0.975547 
1039 0.974578 
1040 0.974578 
1041 0.975016 
1042 0.975016 
1043 0.975453 
1044 0.975453 
1045 0.975203 
1046 0.975203 
1047 0.975172 
1048 0.975172 
1049 0.975485 
1050 0.975485 
1051 0.975578 
1052 0.975578 
1053 0.975922 
1054 0.975922 
1055 0.975391 
1056 0.975391 
1057 0.975578 
1058 0.975578 
1059 0.975829 
1060 0.975829 
1061 0.976141 
1062 0.976141 
1063 0.976360 
1064 0.976360 
1065 0.975360 
1066 0.975360 
1067 0.975516 
1068 0.975516 
1069 0.975704 
1070 0.975704 
1071 0.976048 
1072 0.976048 
1073 0.976141 
1074 0.976141 
1075 0.976454 
1076 0.976454 
1077 0.976235 
1078 0.976235 
1079 0.976110 
1080 0.976110 
1081 0.976360 
1082 0.976360 
1083 0.976485 
1084 0.976485 
1085 0.976829 
1086 0.976829 
1087 0.976517 
1088 0.976517 
1089 0.976861 
1090 0.976861 
1091 0.976861 
1092 0.976861 
1093 0.977048 
1094 0.977048 
1095 0.976454 
1096 0.976454 
1097 0.976423 
1098 0.976423 
1099 0.976141 
1100 0.976141 
1101 0.976485 
1102 0.976485 
1103 0.976454 
1104 0.976454 
1105 0.976235 
1106 0.976235 
1107 0.975985 
1108 0.975985 
1109 0.975766 
1110 0.975766 
1111 0.974922 
1112 0.974922 
1113 0.975641 
1114 0.975641 
1115 0.975453 
1116 0.975453 
1117 0.975203 
1118 0.975203 
1119 0.975547 
1120 0.975547 
1121 0.976016 
1122 0.976016 
1123 0.976610 
1124 0.976610 
1125 0.976517 
1126 0.976517 
1127 0.976954 
1128 0.976954 
1129 0.976954 
1130 0.976954 
1131 0.976861 
1132 0.976861 
1133 0.976829 
1134 0.976829 
1135 0.977267 
1136 0.977267 
1137 0.977830 
1138 0.977830 
1139 0.977548 
1140 0.977548 
1141 0.977298 
1142 0.977298 
1143 0.977142 
1144 0.977142 
1145 0.977423 
1146 0.977423 
1147 0.977048 
1148 0.977048 
1149 0.977017 
1150 0.977017 
1151 0.976642 
1152 0.976642 
1153 0.976735 
1154 0.976735 
1155 0.977142 
1156 0.977142 
1157 0.976642 
1158 0.976642 
1159 0.976548 
1160 0.976548 
1161 0.975922 
1162 0.975922 
1163 0.976454 
1164 0.976454 
1165 0.975829 
1166 0.975829 
1167 0.975891 
1168 0.975891 
1169 0.976391 
1170 0.976391 
1171 0.976735 
1172 0.976735 
1173 0.976892 
1174 0.976892 
1175 0.976923 
1176 0.976923 
1177 0.977267 
1178 0.977267 
1179 0.977392 
1180 0.977392 
1181 0.977330 
1182 0.977330 
1183 0.977611 
1184 0.977611 
1185 0.976642 
1186 0.976642 
1187 0.976735 
1188 0.976735 
1189 0.976204 
1190 0.976204 
1191 0.976110 
1192 0.976110 
1193 0.976454 
1194 0.976454 
1195 0.976517 
1196 0.976517 
1197 0.976735 
1198 0.976735 
1199 0.976892 
1200 0.976892 
1201 0.976923 
1202 0.976923 
1203 0.976861 
1204 0.976861 
1205 0.976892 
1206 0.976892 
1207 0.976798 
1208 0.976798 
1209 0.976673 
1210 0.976673 
1211 0.976391 
1212 0.976391 
1213 0.975766 
1214 0.975766 
1215 0.976141 
1216 0.976141 
1217 0.976266 
1218 0.976266 
1219 0.976767 
1220 0.976767 
1221 0.976642 
1222 0.976642 
1223 0.976892 
1224 0.976892 
1225 0.976517 
1226 0.976517 
1227 0.976642 
1228 0.976642 
1229 0.976923 
1230 0.976923 
1231 0.976861 
1232 0.976861 
1233 0.976798 
1234 0.976798 
1235 0.977079 
1236 0.977079 
1237 0.976235 
1238 0.976235 
1239 0.976548 
1240 0.976548 
1241 0.976360 
1242 0.976360 
1243 0.976798 
1244 0.976798 
1245 0.976704 
1246 0.976704 
1247 0.976298 
1248 0.976298 
1249 0.976173 
1250 0.976173 
1251 0.976423 
1252 0.976423 
1253 0.976016 
1254 0.976016 
1255 0.975829 
1256 0.975829 
1257 0.975954 
1258 0.975954 
1259 0.975766 
1260 0.975766 
1261 0.976360 
1262 0.976360 
1263 0.976735 
1264 0.976735 
1265 0.976610 
1266 0.976610 
1267 0.975547 
1268 0.975547 
1269 0.976079 
1270 0.976079 
1271 0.976141 
1272 0.976141 
1273 0.976298 
1274 0.976298 
1275 0.976423 
1276 0.976423 
1277 0.976892 
1278 0.976892 
1279 0.977079 
1280 0.977079 
1281 0.977205 
1282 0.977205 
1283 0.977079 
1284 0.977079 
1285 0.975422 
1286 0.975422 
1287 0.975735 
1288 0.975735 
1289 0.975860 
1290 0.975860 
1291 0.975829 
1292 0.975829 
1293 0.974891 
1294 0.974891 
1295 0.975922 
1296 0.975922 
1297 0.975891 
1298 0.975891 
1299 0.975954 
1300 0.975954 
1301 0.976360 
1302 0.976360 
1303 0.976423 
1304 0.976423 
1305 0.976298 
1306 0.976298 
1307 0.976704 
1308 0.976704 
1309 0.976704 
1310 0.976704 
1311 0.974797 
1312 0.974797 
1313 0.975203 
1314 0.975203 
1315 0.975891 
1316 0.975891 
1317 0.975954 
1318 0.975954 
1319 0.975891 
1320 0.975891 
1321 0.976204 
1322 0.976204 
1323 0.976110 
1324 0.976110 
1325 0.976266 
1326 0.976266 
1327 0.976391 
1328 0.976391 
1329 0.976329 
1330 0.976329 
1331 0.976642 
1332 0.976642 
1333 0.976798 
1334 0.976798 
1335 0.977205 
1336 0.977205 
1337 0.976829 
1338 0.976829 
1339 0.976673 
1340 0.976673 
1341 0.976642 
1342 0.976642 
1343 0.976892 
1344 0.976892 
1345 0.976423 
1346 0.976423 
1347 0.976829 
1348 0.976829 
1349 0.976986 
1350 0.976986 
1351 0.976329 
1352 0.976329 
1353 0.976548 
1354 0.976548 
1355 0.976454 
1356 0.976454 
1357 0.976454 
1358 0.976454 
1359 0.976704 
1360 0.976704 
1361 0.976423 
1362 0.976423 
1363 0.976579 
1364 0.976579 
1365 0.976454 
1366 0.976454 
1367 0.976735 
1368 0.976735 
1369 0.976986 
1370 0.976986 
1371 0.977079 
1372 0.977079 
1373 0.976892 
1374 0.976892 
1375 0.977236 
1376 0.977236 
1377 0.977548 
1378 0.977548 
1379 0.977892 
1380 0.977892 
1381 0.978049 
1382 0.978049 
1383 0.977799 
1384 0.977799 
1385 0.977330 
1386 0.977330 
1387 0.977455 
1388 0.977455 
1389 0.977142 
1390 0.977142 
1391 0.977330 
1392 0.977330 
1393 0.977548 
1394 0.977548 
1395 0.977205 
1396 0.977205 
1397 0.977423 
1398 0.977423 
1399 0.977392 
1400 0.977392 
1401 0.977861 
1402 0.977861 
1403 0.978049 
1404 0.978049 
1405 0.977861 
1406 0.977861 
1407 0.977892 
1408 0.977892 
1409 0.978487 
1410 0.978487 
1411 0.977142 
1412 0.977142 
1413 0.976954 
1414 0.976954 
1415 0.977142 
1416 0.977142 
1417 0.977142 
1418 0.977142 
1419 0.977892 
1420 0.977892 
1421 0.977580 
1422 0.977580 
1423 0.977924 
1424 0.977924 
1425 0.977736 
1426 0.977736 
1427 0.978330 
1428 0.978330 
1429 0.978455 
1430 0.978455 
1431 0.978236 
1432 0.978236 
1433 0.977705 
1434 0.977705 
1435 0.976892 
1436 0.976892 
1437 0.977142 
1438 0.977142 
1439 0.977674 
1440 0.977674 
1441 0.976735 
1442 0.976735 
1443 0.976954 
1444 0.976954 
1445 0.976298 
1446 0.976298 
1447 0.977455 
1448 0.977455 
1449 0.977548 
1450 0.977548 
1451 0.978111 
1452 0.978111 
1453 0.977736 
1454 0.977736 
1455 0.977705 
1456 0.977705 
1457 0.977173 
1458 0.977173 
1459 0.977892 
1460 0.977892 
1461 0.975860 
1462 0.975860 
1463 0.976204 
1464 0.976204 
1465 0.976298 
1466 0.976298 
1467 0.977236 
1468 0.977236 
1469 0.976923 
1470 0.976923 
1471 0.978862 
1472 0.978862 
1473 0.979425 
1474 0.979425 
1475 0.977986 
1476 0.977986 
1477 0.978768 
1478 0.978768 
1479 0.978674 
1480 0.978674 
1481 0.979581 
1482 0.979581 
1483 0.977236 
1484 0.977236 
1485 0.978549 
1486 0.978549 
1487 0.978893 
1488 0.978893 
1489 0.977955 
1490 0.977955 
1491 0.978643 
1492 0.978643 
1493 0.978768 
1494 0.978768 
1495 0.978143 
1496 0.978143 
1497 0.978299 
1498 0.978299 
1499 0.980519 
1500 0.980519 
1501 0.982239 
1502 0.982239 
1503 0.982489 
1504 0.982489 
1505 0.982989 
1506 0.982989 
1507 0.982176 
1508 0.982176 
1509 0.983552 
1510 0.983552 
1511 0.983927 
1512 0.983927 
1513 0.983771 
1514 0.983771 
1515 0.984115 
1516 0.984115 
1517 0.985084 
1518 0.985084 
1519 0.985210 
1520 0.985210 
1521 0.985366 
1522 0.985366 
1523 0.985241 
1524 0.985241 
1525 0.985804 
1526 0.985804 
1527 0.986929 
1528 0.986929 
1529 0.986304 
1530 0.986304 
1531 0.986804 
1532 0.986804 
1533 0.985647 
1534 0.985647 
1535 0.986898 
1536 0.986898 
1537 0.985710 
1538 0.985710 
1539 0.985303 
1540 0.985303 
1541 0.985991 
1542 0.985991 
1543 0.984522 
1544 0.984522 
1545 0.983646 
1546 0.983646 
1547 0.983646 
1548 0.983646 
1549 0.985053 
1550 0.985053 
1551 0.984459 
1552 0.984459 
1553 0.983584 
1554 0.983584 
1555 0.984522 
1556 0.984522 
1557 0.984428 
1558 0.984428 
1559 0.985241 
1560 0.985241 
1561 0.984647 
1562 0.984647 
1563 0.985835 
1564 0.985835 
1565 0.984709 
1566 0.984709 
1567 0.984897 
1568 0.984897 
1569 0.983427 
1570 0.983427 
1571 0.983552 
1572 0.983552 
1573 0.981301 
1574 0.981301 
1575 0.981363 
1576 0.981363 
1577 0.981019 
1578 0.981019 
1579 0.981707 
1580 0.981707 
1581 0.982333 
1582 0.982333 
1583 0.981989 
1584 0.981989 
1585 0.979237 
1586 0.979237 
1587 0.979800 
1588 0.979800 
1589 0.980206 
1590 0.980206 
1591 0.979049 
1592 0.979049 
1593 0.981488 
1594 0.981488 
1595 0.979675 
1596 0.979675 
1597 0.979800 
1598 0.979800 
1599 0.981551 
1600 0.981551 
1601 0.980613 
1602 0.980613 
1603 0.981832 
1604 0.981832 
1605 0.980206 
1606 0.980206 
1607 0.982802 
1608 0.982802 
1609 0.982989 
1610 0.982989 
1611 0.984365 
1612 0.984365 
1613 0.984803 
1614 0.984803 
1615 0.984959 
1616 0.984959 
1617 0.985772 
1618 0.985772 
1619 0.985804 
1620 0.985804 
1621 0.985960 
1622 0.985960 
1623 0.987805 
1624 0.987805 
1625 0.985960 
1626 0.985960 
1627 0.986836 
1628 0.986836 
1629 0.987023 
1630 0.987023 
1631 0.987148 
1632 0.987148 
1633 0.987680 
1634 0.987680 
1635 0.986554 
1636 0.986554 
1637 0.987305 
1638 0.987305 
1639 0.987649 
1640 0.987649 
1641 0.987273 
1642 0.987273 
1643 0.987899 
1644 0.987899 
1645 0.988430 
1646 0.988430 
1647 0.988899 
1648 0.988899 
1649 0.988868 
1650 0.988868 
1651 0.988493 
1652 0.988493 
1653 0.988118 
1654 0.988118 
1655 0.986710 
1656 0.986710 
1657 0.987461 
1658 0.987461 
1659 0.986617 
1660 0.986617 
1661 0.987211 
1662 0.987211 
1663 0.986961 
1664 0.986961 
1665 0.985241 
1666 0.985241 
1667 0.986085 
1668 0.986085 
1669 0.985679 
1670 0.985679 
1671 0.985147 
1672 0.985147 
1673 0.985616 
1674 0.985616 
1675 0.983021 
1676 0.983021 
1677 0.981895 
1678 0.981895 
1679 0.981019 
1680 0.981019 
1681 0.980019 
1682 0.980019 
1683 0.980081 
1684 0.980081 
1685 0.978580 
1686 0.978580 
1687 0.976923 
1688 0.976923 
1689 0.976391 
1690 0.976391 
1691 0.971764 
1692 0.971764 
1693 0.972608 
1694 0.972608 
1695 0.974453 
1696 0.974453 
1697 0.976423 
1698 0.976423 
1699 0.976329 
1700 0.976329 
1701 0.977423 
1702 0.977423 
1703 0.977142 
1704 0.977142 
1705 0.979675 
1706 0.979675 
1707 0.976735 
1708 0.976735 
1709 0.975860 
1710 0.975860 
1711 0.972139 
1712 0.972139 
1713 0.973952 
1714 0.973952 
1715 0.970044 
1716 0.970044 
1717 0.965510 
1718 0.965510 
1719 0.961789 
1720 0.961789 
1721 0.959287 
1722 0.959287 
1723 0.959506 
1724 0.959506 
1725 0.969919 
1726 0.969919 
1727 0.972858 
1728 0.972858 
1729 0.975704 
1730 0.975704 
1731 0.966198 
1732 0.966198 
1733 0.951376 
1734 0.951376 
1735 0.929550 
1736 0.929550 
1737 0.932708 
1738 0.932708 
1739 0.933552 
1740 0.933552 
1741 0.923327 
1742 0.923327 
1743 0.895091 
1744 0.895091 
1745 0.878830 
1746 0.878830 
1747 0.761445 
1748 0.761445 
1749 0.745904 
1750 0.745904 
1751 0.741526 
1752 0.741526 
1753 0.685210 
1754 0.685210 
1755 0.685460 
1756 0.685460 
1757 0.679769 
1758 0.679769 
1759 0.681332 
1760 0.681332 
1761 0.688180 
1762 0.688180 
1763 0.676423 
1764 0.676423 
1765 0.672139 
1766 0.672139 
1767 0.698968 
1768 0.698968 
1769 0.700031 
1770 0.700031 
1771 0.723296 
1772 0.723296 
1773 0.755597 
1774 0.755597 
1775 0.784678 
1776 0.784678 
1777 0.815603 
1778 0.815603 
1779 0.832645 
1780 0.832645 
1781 0.829987 
1782 0.829987 
1783 0.827079 
1784 0.827079 
1785 0.805285 
1786 0.805285 
1787 0.805503 
1788 0.805503 
1789 0.796904 
1790 0.796904 
1791 0.783052 
1792 0.783052 
1793 0.768762 
1794 0.768762 
1795 0.752783 
1796 0.752783 
1797 0.739712 
1798 0.739712 
1799 0.744090 
1800 0.744090 
1801 0.758474 
1802 0.758474 
1803 0.769168 
1804 0.769168 
1805 0.775235 
1806 0.775235 
1807 0.781113 
1808 0.781113 
1809 0.781082 
1810 0.781082 
1811 0.746529 
1812 0.746529 
1813 0.744153 
1814 0.744153 
1815 0.742652 
1816 0.742652 
1817 0.742339 
1818 0.742339 
1819 0.741995 
1820 0.741995 
1821 0.734740 
1822 0.734740 
1823 0.723608 
1824 0.723608 
1825 0.713133 
1826 0.713133 
1827 0.711132 
1828 0.711132 
1829 0.705847 
1830 0.705847 
1831 0.698968 
1832 0.698968 
1833 0.695997 
1834 0.695997 
1835 0.635585 
1836 0.635585 
1837 0.628674 
1838 0.628674 
1839 0.614603 
1840 0.614603 
1841 0.599343 
1842 0.599343 
1843 0.584021 
1844 0.584021 
1845 0.567699 
1846 0.567699 
1847 0.550156 
1848 0.550156 
1849 0.532552 
1850 0.532552 
1851 0.525641 
1852 0.525641 
1853 0.519043 
1854 0.519043 
1855 0.531426 
1856 0.531426 
1857 0.549218 
1858 0.549218 
1859 0.570951 
1860 0.570951 
1861 0.580457 
1862 0.580457 
1863 0.600532 
1864 0.600532 
1865 0.600563 
1866 0.600563 
1867 0.615885 
1868 0.615885 
1869 0.648999 
1870 0.648999 
1871 0.666979 
1872 0.666979 
1873 0.679987 
1874 0.679987 
1875 0.719199 
1876 0.719199 
1877 0.736304 
1878 0.736304 
1879 0.742620 
1880 0.742620 
1881 0.765729 
1882 0.765729 
1883 0.695747 
1884 0.695747 
1885 0.643777 
1886 0.643777 
1887 0.645810 
1888 0.645810 
1889 0.655097 
1890 0.655097 
1891 0.648655 
1892 0.648655 
1893 0.669700 
1894 0.669700 
1895 0.677142 
1896 0.677142 
1897 0.653659 
1898 0.653659 
1899 0.666886 
1900 0.666886 
1901 0.687555 
1902 0.687555 
1903 0.705691 
1904 0.705691 
1905 0.751720 
1906 0.751720 
1907 0.769606 
1908 0.769606 
1909 0.795372 
1910 0.795372 
1911 0.826266 
1912 0.826266 
1913 0.841776 
1914 0.841776 
1915 0.854002 
1916 0.854002 
1917 0.865134 
1918 0.865134 
1919 0.867917 
1920 0.867917 
1921 0.872201 
1922 0.872201 
1923 0.871607 
1924 0.871607 
1925 0.755378 
1926 0.755378 
1927 0.691245 
1928 0.691245 
1929 0.630675 
1930 0.630675 
1931 0.598562 
1932 0.598562 
1933 0.483114 
1934 0.483114 
1935 0.437586 
1936 0.437586 
1937 0.419543 
1938 0.419543 
1939 0.394371 
1940 0.394371 
1941 0.361851 
1942 0.361851 
1943 0.356629 
1944 0.356629 
1945 0.349875 
1946 0.349875 
1947 0.327580 
1948 0.327580 
1949 0.310288 
1950 0.310288 
1951 0.287930 
1952 0.287930 
1953 0.259443 
1954 0.259443 
1955 0.234115 
1956 0.234115 
1957 0.206754 
1958 0.206754 
1959 0.190181 
1960 0.190181 
1961 0.132020 
1962 0.132020 
1963 0.124171 
1964 0.124171 
1965 0.116260 
1966 0.116260 
1967 0.108443 
1968 0.108443 
1969 0.101282 
1970 0.101282 
1971 0.091745 
1972 0.091745 
1973 0.090494 
1974 0.090494 
1975 0.090181 
1976 0.090181 
1977 0.089212 
1978 0.089212 
1979 0.089744 
1980 0.089744 
1981 0.084459 
1982 0.084459 
1983 0.076079 
1984 0.076079 
1985 0.066948 
1986 0.066948 
1987 0.064478 
1988 0.064478 
1989 0.063540 
1990 0.063540 
1991 0.061507 
1992 0.061507 
1993 0.061570 
1994 0.061570 
1995 0.061632 
1996 0.061632 
1997 0.063008 
1998 0.063008 
1999 0.071482 
2000 0.071482 
2001 0.107755 
2002 0.107755 
2003 0.154096 
2004 0.154096 
2005 0.195841 
2006 0.195841 
2007 0.258443 
2008 0.258443 
2009 0.312570 
2010 0.312570 
2011 0.420607 
2012 0.420607 
2013 0.450406 
2014 0.450406 
2015 0.529487 
2016 0.529487 
2017 0.599250 
2018 0.599250 
2019 0.710882 
2020 0.710882 
2021 0.765979 
2022 0.765979 
2023 0.801157 
2024 0.801157 
2025 0.841119 
2026 0.841119 
2027 0.865041 
2028 0.865041 
2029 0.884553 
2030 0.884553 
2031 0.900719 
2032 0.900719 
2033 0.914978 
2034 0.914978 
2035 0.951532 
2036 0.951532 
2037 0.945872 
2038 0.945872 
2039 0.924265 
2040 0.924265 
2041 0.812164 
2042 0.812164 
2043 0.627861 
2044 0.627861 
2045 0.551094 
2046 0.551094 
2047 0.507849 
2048 0.507849 
2049 0.452345 
2050 0.452345 
2051 0.419418 
2052 0.419418 
2053 0.384240 
2054 0.384240 
2055 0.337586 
2056 0.337586 
2057 0.311288 
2058 0.311288 
2059 0.283490 
2060 0.283490 
2061 0.226767 
2062 0.226767 
2063 0.200188 
2064 0.200188 
2065 0.179018 
2066 0.179018 
2067 0.148155 
2068 0.148155 
2069 0.130832 
2070 0.130832 
2071 0.106410 
2072 0.106410 
2073 0.090150 
2074 0.090150 
2075 0.079956 
2076 0.079956 
2077 0.073577 
2078 0.073577 
2079 0.071545 
2080 0.071545 
2081 0.067511 
2082 0.067511 
2083 0.066417 
2084 0.066417 
2085 0.065260 
2086 0.065260 
2087 0.064103 
2088 0.064103 
2089 0.062414 
2090 0.062414 
2091 0.062195 
2092 0.062195 
2093 0.061664 
2094 0.061664 
2095 0.062351 
2096 0.062351 
2097 0.062445 
2098 0.062445 
2099 0.067542 
2100 0.067542 
2101 0.078080 
2102 0.078080 
2103 0.096154 
2104 0.096154 
2105 0.113634 
2106 0.113634 
2107 0.132552 
2108 0.132552 
2109 0.168730 
2110 0.168730 
2111 0.218355 
2112 0.218355 
2113 0.246529 
2114 0.246529 
2115 0.369825 
2116 0.369825 
2117 0.658974 
2118 0.658974 
2119 0.833709 
2120 0.833709 
2121 0.897498 
2122 0.897498 
2123 0.938837 
2124 0.938837 
2125 0.956473 
2126 0.956473 
2127 0.976329 
2128 0.976329 
2129 0.988555 
2130 0.988555 
2131 0.990650 
2132 0.990650 
2133 0.990901 
2134 0.990901 
2135 0.992339 
2136 0.992339 
2137 0.992464 
2138 0.992464 
2139 0.993965 
2140 0.993965 
2141 0.994590 
2142 0.994590 
2143 0.994434 
2144 0.994434 
2145 0.993684 
2146 0.993684 
2147 0.994653 
2148 0.994653 
2149 0.993684 
2150 0.993684 
2151 0.994715 
2152 0.994715 
2153 0.993715 
2154 0.993715 
2155 0.993934 
2156 0.993934 
2157 0.990432 
2158 0.990432 
2159 0.986210 
2160 0.986210 
2161 0.953721 
2162 0.953721 
2163 0.949437 
2164 0.949437 
2165 0.946248 
2166 0.946248 
2167 0.947561 
2168 0.947561 
2169 0.951595 
2170 0.951595 
2171 0.954597 
2172 0.954597 
2173 0.955879 
2174 0.955879 
2175 0.894715 
2176 0.894715 
2177 0.768793 
2178 0.768793 
2179 0.518261 
2180 0.518261 
2181 0.311851 
2182 0.311851 
2183 0.259287 
2184 0.259287 
2185 0.133240 
2186 0.133240 
2187 0.115134 
2188 0.115134 
2189 0.107161 
2190 0.107161 
2191 0.096279 
2192 0.096279 
2193 0.089462 
2194 0.089462 
2195 0.083021 
2196 0.083021 
2197 0.078674 
2198 0.078674 
2199 0.071701 
2200 0.071701 
2201 0.070638 
2202 0.070638 
2203 0.069168 
2204 0.069168 
2205 0.070669 
2206 0.070669 
2207 0.072014 
2208 0.072014 
2209 0.071451 
2210 0.071451 
2211 0.096779 
2212 0.096779 
2213 0.095528 
2214 0.095528 
2215 0.093621 
2216 0.093621 
2217 0.093652 
2218 0.093652 
2219 0.092495 
2220 0.092495 
2221 0.091651 
2222 0.091651 
2223 0.090369 
2224 0.090369 
2225 0.090400 
2226 0.090400 
2227 0.091588 
2228 0.091588 
2229 0.092339 
2230 0.092339 
2231 0.092871 
2232 0.092871 
2233 0.092433 
2234 0.092433 
2235 0.088493 
2236 0.088493 
2237 0.087054 
2238 0.087054 
2239 0.087086 
2240 0.087086 
2241 0.086210 
2242 0.086210 
2243 0.086273 
2244 0.086273 
2245 0.086710 
2246 0.086710 
2247 0.087117 
2248 0.087117 
2249 0.087398 
2250 0.087398 
2251 0.088118 
2252 0.088118 
2253 0.089587 
2254 0.089587 
2255 0.089587 
2256 0.089587 
2257 0.090181 
2258 0.090181 
2259 0.091057 
2260 0.091057 
2261 0.095310 
2262 0.095310 
2263 0.094309 
2264 0.094309 
2265 0.100813 
2266 0.100813 
2267 0.115197 
2268 0.115197 
2269 0.135491 
2270 0.135491 
2271 0.166135 
2272 0.166135 
2273 0.191682 
2274 0.191682 
2275 0.217605 
2276 0.217605 
2277 0.245528 
2278 0.245528 
2279 0.261132 
2280 0.261132 
2281 0.270419 
2282 0.270419 
2283 0.278924 
2284 0.278924 
2285 0.335335 
2286 0.335335 
2287 0.332645 
2288 0.332645 
2289 0.328174 
2290 0.328174 
2291 0.327392 
2292 0.327392 
2293 0.320888 
2294 0.320888 
2295 0.303877 
2296 0.303877 
2297 0.300125 
2298 0.300125 
2299 0.294559 
2300 0.294559 
2301 0.286023 
2302 0.286023 
2303 0.269137 
2304 0.269137 
2305 0.259725 
2306 0.259725 
2307 0.243183 
2308 0.243183 
2309 0.233365 
2310 0.233365 
2311 0.238368 
2312 0.238368 
2313 0.239775 
2314 0.239775 
2315 0.234303 
2316 0.234303 
2317 0.221076 
2318 0.221076 
2319 0.205034 
2320 0.205034 
2321 0.187649 
2322 0.187649 
2323 0.176642 
2324 0.176642 
2325 0.163696 
2326 0.163696 
2327 0.158286 
2328 0.158286 
2329 0.148937 
2330 0.148937 
2331 0.140838 
2332 0.140838 
2333 0.139275 
2334 0.139275 
2335 0.159068 
2336 0.159068 
2337 0.146623 
2338 0.146623 
2339 0.139619 
2340 0.139619 
2341 0.130738 
2342 0.130738 
2343 0.125704 
2344 0.125704 
2345 0.123046 
2346 0.123046 
2347 0.117417 
2348 0.117417 
2349 0.123421 
2350 0.123421 
2351 0.140119 
2352 0.140119 
2353 0.146341 
2354 0.146341 
2355 0.148530 
2356 0.148530 
2357 0.148624 
2358 0.148624 
2359 0.143089 
2360 0.143089 
2361 0.138305 
2362 0.138305 
2363 0.135397 
2364 0.135397 
2365 0.133396 
2366 0.133396 
2367 0.128674 
2368 0.128674 
2369 0.127079 
2370 0.127079 
2371 0.127955 
2372 0.127955 
2373 0.117511 
2374 0.117511 
2375 0.112039 
2376 0.112039 
2377 0.105253 
2378 0.105253 
2379 0.097717 
2380 0.097717 
2381 0.094059 
2382 0.094059 
2383 0.106348 
2384 0.106348 
2385 0.206535 
2386 0.206535 
2387 0.236398 
2388 0.236398 
2389 0.272014 
2390 0.272014 
2391 0.286679 
2392 0.286679 
2393 0.305159 
2394 0.305159 
2395 0.383927 
2396 0.383927 
2397 0.482270 
2398 0.482270 
2399 0.544559 
2400 0.544559 
2401 0.601032 
2402 0.601032 
2403 0.658818 
2404 0.658818 
2405 0.674547 
2406 0.674547 
2407 0.678049 
2408 0.678049 
2409 0.597405 
2410 0.597405 
2411 0.442245 
2412 0.442245 
2413 0.290932 
2414 0.290932 
2415 0.158943 
2416 0.158943 
2417 0.111976 
2418 0.111976 
2419 0.071576 
2420 0.071576 
2421 0.058505 
2422 0.058505 
2423 0.058130 
2424 0.058130 
2425 0.062821 
2426 0.062821 
2427 0.065228 
2428 0.065228 
2429 0.066166 
2430 0.066166 
2431 0.066604 
2432 0.066604 
2433 0.098937 
2434 0.098937 
2435 0.204784 
2436 0.204784 
2437 0.222389 
2438 0.222389 
2439 0.233927 
2440 0.233927 
2441 0.235460 
2442 0.235460 
2443 0.237992 
2444 0.237992 
2445 0.234365 
2446 0.234365 
2447 0.231238 
2448 0.231238 
2449 0.227048 
2450 0.227048 
2451 0.219481 
2452 0.219481 
2453 0.209912 
2454 0.209912 
2455 0.193027 
2456 0.193027 
2457 0.169012 
2458 0.169012 
2459 0.151751 
2460 0.151751 
2461 0.139619 
2462 0.139619 
2463 0.126798 
2464 0.126798 
2465 0.119450 
2466 0.119450 
2467 0.109068 
2468 0.109068 
2469 0.102846 
2470 0.102846 
2471 0.105410 
2472 0.105410 
2473 0.107255 
2474 0.107255 
2475 0.113133 
2476 0.113133 
2477 0.130801 
2478 0.130801 
2479 0.142589 
2480 0.142589 
2481 0.148655 
2482 0.148655 
2483 0.151282 
2484 0.151282 
2485 0.156316 
2486 0.156316 
2487 0.150438 
2488 0.150438 
2489 0.144497 
2490 0.144497 
2491 0.142902 
2492 0.142902 
2493 0.137086 
2494 0.137086 
2495 0.134209 
2496 0.134209 
2497 0.135522 
2498 0.135522 
2499 0.130613 
2500 0.130613 
2501 0.124547 
2502 0.124547 
2503 0.121420 
2504 0.121420 
2505 0.116229 
2506 0.116229 
2507 0.123827 
2508 0.123827 
2509 0.145122 
2510 0.145122 
2511 0.193527 
2512 0.193527 
2513 0.225078 
2514 0.225078 
2515 0.248030 
2516 0.248030 
2517 0.264665 
2518 0.264665 
2519 0.282489 
2520 0.282489 
2521 0.280269 
2522 0.280269 
2523 0.298655 
2524 0.298655 
2525 0.311226 
2526 0.311226 
2527 0.315197 
2528 0.315197 
2529 0.313852 
2530 0.313852 
2531 0.309725 
2532 0.309725 
2533 0.307067 
2534 0.307067 
2535 0.283959 
2536 0.283959 
2537 0.285147 
2538 0.285147 
2539 0.279550 
2540 0.279550 
2541 0.202001 
2542 0.202001 
2543 0.181051 
2544 0.181051 
2545 0.151407 
2546 0.151407 
2547 0.134209 
2548 0.134209 
2549 0.120482 
2550 0.120482 
2551 0.115447 
2552 0.115447 
2553 0.104628 
2554 0.104628 
2555 0.103002 
2556 0.103002 
2557 0.102502 
2558 0.102502 
2559 0.106223 
2560 0.106223 
2561 0.152533 
2562 0.152533 
2563 0.153033 
2564 0.153033 
2565 0.153877 
2566 0.153877 
2567 0.154784 
2568 0.154784 
2569 0.155378 
2570 0.155378 
2571 0.156004 
2572 0.156004 
2573 0.158286 
2574 0.158286 
2575 0.159506 
2576 0.159506 
2577 0.161132 
2578 0.161132 
2579 0.162195 
2580 0.162195 
2581 0.162758 
2582 0.162758 
2583 0.162821 
2584 0.162821 
2585 0.167542 
2586 0.167542 
2587 0.165760 
2588 0.165760 
2589 0.165635 
2590 0.165635 
2591 0.166979 
2592 0.166979 
2593 0.166854 
2594 0.166854 
2595 0.168293 
2596 0.168293 
2597 0.167480 
2598 0.167480 
2599 0.169887 
2600 0.169887 
2601 0.171076 
2602 0.171076 
2603 0.174734 
2604 0.174734 
2605 0.175735 
2606 0.175735 
2607 0.176986 
2608 0.176986 
2609 0.179268 
2610 0.179268 
2611 0.203565 
2612 0.203565 
2613 0.203033 
2614 0.203033 
2615 0.204034 
2616 0.204034 
2617 0.205910 
2618 0.205910 
2619 0.207223 
2620 0.207223 
2621 0.208505 
2622 0.208505 
2623 0.212289 
2624 0.212289 
2625 0.235741 
2626 0.235741 
2627 0.259756 
2628 0.259756 
2629 0.282239 
2630 0.282239 
2631 0.300156 
2632 0.300156 
2633 0.306567 
2634 0.306567 
2635 0.292620 
2636 0.292620 
2637 0.303096 
2638 0.303096 
2639 0.321795 
2640 0.321795 
2641 0.348218 
2642 0.348218 
2643 0.397749 
2644 0.397749 
2645 0.434615 
2646 0.434615 
2647 0.455034 
2648 0.455034 
2649 0.514697 
2650 0.514697 
2651 0.581113 
2652 0.581113 
2653 0.633896 
2654 0.633896 
2655 0.695560 
2656 0.695560 
2657 0.719606 
2658 0.719606 
2659 0.742714 
2660 0.742714 
2661 0.759662 
2662 0.759662 
2663 0.761163 
2664 0.761163 
2665 0.751282 
2666 0.751282 
2667 0.732958 
2668 0.732958 
2669 0.715697 
2670 0.715697 
2671 0.693684 
2672 0.693684 
2673 0.662852 
2674 0.662852 
2675 0.650125 
2676 0.650125 
2677 0.624078 
2678 0.624078 
2679 0.587336 
2680 0.587336 
2681 0.418574 
2682 0.418574 
2683 0.375829 
2684 0.375829 
2685 0.239087 
2686 0.239087 
2687 0.233583 
2688 0.233583 
2689 0.236210 
2690 0.236210 
2691 0.233490 
2692 0.233490 
2693 0.232395 
2694 0.232395 
2695 0.227799 
2696 0.227799 
2697 0.224953 
2698 0.224953 
2699 0.217980 
2700 0.217980 
2701 0.216041 
2702 0.216041 
2703 0.213508 
2704 0.213508 
2705 0.208630 
2706 0.208630 
2707 0.207630 
2708 0.207630 
2709 0.208193 
2710 0.208193 
2711 0.206567 
2712 0.206567 
2713 0.206473 
2714 0.206473 
2715 0.204002 
2716 0.204002 
2717 0.200500 
2718 0.200500 
2719 0.184615 
2720 0.184615 
2721 0.171826 
2722 0.171826 
2723 0.169074 
2724 0.169074 
2725 0.168136 
2726 0.168136 
2727 0.176079 
2728 0.176079 
2729 0.187054 
2730 0.187054 
2731 0.202095 
2732 0.202095 
2733 0.222233 
2734 0.222233 
2735 0.240463 
2736 0.240463 
2737 0.254159 
2738 0.254159 
2739 0.262695 
2740 0.262695 
2741 0.263258 
2742 0.263258 
2743 0.267198 
2744 0.267198 
2745 0.271639 
2746 0.271639 
2747 0.282427 
2748 0.282427 
2749 0.292933 
2750 0.292933 
2751 0.298812 
2752 0.298812 
2753 0.303877 
2754 0.303877 
2755 0.307599 
2756 0.307599 
2757 0.310694 
2758 0.310694 
2759 0.312695 
2760 0.312695 
2761 0.354409 
2762 0.354409 
2763 0.352220 
2764 0.352220 
2765 0.354847 
2766 0.354847 
2767 0.352001 
2768 0.352001 
2769 0.346967 
2770 0.346967 
2771 0.343433 
2772 0.343433 
2773 0.341182 
2774 0.341182 
2775 0.337586 
2776 0.337586 
2777 0.338712 
2778 0.338712 
2779 0.346435 
2780 0.346435 
2781 0.351470 
2782 0.351470 
2783 0.351720 
2784 0.351720 
2785 0.403283 
2786 0.403283 
2787 0.404221 
2788 0.404221 
2789 0.403252 
2790 0.403252 
2791 0.404378 
2792 0.404378 
2793 0.405097 
2794 0.405097 
2795 0.404941 
2796 0.404941 
2797 0.404002 
2798 0.404002 
2799 0.403033 
2800 0.403033 
2801 0.407661 
2802 0.407661 
2803 0.410038 
2804 0.410038 
2805 0.412351 
2806 0.412351 
2807 0.414822 
2808 0.414822 
2809 0.416354 
2810 0.416354 
2811 0.438899 
2812 0.438899 
2813 0.439056 
2814 0.439056 
2815 0.439181 
2816 0.439181 
2817 0.440932 
2818 0.440932 
2819 0.443308 
2820 0.443308 
2821 0.442777 
2822 0.442777 
2823 0.446404 
2824 0.446404 
2825 0.446623 
2826 0.446623 
2827 0.449343 
2828 0.449343 
2829 0.451782 
2830 0.451782 
2831 0.453408 
2832 0.453408 
2833 0.453283 
2834 0.453283 
2835 0.438336 
2836 0.438336 
2837 0.434084 
2838 0.434084 
2839 0.433990 
2840 0.433990 
2841 0.436241 
2842 0.436241 
2843 0.436898 
2844 0.436898 
2845 0.438618 
2846 0.438618 
2847 0.440306 
2848 0.440306 
2849 0.440775 
2850 0.440775 
2851 0.443558 
2852 0.443558 
2853 0.449625 
2854 0.449625 
2855 0.456098 
2856 0.456098 
2857 0.460851 
2858 0.460851 
2859 0.461976 
2860 0.461976 
2861 0.488993 
2862 0.488993 
2863 0.486116 
2864 0.486116 
2865 0.483709 
2866 0.483709 
2867 0.486148 
2868 0.486148 
2869 0.486679 
2870 0.486679 
2871 0.485366 
2872 0.485366 
2873 0.483552 
2874 0.483552 
2875 0.483240 
2876 0.483240 
2877 0.480081 
2878 0.480081 
2879 0.485553 
2880 0.485553 
2881 0.491151 
2882 0.491151 
2883 0.488712 
2884 0.488712 
2885 0.493934 
2886 0.493934 
2887 0.489712 
2888 0.489712 
2889 0.482958 
2890 0.482958 
2891 0.478893 
2892 0.478893 
2893 0.475203 
2894 0.475203 
2895 0.470544 
2896 0.470544 
2897 0.468887 
2898 0.468887 
2899 0.465729 
2900 0.465729 
2901 0.460194 
2902 0.460194 
2903 0.459537 
2904 0.459537 
2905 0.460069 
2906 0.460069 
2907 0.459850 
2908 0.459850 
2909 0.459975 
2910 0.459975 
2911 0.469919 
2912 0.469919 
2913 0.468856 
2914 0.468856 
2915 0.470638 
2916 0.470638 
2917 0.472420 
2918 0.472420 
2919 0.473515 
2920 0.473515 
2921 0.478143 
2922 0.478143 
2923 0.480550 
2924 0.480550 
2925 0.483458 
2926 0.483458 
2927 0.487805 
2928 0.487805 
2929 0.493871 
2930 0.493871 
2931 0.495966 
2932 0.495966 
2933 0.498186 
2934 0.498186 
2935 0.528236 
2936 0.528236 
2937 0.526673 
2938 0.526673 
2939 0.527205 
2940 0.527205 
2941 0.526266 
2942 0.526266 
2943 0.526735 
2944 0.526735 
2945 0.532802 
2946 0.532802 
2947 0.538243 
2948 0.538243 
2949 0.545497 
2950 0.545497 
2951 0.551876 
2952 0.551876 
2953 0.559256 
2954 0.559256 
2955 0.548155 
2956 0.548155 
2957 0.462164 
2958 0.462164 
2959 0.438399 
2960 0.438399 
2961 0.486335 
2962 0.486335 
2963 0.557473 
2964 0.557473 
2965 0.623483 
2966 0.623483 
2967 0.805879 
2968 0.805879 
2969 0.862164 
2970 0.862164 
2971 0.901689 
2972 0.901689 
2973 0.938993 
2974 0.938993 
2975 0.956066 
2976 0.956066 
2977 0.961945 
2978 0.961945 
2979 0.964697 
2980 0.964697 
2981 0.966635 
2982 0.966635 
2983 0.973202 
2984 0.973202 
2985 0.987586 
2986 0.987586 
2987 0.987680 
2988 0.987680 
2989 0.988055 
2990 0.988055 
2991 0.987711 
2992 0.987711 
2993 0.988993 
2994 0.988993 
2995 0.989212 
2996 0.989212 
2997 0.989181 
2998 0.989181 
2999 0.989212 
3000 0.989212 
3001 0.990306 
3002 0.990306 
3003 0.990557 
3004 0.990557 
3005 0.990025 
3006 0.990025 
3007 0.989368 
3008 0.989368 
3009 0.990619 
3010 0.990619 
3011 0.989994 
3012 0.989994 
3013 0.988680 
3014 0.988680 
3015 0.989149 
3016 0.989149 
3017 0.988243 
3018 0.988243 
3019 0.988055 
3020 0.988055 
3021 0.987117 
3022 0.987117 
3023 0.985491 
3024 0.985491 
3025 0.986023 
3026 0.986023 
3027 0.985147 
3028 0.985147 
3029 0.985053 
3030 0.985053 
3031 0.985053 
3032 0.985053 
3033 0.984084 
3034 0.984084 
3035 0.983490 
3036 0.983490 
3037 0.983552 
3038 0.983552 
3039 0.983677 
3040 0.983677 
3041 0.984115 
3042 0.984115 
3043 0.983458 
3044 0.983458 
3045 0.984084 
3046 0.984084 
3047 0.983615 
3048 0.983615 
3049 0.983802 
3050 0.983802 
3051 0.983021 
3052 0.983021 
3053 0.982771 
3054 0.982771 
3055 0.982739 
3056 0.982739 
3057 0.982364 
3058 0.982364 
3059 0.982239 
3060 0.982239 
3061 0.981363 
3062 0.981363 
3063 0.980238 
3064 0.980238 
3065 0.978956 
3066 0.978956 
3067 0.978455 
3068 0.978455 
3069 0.979737 
3070 0.979737 
3071 0.978737 
3072 0.978737 
3073 0.978768 
3074 0.978768 
3075 0.979393 
3076 0.979393 
3077 0.978205 
3078 0.978205 
3079 0.978612 
3080 0.978612 
3081 0.977830 
3082 0.977830 
3083 0.977767 
3084 0.977767 
3085 0.978549 
3086 0.978549 
3087 0.975829 
3088 0.975829 
3089 0.975485 
3090 0.975485 
3091 0.976110 
3092 0.976110 
3093 0.975672 
3094 0.975672 
3095 0.974640 
3096 0.974640 
3097 0.973640 
3098 0.973640 
3099 0.974140 
3100 0.974140 
3101 0.974140 
3102 0.974140 
3103 0.974609 
3104 0.974609 
3105 0.975641 
3106 0.975641 
3107 0.975391 
3108 0.975391 
3109 0.975391 
3110 0.975391 
3111 0.974296 
3112 0.974296 
3113 0.973984 
3114 0.973984 
3115 0.974015 
3116 0.974015 
3117 0.973452 
3118 0.973452 
3119 0.973890 
3120 0.973890 
3121 0.973139 
3122 0.973139 
3123 0.974140 
3124 0.974140 
3125 0.973515 
3126 0.973515 
3127 0.973014 
3128 0.973014 
3129 0.972764 
3130 0.972764 
3131 0.972076 
3132 0.972076 
3133 0.972889 
3134 0.972889 
3135 0.971732 
3136 0.971732 
3137 0.970607 
3138 0.970607 
3139 0.969825 
3140 0.969825 
3141 0.967386 
3142 0.967386 
3143 0.965791 
3144 0.965791 
3145 0.964071 
3146 0.964071 
3147 0.962445 
3148 0.962445 
3149 0.962570 
3150 0.962570 
3151 0.962664 
3152 0.962664 
3153 0.963196 
3154 0.963196 
3155 0.962008 
3156 0.962008 
3157 0.960944 
3158 0.960944 
3159 0.960663 
3160 0.960663 
3161 0.959819 
3162 0.959819 
3163 0.959131 
3164 0.959131 
3165 0.959256 
3166 0.959256 
3167 0.960163 
3168 0.960163 
3169 0.960256 
3170 0.960256 
3171 0.959881 
3172 0.959881 
3173 0.959600 
3174 0.959600 
3175 0.959318 
3176 0.959318 
3177 0.959787 
3178 0.959787 
3179 0.960069 
3180 0.960069 
3181 0.959225 
3182 0.959225 
3183 0.958849 
3184 0.958849 
3185 0.960382 
3186 0.960382 
3187 0.961069 
3188 0.961069 
3189 0.960413 
3190 0.960413 
3191 0.960319 
3192 0.960319 
3193 0.960131 
3194 0.960131 
3195 0.960006 
3196 0.960006 
3197 0.959694 
3198 0.959694 
3199 0.959506 
3200 0.959506 
3201 0.959725 
3202 0.959725 
3203 0.960663 
3204 0.960663 
3205 0.958943 
3206 0.958943 
3207 0.959537 
3208 0.959537 
3209 0.959819 
3210 0.959819 
3211 0.959912 
3212 0.959912 
3213 0.959287 
3214 0.959287 
3215 0.959287 
3216 0.959287 
3217 0.960194 
3218 0.960194 
3219 0.960225 
3220 0.960225 
3221 0.960413 
3222 0.960413 
3223 0.960632 
3224 0.960632 
3225 0.960600 
3226 0.960600 
3227 0.959694 
3228 0.959694 
3229 0.959662 
3230 0.959662 
3231 0.960006 
3232 0.960006 
3233 0.960194 
3234 0.960194 
3235 0.958881 
3236 0.958881 
3237 0.958161 
3238 0.958161 
3239 0.958943 
3240 0.958943 
3241 0.958974 
3242 0.958974 
3243 0.959475 
3244 0.959475 
3245 0.959256 
3246 0.959256 
3247 0.959225 
3248 0.959225 
3249 0.959068 
3250 0.959068 
3251 0.959475 
3252 0.959475 
3253 0.959381 
3254 0.959381 
3255 0.959131 
3256 0.959131 
3257 0.958881 
3258 0.958881 
3259 0.958693 
3260 0.958693 
3261 0.957380 
3262 0.957380 
3263 0.957380 
3264 0.957380 
3265 0.957849 
3266 0.957849 
3267 0.958193 
3268 0.958193 
3269 0.958286 
3270 0.958286 
3271 0.958130 
3272 0.958130 
3273 0.958474 
3274 0.958474 
3275 0.957974 
3276 0.957974 
3277 0.957442 
3278 0.957442 
3279 0.957473 
3280 0.957473 
3281 0.957567 
3282 0.957567 
3283 0.957692 
3284 0.957692 
3285 0.957380 
3286 0.957380 
3287 0.957442 
3288 0.957442 
3289 0.957630 
3290 0.957630 
3291 0.956754 
3292 0.956754 
3293 0.957661 
3294 0.957661 
3295 0.957755 
3296 0.957755 
3297 0.958005 
3298 0.958005 
3299 0.957380 
3300 0.957380 
3301 0.957505 
3302 0.957505 
3303 0.957661 
3304 0.957661 
3305 0.958068 
3306 0.958068 
3307 0.958068 
3308 0.958068 
3309 0.958099 
3310 0.958099 
3311 0.959037 
3312 0.959037 
3313 0.958630 
3314 0.958630 
3315 0.958943 
3316 0.958943 
3317 0.958286 
3318 0.958286 
3319 0.958849 
3320 0.958849 
3321 0.958724 
3322 0.958724 
3323 0.958787 
3324 0.958787 
3325 0.958224 
3326 0.958224 
3327 0.958255 
3328 0.958255 
3329 0.958349 
3330 0.958349 
3331 0.958255 
3332 0.958255 
3333 0.958161 
3334 0.958161 
3335 0.957442 
3336 0.957442 
3337 0.957536 
3338 0.957536 
3339 0.957286 
3340 0.957286 
3341 0.957161 
3342 0.957161 
3343 0.957286 
3344 0.957286 
3345 0.957161 
3346 0.957161 
3347 0.957036 
3348 0.957036 
3349 0.956692 
3350 0.956692 
3351 0.956692 
3352 0.956692 
3353 0.956098 
3354 0.956098 
3355 0.955535 
3356 0.955535 
3357 0.955754 
3358 0.955754 
3359 0.955847 
3360 0.955847 
3361 0.957442 
3362 0.957442 
3363 0.957911 
3364 0.957911 
3365 0.957974 
3366 0.957974 
3367 0.957817 
3368 0.957817 
3369 0.957599 
3370 0.957599 
3371 0.958099 
3372 0.958099 
3373 0.958537 
3374 0.958537 
3375 0.958130 
3376 0.958130 
3377 0.957942 
3378 0.957942 
3379 0.957661 
3380 0.957661 
3381 0.957817 
3382 0.957817 
3383 0.958005 
3384 0.958005 
3385 0.957599 
3386 0.957599 
3387 0.957255 
3388 0.957255 
3389 0.957567 
3390 0.957567 
3391 0.957348 
3392 0.957348 
3393 0.957974 
3394 0.957974 
3395 0.957380 
3396 0.957380 
3397 0.957599 
3398 0.957599 
3399 0.957411 
3400 0.957411 
3401 0.956879 
3402 0.956879 
3403 0.956942 
3404 0.956942 
3405 0.956973 
3406 0.956973 
3407 0.956629 
3408 0.956629 
3409 0.956723 
3410 0.956723 
3411 0.957255 
3412 0.957255 
3413 0.957129 
3414 0.957129 
3415 0.957380 
3416 0.957380 
3417 0.957161 
3418 0.957161 
3419 0.956848 
3420 0.956848 
3421 0.957129 
3422 0.957129 
3423 0.956786 
3424 0.956786 
3425 0.956848 
3426 0.956848 
3427 0.956942 
3428 0.956942 
3429 0.956911 
3430 0.956911 
3431 0.956786 
3432 0.956786 
3433 0.957536 
3434 0.957536 
3435 0.959631 
3436 0.959631 
3437 0.959944 
3438 0.959944 
3439 0.960350 
3440 0.960350 
3441 0.960163 
3442 0.960163 
3443 0.959975 
3444 0.959975 
3445 0.960038 
3446 0.960038 
3447 0.960319 
3448 0.960319 
3449 0.960819 
3450 0.960819 
3451 0.960944 
3452 0.960944 
3453 0.961195 
3454 0.961195 
3455 0.960632 
3456 0.960632 
3457 0.960475 
3458 0.960475 
3459 0.960444 
3460 0.960444 
3461 0.959037 
3462 0.959037 
3463 0.958787 
3464 0.958787 
3465 0.958474 
3466 0.958474 
3467 0.958443 
3468 0.958443 
3469 0.959881 
3470 0.959881 
3471 0.959881 
3472 0.959881 
3473 0.959537 
3474 0.959537 
3475 0.960006 
3476 0.960006 
3477 0.960131 
3478 0.960131 
3479 0.959506 
3480 0.959506 
3481 0.959756 
3482 0.959756 
3483 0.959506 
3484 0.959506 
3485 0.957974 
3486 0.957974 
3487 0.958568 
3488 0.958568 
3489 0.958662 
3490 0.958662 
3491 0.958662 
3492 0.958662 
3493 0.958224 
3494 0.958224 
3495 0.958286 
3496 0.958286 
3497 0.958630 
3498 0.958630 
3499 0.958693 
3500 0.958693 
3501 0.959756 
3502 0.959756 
3503 0.959975 
3504 0.959975 
3505 0.959381 
3506 0.959381 
3507 0.959569 
3508 0.959569 
3509 0.959412 
3510 0.959412 
3511 0.960632 
3512 0.960632 
3513 0.960694 
3514 0.960694 
3515 0.960819 
3516 0.960819 
3517 0.960694 
3518 0.960694 
3519 0.960413 
3520 0.960413 
3521 0.960382 
3522 0.960382 
3523 0.960976 
3524 0.960976 
3525 0.961007 
3526 0.961007 
3527 0.961288 
3528 0.961288 
3529 0.960976 
3530 0.960976 
3531 0.961038 
3532 0.961038 
3533 0.961069 
3534 0.961069 
3535 0.960663 
3536 0.960663 
3537 0.959881 
3538 0.959881 
3539 0.960006 
3540 0.960006 
3541 0.960288 
3542 0.960288 
3543 0.960444 
3544 0.960444 
3545 0.960006 
3546 0.960006 
3547 0.960538 
3548 0.960538 
3549 0.960225 
3550 0.960225 
3551 0.959537 
3552 0.959537 
3553 0.959162 
3554 0.959162 
3555 0.959162 
3556 0.959162 
3557 0.958693 
3558 0.958693 
3559 0.958693 
3560 0.958693 
3561 0.959131 
3562 0.959131 
3563 0.959099 
3564 0.959099 
3565 0.959662 
3566 0.959662 
3567 0.959068 
3568 0.959068 
3569 0.958224 
3570 0.958224 
3571 0.958630 
3572 0.958630 
3573 0.958286 
3574 0.958286 
3575 0.958724 
3576 0.958724 
3577 0.958630 
3578 0.958630 
3579 0.958974 
3580 0.958974 
3581 0.958912 
3582 0.958912 
3583 0.958943 
3584 0.958943 
3585 0.958881 
3586 0.958881 
3587 0.958630 
3588 0.958630 
3589 0.959068 
3590 0.959068 
3591 0.959193 
3592 0.959193 
3593 0.959037 
3594 0.959037 
3595 0.957380 
3596 0.957380 
3597 0.957692 
3598 0.957692 
3599 0.957974 
3600 0.957974 
3601 0.957974 
3602 0.957974 
3603 0.958036 
3604 0.958036 
3605 0.958286 
3606 0.958286 
3607 0.958286 
3608 0.958286 
3609 0.958693 
3610 0.958693 
3611 0.958662 
3612 0.958662 
3613 0.958881 
3614 0.958881 
3615 0.958881 
3616 0.958881 
3617 0.958568 
3618 0.958568 
3619 0.958537 
3620 0.958537 
3621 0.959006 
3622 0.959006 
3623 0.959225 
3624 0.959225 
3625 0.959256 
3626 0.959256 
3627 0.959037 
3628 0.959037 
3629 0.959099 
3630 0.959099 
3631 0.958849 
3632 0.958849 
3633 0.958849 
3634 0.958849 
3635 0.958787 
3636 0.958787 
3637 0.958693 
3638 0.958693 
3639 0.958599 
3640 0.958599 
3641 0.958755 
3642 0.958755 
3643 0.958881 
3644 0.958881 
3645 0.960475 
3646 0.960475 
3647 0.960538 
3648 0.960538 
3649 0.960382 
3650 0.960382 
3651 0.960069 
3652 0.960069 
3653 0.960163 
3654 0.960163 
3655 0.960350 
3656 0.960350 
3657 0.960038 
3658 0.960038 
3659 0.959631 
3660 0.959631 
3661 0.959569 
3662 0.959569 
3663 0.959475 
3664 0.959475 
3665 0.959694 
3666 0.959694 
3667 0.959443 
3668 0.959443 
3669 0.960976 
3670 0.960976 
3671 0.961101 
3672 0.961101 
3673 0.961163 
3674 0.961163 
3675 0.961476 
3676 0.961476 
3677 0.960913 
3678 0.960913 
3679 0.960632 
3680 0.960632 
3681 0.960225 
3682 0.960225 
3683 0.960131 
3684 0.960131 
3685 0.960006 
3686 0.960006 
3687 0.959881 
3688 0.959881 
3689 0.959850 
3690 0.959850 
3691 0.960038 
3692 0.960038 
3693 0.959819 
3694 0.959819 
3695 0.958224 
3696 0.958224 
3697 0.958474 
3698 0.958474 
3699 0.958286 
3700 0.958286 
3701 0.958380 
3702 0.958380 
3703 0.958443 
3704 0.958443 
3705 0.959131 
3706 0.959131 
3707 0.959412 
3708 0.959412 
3709 0.959193 
3710 0.959193 
3711 0.959569 
3712 0.959569 
3713 0.959725 
3714 0.959725 
3715 0.958943 
3716 0.958943 
3717 0.959381 
3718 0.959381 
3719 0.960256 
3720 0.960256 
3721 0.960038 
3722 0.960038 
3723 0.960006 
3724 0.960006 
3725 0.960632 
3726 0.960632 
3727 0.960100 
3728 0.960100 
3729 0.960163 
3730 0.960163 
3731 0.959537 
3732 0.959537 
3733 0.959256 
3734 0.959256 
3735 0.959475 
3736 0.959475 
3737 0.958849 
3738 0.958849 
3739 0.958787 
3740 0.958787 
3741 0.958943 
3742 0.958943 
3743 0.958693 
3744 0.958693 
3745 0.957536 
3746 0.957536 
3747 0.958662 
3748 0.958662 
3749 0.958662 
3750 0.958662 
3751 0.957786 
3752 0.957786 
3753 0.958224 
3754 0.958224 
3755 0.957630 
3756 0.957630 
3757 0.958224 
3758 0.958224 
3759 0.958318 
3760 0.958318 
3761 0.958224 
3762 0.958224 
3763 0.958255 
3764 0.958255 
3765 0.958130 
3766 0.958130 
3767 0.956754 
3768 0.956754 
3769 0.958787 
3770 0.958787 
3771 0.958286 
3772 0.958286 
3773 0.958161 
3774 0.958161 
3775 0.958724 
3776 0.958724 
3777 0.959162 
3778 0.959162 
3779 0.959162 
3780 0.959162 
3781 0.958537 
3782 0.958537 
3783 0.958412 
3784 0.958412 
3785 0.958380 
3786 0.958380 
3787 0.958599 
3788 0.958599 
3789 0.958568 
3790 0.958568 
3791 0.958724 
3792 0.958724 
3793 0.958505 
3794 0.958505 
3795 0.958099 
3796 0.958099 
3797 0.958630 
3798 0.958630 
3799 0.958068 
3800 0.958068 
3801 0.958068 
3802 0.958068 
3803 0.957630 
3804 0.957630 
3805 0.956754 
3806 0.956754 
3807 0.957880 
3808 0.957880 
3809 0.957380 
3810 0.957380 
3811 0.957442 
3812 0.957442 
3813 0.956817 
3814 0.956817 
3815 0.957880 
3816 0.957880 
3817 0.958099 
3818 0.958099 
3819 0.962570 
3820 0.962570 
3821 0.962320 
3822 0.962320 
3823 0.961664 
3824 0.961664 
3825 0.962008 
3826 0.962008 
3827 0.961445 
3828 0.961445 
3829 0.961382 
3830 0.961382 
3831 0.961476 
3832 0.961476 
3833 0.961757 
3834 0.961757 
3835 0.962008 
3836 0.962008 
3837 0.962008 
3838 0.962008 
3839 0.961976 
3840 0.961976 
3841 0.961976 
3842 0.961976 
3843 0.962289 
3844 0.962289 
3845 0.961382 
3846 0.961382 
3847 0.961257 
3848 0.961257 
3849 0.962101 
3850 0.962101 
3851 0.961320 
3852 0.961320 
3853 0.961820 
3854 0.961820 
3855 0.962164 
3856 0.962164 
3857 0.961851 
3858 0.961851 
3859 0.961945 
3860 0.961945 
3861 0.961632 
3862 0.961632 
3863 0.962258 
3864 0.962258 
3865 0.962039 
3866 0.962039 
3867 0.962226 
3868 0.962226 
3869 0.962008 
3870 0.962008 
3871 0.961695 
3872 0.961695 
3873 0.962351 
3874 0.962351 
3875 0.962664 
3876 0.962664 
3877 0.963039 
3878 0.963039 
3879 0.963477 
3880 0.963477 
3881 0.963665 
3882 0.963665 
3883 0.963665 
3884 0.963665 
3885 0.963978 
3886 0.963978 
3887 0.963978 
3888 0.963978 
3889 0.963071 
3890 0.963071 
3891 0.963164 
3892 0.963164 
3893 0.963634 
3894 0.963634 
3895 0.962602 
3896 0.962602 
3897 0.963071 
3898 0.963071 
3899 0.963258 
3900 0.963258 
3901 0.963164 
3902 0.963164 
3903 0.963477 
3904 0.963477 
3905 0.963727 
3906 0.963727 
3907 0.964040 
3908 0.964040 
3909 0.963852 
3910 0.963852 
3911 0.963821 
3912 0.963821 
3913 0.963321 
3914 0.963321 
3915 0.964103 
3916 0.964103 
3917 0.963978 
3918 0.963978 
3919 0.965072 
3920 0.965072 
3921 0.965041 
3922 0.965041 
3923 0.964540 
3924 0.964540 
3925 0.964540 
3926 0.964540 
3927 0.964509 
3928 0.964509 
3929 0.964853 
3930 0.964853 
3931 0.964853 
3932 0.964853 
3933 0.964572 
3934 0.964572 
3935 0.965228 
3936 0.965228 
3937 0.965166 
3938 0.965166 
3939 0.965353 
3940 0.965353 
3941 0.965103 
3942 0.965103 
3943 0.965166 
3944 0.965166 
3945 0.964071 
3946 0.964071 
3947 0.963665 
3948 0.963665 
3949 0.963227 
3950 0.963227 
3951 0.963602 
3952 0.963602 
3953 0.963383 
3954 0.963383 
3955 0.963321 
3956 0.963321 
3957 0.963759 
3958 0.963759 
3959 0.963540 
3960 0.963540 
3961 0.963759 
3962 0.963759 
3963 0.963759 
3964 0.963759 
3965 0.964009 
3966 0.964009 
3967 0.963821 
3968 0.963821 
3969 0.963133 
3970 0.963133 
3971 0.962727 
3972 0.962727 
3973 0.962477 
3974 0.962477 
3975 0.962695 
3976 0.962695 
3977 0.962320 
3978 0.962320 
3979 0.962852 
3980 0.962852 
3981 0.963321 
3982 0.963321 
3983 0.962727 
3984 0.962727 
3985 0.962633 
3986 0.962633 
3987 0.962258 
3988 0.962258 
3989 0.962195 
3990 0.962195 
3991 0.962164 
3992 0.962164 
3993 0.962039 
3994 0.962039 
3995 0.963383 
3996 0.963383 
3997 0.963008 
3998 0.963008 
3999 0.963039 
4000 0.963039 
4001 0.963884 
4002 0.963884 
4003 0.963790 
4004 0.963790 
4005 0.963540 
4006 0.963540 
4007 0.963540 
4008 0.963540 
4009 0.963978 
4010 0.963978 
4011 0.964040 
4012 0.964040 
4013 0.963884 
4014 0.963884 
4015 0.963946 
4016 0.963946 
4017 0.963759 
4018 0.963759 
4019 0.963446 
4020 0.963446 
4021 0.963696 
4022 0.963696 
4023 0.963852 
4024 0.963852 
4025 0.963978 
4026 0.963978 
4027 0.963727 
4028 0.963727 
4029 0.962821 
4030 0.962821 
4031 0.963071 
4032 0.963071 
4033 0.963696 
4034 0.963696 
4035 0.963978 
4036 0.963978 
4037 0.963352 
4038 0.963352 
4039 0.963321 
4040 0.963321 
4041 0.963727 
4042 0.963727 
4043 0.963508 
4044 0.963508 
4045 0.963133 
4046 0.963133 
4047 0.963039 
4048 0.963039 
4049 0.963008 
4050 0.963008 
4051 0.962914 
4052 0.962914 
4053 0.963039 
4054 0.963039 
4055 0.963133 
4056 0.963133 
4057 0.963102 
4058 0.963102 
4059 0.962508 
4060 0.962508 
4061 0.962914 
4062 0.962914 
4063 0.962727 
4064 0.962727 
4065 0.962570 
4066 0.962570 
4067 0.962821 
4068 0.962821 
4069 0.961601 
4070 0.961601 
4071 0.961851 
4072 0.961851 
4073 0.961538 
4074 0.961538 
4075 0.961413 
4076 0.961413 
4077 0.960851 
4078 0.960851 
4079 0.961163 
4080 0.961163 
4081 0.961226 
4082 0.961226 
4083 0.961695 
4084 0.961695 
4085 0.961382 
4086 0.961382 
4087 0.961288 
4088 0.961288 
4089 0.961820 
4090 0.961820 
4091 0.961789 
4092 0.961789 
4093 0.961601 
4094 0.961601 
4095 0.965103 
4096 0.965103 
4097 0.964540 
4098 0.964540 
4099 0.964447 
4100 0.964447 
4101 0.965166 
4102 0.965166 
4103 0.964822 
4104 0.964822 
4105 0.964353 
4106 0.964353 
4107 0.965260 
4108 0.965260 
4109 0.964259 
4110 0.964259 
4111 0.964572 
4112 0.964572 
4113 0.964884 
4114 0.964884 
4115 0.964978 
4116 0.964978 
4117 0.964822 
4118 0.964822 
4119 0.966198 
4120 0.966198 
4121 0.965916 
4122 0.965916 
4123 0.966667 
4124 0.966667 
4125 0.966354 
4126 0.966354 
4127 0.966229 
4128 0.966229 
4129 0.965791 
4130 0.965791 
4131 0.965228 
4132 0.965228 
4133 0.964978 
4134 0.964978 
4135 0.964916 
4136 0.964916 
4137 0.964478 
4138 0.964478 
4139 0.965478 
4140 0.965478 
4141 0.965572 
4142 0.965572 
4143 0.965572 
4144 0.965572 
4145 0.968574 
4146 0.968574 
4147 0.968856 
4148 0.968856 
4149 0.967730 
4150 0.967730 
4151 0.968355 
4152 0.968355 
4153 0.968730 
4154 0.968730 
4155 0.968730 
4156 0.968730 
4157 0.968824 
4158 0.968824 
4159 0.968324 
4160 0.968324 
4161 0.967386 
4162 0.967386 
4163 0.967573 
4164 0.967573 
4165 0.967417 
4166 0.967417 
4167 0.966698 
4168 0.966698 
4169 0.964791 
4170 0.964791 
4171 0.965385 
4172 0.965385 
4173 0.964509 
4174 0.964509 
4175 0.965041 
4176 0.965041 
4177 0.964384 
4178 0.964384 
4179 0.964478 
4180 0.964478 
4181 0.964978 
4182 0.964978 
4183 0.964509 
4184 0.964509 
4185 0.965228 
4186 0.965228 
4187 0.965322 
4188 0.965322 
4189 0.966917 
4190 0.966917 
4191 0.968230 
4192 0.968230 
4193 0.969043 
4194 0.969043 
4195 0.972420 
4196 0.972420 
4197 0.971263 
4198 0.971263 
4199 0.971482 
4200 0.971482 
4201 0.970794 
4202 0.970794 
4203 0.973202 
4204 0.973202 
4205 0.972827 
4206 0.972827 
4207 0.972608 
4208 0.972608 
4209 0.974797 
4210 0.974797 
4211 0.973640 
4212 0.973640 
4213 0.975516 
4214 0.975516 
4215 0.975109 
4216 0.975109 
4217 0.974891 
4218 0.974891 
4219 0.976423 
4220 0.976423 
4221 0.977455 
4222 0.977455 
4223 0.976454 
4224 0.976454 
4225 0.977298 
4226 0.977298 
4227 0.976360 
4228 0.976360 
4229 0.976548 
4230 0.976548 
4231 0.976986 
4232 0.976986 
4233 0.975922 
4234 0.975922 
4235 0.977423 
4236 0.977423 
4237 0.977830 
4238 0.977830 
4239 0.980488 
4240 0.980488 
4241 0.979393 
4242 0.979393 
4243 0.976204 
4244 0.976204 
4245 0.974609 
4246 0.974609 
4247 0.975735 
4248 0.975735 
4249 0.976892 
4250 0.976892 
4251 0.976391 
4252 0.976391 
4253 0.974547 
4254 0.974547 
4255 0.977736 
4256 0.977736 
4257 0.978299 
4258 0.978299 
4259 0.979456 
4260 0.979456 
4261 0.978643 
4262 0.978643 
4263 0.977986 
4264 0.977986 
4265 0.979331 
4266 0.979331 
4267 0.979956 
4268 0.979956 
4269 0.981551 
4270 0.981551 
4271 0.981989 
4272 0.981989 
4273 0.980613 
4274 0.980613 
4275 0.981989 
4276 0.981989 
4277 0.984772 
4278 0.984772 
4279 0.985335 
4280 0.985335 
4281 0.983521 
4282 0.983521 
4283 0.983396 
4284 0.983396 
4285 0.983365 
4286 0.983365 
4287 0.984553 
4288 0.984553 
4289 0.982771 
4290 0.982771 
4291 0.983302 
4292 0.983302 
4293 0.983052 
4294 0.983052 
4295 0.985553 
4296 0.985553 
4297 0.986429 
4298 0.986429 
4299 0.986148 
4300 0.986148 
4301 0.986148 
4302 0.986148 
4303 0.989212 
4304 0.989212 
4305 0.988180 
4306 0.988180 
4307 0.986023 
4308 0.986023 
4309 0.985272 
4310 0.985272 
4311 0.986366 
4312 0.986366 
4313 0.987211 
4314 0.987211 
4315 0.985585 
4316 0.985585 
4317 0.985491 
4318 0.985491 
4319 0.985710 
4320 0.985710 
4321 0.986929 
4322 0.986929 
4323 0.986648 
4324 0.986648 
4325 0.986585 
4326 0.986585 
4327 0.986366 
4328 0.986366 
4329 0.985553 
4330 0.985553 
4331 0.984178 
4332 0.984178 
4333 0.984397 
4334 0.984397 
4335 0.984647 
4336 0.984647 
4337 0.985053 
4338 0.985053 
4339 0.985553 
4340 0.985553 
4341 0.983146 
4342 0.983146 
4343 0.984303 
4344 0.984303 
4345 0.983365 
4346 0.983365 
4347 0.983896 
4348 0.983896 
4349 0.984084 
4350 0.984084 
4351 0.984959 
4352 0.984959 
4353 0.985929 
4354 0.985929 
4355 0.986492 
4356 0.986492 
4357 0.985960 
4358 0.985960 
4359 0.988118 
4360 0.988118 
4361 0.986929 
4362 0.986929 
4363 0.987461 
4364 0.987461 
4365 0.987805 
4366 0.987805 
4367 0.984772 
4368 0.984772 
4369 0.984647 
4370 0.984647 
4371 0.985428 
4372 0.985428 
4373 0.984647 
4374 0.984647 
4375 0.982301 
4376 0.982301 
4377 0.983646 
4378 0.983646 
4379 0.980550 
4380 0.980550 
4381 0.976767 
4382 0.976767 
4383 0.973702 
4384 0.973702 
4385 0.973734 
4386 0.973734 
4387 0.974015 
4388 0.974015 
4389 0.972608 
4390 0.972608 
4391 0.969950 
4392 0.969950 
4393 0.961757 
4394 0.961757 
4395 0.943684 
4396 0.943684 
4397 0.934209 
4398 0.934209 
4399 0.920200 
4400 0.920200 
4401 0.902595 
4402 0.902595 
4403 0.892245 
4404 0.892245 
4405 0.883959 
4406 0.883959 
4407 0.886023 
4408 0.886023 
4409 0.863852 
4410 0.863852 
4411 0.823077 
4412 0.823077 
4413 0.836398 
4414 0.836398 
4415 0.860600 
4416 0.860600 
4417 0.940213 
4418 0.940213 
4419 0.974922 
4420 0.974922 
4421 0.985647 
4422 0.985647 
4423 0.984178 
4424 0.984178 
4425 0.985522 
4426 0.985522 
4427 0.985335 
4428 0.985335 
4429 0.982208 
4430 0.982208 
4431 0.979800 
4432 0.979800 
4433 0.980019 
4434 0.980019 
4435 0.978393 
4436 0.978393 
4437 0.978111 
4438 0.978111 
4439 0.976141 
4440 0.976141 
4441 0.977017 
4442 0.977017 
4443 0.973671 
4444 0.973671 
4445 0.973077 
4446 0.973077 
4447 0.972483 
4448 0.972483 
4449 0.970919 
4450 0.970919 
4451 0.967730 
4452 0.967730 
4453 0.965228 
4454 0.965228 
4455 0.964447 
4456 0.964447 
4457 0.962414 
4458 0.962414 
4459 0.958755 
4460 0.958755 
4461 0.956973 
4462 0.956973 
4463 0.953502 
4464 0.953502 
4465 0.949343 
4466 0.949343 
4467 0.949062 
4468 0.949062 
4469 0.946123 
4470 0.946123 
4471 0.955253 
4472 0.955253 
4473 0.959881 
4474 0.959881 
4475 0.960538 
4476 0.960538 
4477 0.966354 
4478 0.966354 
4479 0.965979 
4480 0.965979 
4481 0.970857 
4482 0.970857 
4483 0.960194 
4484 0.960194 
4485 0.957661 
4486 0.957661 
4487 0.939744 
4488 0.939744 
4489 0.928987 
4490 0.928987 
4491 0.927079 
4492 0.927079 
4493 0.933114 
4494 0.933114 
4495 0.925109 
4496 0.925109 
4497 0.929393 
4498 0.929393 
4499 0.936429 
4500 0.936429 
4501 0.946467 
4502 0.946467 
4503 0.960913 
4504 0.960913 
4505 0.966854 
4506 0.966854 
4507 0.978361 
4508 0.978361 
4509 0.979675 
4510 0.979675 
4511 0.980394 
4512 0.980394 
4513 0.979393 
4514 0.979393 
4515 0.982739 
4516 0.982739 
4517 0.981895 
4518 0.981895 
4519 0.980206 
4520 0.980206 
4521 0.981207 
4522 0.981207 
4523 0.981270 
4524 0.981270 
4525 0.983834 
4526 0.983834 
4527 0.982958 
4528 0.982958 
4529 0.982395 
4530 0.982395 
4531 0.983771 
4532 0.983771 
4533 0.983177 
4534 0.983177 
4535 0.983333 
4536 0.983333 
4537 0.981707 
4538 0.981707 
4539 0.983052 
4540 0.983052 
4541 0.981238 
4542 0.981238 
4543 0.982552 
4544 0.982552 
4545 0.982614 
4546 0.982614 
4547 0.981770 
4548 0.981770 
4549 0.982896 
4550 0.982896 
4551 0.980738 
4552 0.980738 
4553 0.979174 
4554 0.979174 
4555 0.978893 
4556 0.978893 
4557 0.978799 
4558 0.978799 
4559 0.980957 
4560 0.980957 
4561 0.978768 
4562 0.978768 
4563 0.980238 
4564 0.980238 
4565 0.979769 
4566 0.979769 
4567 0.980801 
4568 0.980801 
4569 0.981520 
4570 0.981520 
4571 0.982083 
4572 0.982083 
4573 0.980707 
4574 0.980707 
4575 0.982051 
4576 0.982051 
4577 0.983427 
4578 0.983427 
4579 0.983834 
4580 0.983834 
4581 0.983615 
4582 0.983615 
4583 0.982677 
4584 0.982677 
4585 0.982583 
4586 0.982583 
4587 0.981019 
4588 0.981019 
4589 0.978674 
4590 0.978674 
4591 0.978143 
4592 0.978143 
4593 0.979518 
4594 0.979518 
4595 0.980300 
4596 0.980300 
4597 0.978737 
4598 0.978737 
4599 0.980081 
4600 0.980081 
4601 0.978674 
4602 0.978674 
4603 0.975328 
4604 0.975328 
4605 0.974891 
4606 0.974891 
4607 0.976735 
4608 0.976735 
4609 0.976485 
4610 0.976485 
4611 0.977205 
4612 0.977205 
4613 0.977142 
4614 0.977142 
4615 0.978487 
4616 0.978487 
4617 0.980707 
4618 0.980707 
4619 0.980300 
4620 0.980300 
4621 0.981176 
4622 0.981176 
4623 0.978549 
4624 0.978549 
4625 0.979675 
4626 0.979675 
4627 0.979143 
4628 0.979143 
4629 0.981551 
4630 0.981551 
4631 0.981520 
4632 0.981520 
4633 0.982489 
4634 0.982489 
4635 0.983114 
4636 0.983114 
4637 0.983177 
4638 0.983177 
4639 0.984834 
4640 0.984834 
4641 0.981457 
4642 0.981457 
4643 0.981551 
4644 0.981551 
4645 0.980832 
4646 0.980832 
4647 0.982645 
4648 0.982645 
4649 0.981520 
4650 0.981520 
4651 0.982051 
4652 0.982051 
4653 0.982427 
4654 0.982427 
4655 0.980457 
4656 0.980457 
4657 0.981363 
4658 0.981363 
4659 0.984115 
4660 0.984115 
4661 0.984522 
4662 0.984522 
4663 0.987586 
4664 0.987586 
4665 0.986710 
4666 0.986710 
4667 0.987148 
4668 0.987148 
4669 0.986116 
4670 0.986116 
4671 0.987993 
4672 0.987993 
4673 0.987836 
4674 0.987836 
4675 0.985428 
4676 0.985428 
4677 0.983677 
4678 0.983677 
4679 0.979769 
4680 0.979769 
4681 0.982208 
4682 0.982208 
4683 0.980738 
4684 0.980738 
4685 0.979456 
4686 0.979456 
4687 0.977767 
4688 0.977767 
4689 0.971326 
4690 0.971326 
4691 0.970294 
4692 0.970294 
4693 0.964884 
4694 0.964884 
4695 0.961601 
4696 0.961601 
4697 0.963790 
4698 0.963790 
4699 0.967917 
4700 0.967917 
4701 0.968011 
4702 0.968011 
4703 0.970857 
4704 0.970857 
4705 0.971107 
4706 0.971107 
4707 0.970450 
4708 0.970450 
4709 0.970794 
4710 0.970794 
4711 0.980394 
4712 0.980394 
4713 0.983834 
4714 0.983834 
4715 0.982958 
4716 0.982958 
4717 0.986523 
4718 0.986523 
4719 0.986023 
4720 0.986023 
4721 0.987492 
4722 0.987492 
4723 0.986617 
4724 0.986617 
4725 0.986366 
4726 0.986366 
4727 0.984584 
4728 0.984584 
4729 0.983208 
4730 0.983208 
4731 0.981238 
4732 0.981238 
4733 0.981895 
4734 0.981895 
4735 0.981301 
4736 0.981301 
4737 0.982739 
4738 0.982739 
4739 0.984866 
4740 0.984866 
4741 0.985835 
4742 0.985835 
4743 0.985335 
4744 0.985335 
4745 0.985616 
4746 0.985616 
4747 0.983208 
4748 0.983208 
4749 0.960413 
4750 0.960413 
4751 0.948906 
4752 0.948906 
4753 0.845185 
4754 0.845185 
4755 0.730832 
4756 0.730832 
4757 0.635053 
4758 0.635053 
4759 0.395403 
4760 0.395403 
4761 0.323546 
4762 0.323546 
4763 0.289775 
4764 0.289775 
4765 0.250375 
4766 0.250375 
4767 0.227455 
4768 0.227455 
4769 0.175235 
4770 0.175235 
4771 0.158193 
4772 0.158193 
4773 0.136898 
4774 0.136898 
4775 0.123139 
4776 0.123139 
4777 0.102971 
4778 0.102971 
4779 0.091276 
4780 0.091276 
4781 0.076485 
4782 0.076485 
4783 0.059006 
4784 0.059006 
4785 0.055879 
4786 0.055879 
4787 0.054565 
4788 0.054565 
4789 0.053502 
4790 0.053502 
4791 0.052533 
4792 0.052533 
4793 0.052470 
4794 0.052470 
4795 0.048624 
4796 0.048624 
4797 0.048624 
4798 0.048624 
4799 0.047373 
4800 0.047373 
4801 0.046748 
4802 0.046748 
4803 0.045435 
4804 0.045435 
4805 0.045310 
4806 0.045310 
4807 0.045435 
4808 0.045435 
4809 0.044809 
4810 0.044809 
4811 0.046779 
4812 0.046779 
4813 0.048343 
4814 0.048343 
4815 0.051345 
4816 0.051345 
4817 0.054346 
4818 0.054346 
4819 0.078487 
4820 0.078487 
4821 0.077079 
4822 0.077079 
4823 0.079049 
4824 0.079049 
4825 0.078643 
4826 0.078643 
4827 0.079737 
4828 0.079737 
4829 0.079987 
4830 0.079987 
4831 0.080206 
4832 0.080206 
4833 0.081301 
4834 0.081301 
4835 0.081332 
4836 0.081332 
4837 0.082051 
4838 0.082051 
4839 0.083771 
4840 0.083771 
4841 0.085366 
4842 0.085366 
4843 0.085835 
4844 0.085835 
4845 0.086773 
4846 0.086773 
4847 0.087086 
4848 0.087086 
4849 0.088618 
4850 0.088618 
4851 0.089962 
4852 0.089962 
4853 0.091776 
4854 0.091776 
4855 0.093527 
4856 0.093527 
4857 0.093277 
4858 0.093277 
4859 0.088806 
4860 0.088806 
4861 0.089900 
4862 0.089900 
4863 0.090650 
4864 0.090650 
4865 0.089431 
4866 0.089431 
4867 0.091057 
4868 0.091057 
4869 0.092245 
4870 0.092245 
4871 0.093777 
4872 0.093777 
4873 0.095685 
4874 0.095685 
4875 0.095466 
4876 0.095466 
4877 0.095310 
4878 0.095310 
4879 0.096842 
4880 0.096842 
4881 0.097561 
4882 0.097561 
4883 0.089681 
4884 0.089681 
4885 0.088962 
4886 0.088962 
4887 0.088993 
4888 0.088993 
4889 0.088305 
4890 0.088305 
4891 0.088555 
4892 0.088555 
4893 0.089525 
4894 0.089525 
4895 0.090588 
4896 0.090588 
4897 0.092558 
4898 0.092558 
4899 0.092808 
4900 0.092808 
4901 0.095153 
4902 0.095153 
4903 0.094903 
4904 0.094903 
4905 0.094841 
4906 0.094841 
4907 0.095591 
4908 0.095591 
4909 0.081739 
4910 0.081739 
4911 0.080801 
4912 0.080801 
4913 0.080144 
4914 0.080144 
4915 0.082552 
4916 0.082552 
4917 0.116291 
4918 0.116291 
4919 0.147373 
4920 0.147373 
4921 0.173046 
4922 0.173046 
4923 0.181426 
4924 0.181426 
4925 0.193277 
4926 0.193277 
4927 0.213164 
4928 0.213164 
4929 0.244059 
4930 0.244059 
4931 0.263852 
4932 0.263852 
4933 0.289056 
4934 0.289056 
4935 0.352627 
4936 0.352627 
4937 0.378612 
4938 0.378612 
4939 0.489994 
4940 0.489994 
4941 0.571826 
4942 0.571826 
4943 0.627736 
4944 0.627736 
4945 0.678143 
4946 0.678143 
4947 0.710882 
4948 0.710882 
4949 0.721764 
4950 0.721764 
4951 0.730238 
4952 0.730238 
4953 0.728705 
4954 0.728705 
4955 0.665854 
4956 0.665854 
4957 0.562477 
4958 0.562477 
4959 0.222264 
4960 0.222264 
4961 0.148374 
4962 0.148374 
4963 0.111726 
4964 0.111726 
4965 0.080488 
4966 0.080488 
4967 0.094278 
4968 0.094278 
4969 0.125547 
4970 0.125547 
4971 0.179612 
4972 0.179612 
4973 0.222201 
4974 0.222201 
4975 0.252033 
4976 0.252033 
4977 0.283114 
4978 0.283114 
4979 0.293871 
4980 0.293871 
4981 0.298687 
4982 0.298687 
4983 0.309568 
4984 0.309568 
4985 0.306379 
4986 0.306379 
4987 0.303064 
4988 0.303064 
4989 0.292871 
4990 0.292871 
4991 0.275735 
4992 0.275735 
4993 0.265666 
4994 0.265666 
4995 0.240775 
4996 0.240775 
4997 0.227580 
4998 0.227580 
4999 0.214071 
5000 0.214071 
5001 0.183271 
5002 0.183271 
5003 0.155159 
5004 0.155159 
5005 0.135147 
5006 0.135147 
5007 0.107067 
5008 0.107067 
5009 0.113446 
5010 0.113446 
5011 0.104628 
5012 0.104628 
5013 0.091526 
5014 0.091526 
5015 0.086366 
5016 0.086366 
5017 0.080738 
5018 0.080738 
5019 0.080331 
5020 0.080331 
5021 0.099562 
5022 0.099562 
5023 0.110725 
5024 0.110725 
5025 0.113696 
5026 0.113696 
5027 0.117573 
5028 0.117573 
5029 0.115072 
5030 0.115072 
5031 0.108380 
5032 0.108380 
5033 0.105034 
5034 0.105034 
5035 0.102283 
5036 0.102283 
5037 0.101470 
5038 0.101470 
5039 0.100532 
5040 0.100532 
5041 0.101126 
5042 0.101126 
5043 0.094809 
5044 0.094809 
5045 0.093246 
5046 0.093246 
5047 0.095528 
5048 0.095528 
5049 0.109944 
5050 0.109944 
5051 0.131019 
5052 0.131019 
5053 0.150094 
5054 0.150094 
5055 0.180300 
5056 0.180300 
5057 0.208099 
5058 0.208099 
5059 0.258505 
5060 0.258505 
5061 0.298437 
5062 0.298437 
5063 0.344465 
5064 0.344465 
5065 0.380675 
5066 0.380675 
5067 0.449250 
5068 0.449250 
5069 0.500719 
5070 0.500719 
5071 0.544121 
5072 0.544121 
5073 0.587711 
5074 0.587711 
5075 0.616948 
5076 0.616948 
5077 0.637054 
5078 0.637054 
5079 0.658630 
5080 0.658630 
5081 0.682958 
5082 0.682958 
5083 0.728862 
5084 0.728862 
5085 0.682927 
5086 0.682927 
5087 0.596154 
5088 0.596154 
5089 0.435272 
5090 0.435272 
5091 0.345310 
5092 0.345310 
5093 0.329237 
5094 0.329237 
5095 0.311445 
5096 0.311445 
5097 0.291870 
5098 0.291870 
5099 0.280550 
5100 0.280550 
5101 0.274578 
5102 0.274578 
5103 0.269575 
5104 0.269575 
5105 0.264321 
5106 0.264321 
5107 0.272233 
5108 0.272233 
5109 0.355347 
5110 0.355347 
5111 0.342652 
5112 0.342652 
5113 0.323890 
5114 0.323890 
5115 0.306004 
5116 0.306004 
5117 0.294278 
5118 0.294278 
5119 0.290932 
5120 0.290932 
5121 0.289400 
5122 0.289400 
5123 0.291401 
5124 0.291401 
5125 0.298499 
5126 0.298499 
5127 0.305097 
5128 0.305097 
5129 0.305410 
5130 0.305410 
5131 0.305972 
5132 0.305972 
5133 0.404503 
5134 0.404503 
5135 0.403096 
5136 0.403096 
5137 0.403784 
5138 0.403784 
5139 0.405066 
5140 0.405066 
5141 0.403189 
5142 0.403189 
5143 0.401345 
5144 0.401345 
5145 0.400469 
5146 0.400469 
5147 0.400094 
5148 0.400094 
5149 0.401438 
5150 0.401438 
5151 0.401157 
5152 0.401157 
5153 0.398937 
5154 0.398937 
5155 0.399468 
5156 0.399468 
5157 0.399562 
5158 0.399562 
5159 0.374203 
5160 0.374203 
5161 0.372045 
5162 0.372045 
5163 0.374296 
5164 0.374296 
5165 0.374234 
5166 0.374234 
5167 0.373233 
5168 0.373233 
5169 0.375047 
5170 0.375047 
5171 0.376204 
5172 0.376204 
5173 0.378893 
5174 0.378893 
5175 0.381426 
5176 0.381426 
5177 0.383802 
5178 0.383802 
5179 0.385897 
5180 0.385897 
5181 0.385522 
5182 0.385522 
5183 0.317761 
5184 0.317761 
5185 0.319231 
5186 0.319231 
5187 0.323483 
5188 0.323483 
5189 0.325641 
5190 0.325641 
5191 0.327642 
5192 0.327642 
5193 0.327298 
5194 0.327298 
5195 0.295654 
5196 0.295654 
5197 0.295841 
5198 0.295841 
5199 0.298687 
5200 0.298687 
5201 0.304753 
5202 0.304753 
5203 0.307098 
5204 0.307098 
5205 0.311382 
5206 0.311382 
5207 0.312226 
5208 0.312226 
5209 0.313446 
5210 0.313446 
5211 0.315322 
5212 0.315322 
5213 0.315666 
5214 0.315666 
5215 0.316542 
5216 0.316542 
5217 0.316573 
5218 0.316573 
5219 0.000532 
5220 0.000532 
5221 0.028705 
5222 0.028705 
5223 0.068105 
5224 0.068105 
5225 0.090838 
5226 0.090838 
5227 0.110131 
5228 0.110131 
5229 0.124891 
5230 0.124891 
5231 0.148249 
5232 0.148249 
5233 0.168605 
5234 0.168605 
5235 0.182333 
5236 0.182333 
5237 0.193558 
5238 0.193558 
5239 0.205347 
5240 0.205347 
5241 0.214509 
5242 0.214509 
5243 0.224859 
5244 0.224859 
5245 0.318199 
5246 0.318199 
5247 0.319919 
5248 0.319919 
5249 0.322639 
5250 0.322639 
5251 0.329737 
5252 0.329737 
5253 0.335991 
5254 0.335991 
5255 0.340025 
5256 0.340025 
5257 0.357129 
5258 0.357129 
5259 0.373483 
5260 0.373483 
5261 0.396341 
5262 0.396341 
5263 0.426548 
5264 0.426548 
5265 0.438931 
5266 0.438931 
5267 0.414572 
5268 0.414572 
5269 0.196279 
5270 0.196279 
5271 0.207004 
5272 0.207004 
5273 0.211445 
5274 0.211445 
5275 0.220231 
5276 0.220231 
5277 0.221232 
5278 0.221232 
5279 0.222952 
5280 0.222952 
5281 0.223890 
5282 0.223890 
5283 0.217636 
5284 0.217636 
5285 0.218199 
5286 0.218199 
5287 0.217480 
5288 0.217480 
5289 0.239400 
5290 0.239400 
5291 0.275016 
5292 0.275016 
5293 0.327548 
5294 0.327548 
5295 0.381395 
5296 0.381395 
5297 0.450563 
5298 0.450563 
5299 0.517073 
5300 0.517073 
5301 0.558005 
5302 0.558005 
5303 0.644153 
5304 0.644153 
5305 0.706004 
5306 0.706004 
5307 0.739837 
5308 0.739837 
5309 0.772201 
5310 0.772201 
5311 0.805066 
5312 0.805066 
5313 0.823546 
5314 0.823546 
5315 0.836992 
5316 0.836992 
5317 0.855691 
5318 0.855691 
5319 0.926861 
5320 0.926861 
5321 0.928143 
5322 0.928143 
5323 0.933052 
5324 0.933052 
5325 0.935866 
5326 0.935866 
5327 0.939118 
5328 0.939118 
5329 0.940244 
5330 0.940244 
5331 0.942276 
5332 0.942276 
5333 0.942339 
5334 0.942339 
5335 0.945059 
5336 0.945059 
5337 0.946216 
5338 0.946216 
5339 0.947092 
5340 0.947092 
5341 0.947498 
5342 0.947498 
5343 0.947029 
5344 0.947029 
5345 0.896748 
5346 0.896748 
5347 0.905660 
5348 0.905660 
5349 0.910381 
5350 0.910381 
5351 0.913727 
5352 0.913727 
5353 0.919700 
5354 0.919700 
5355 0.921420 
5356 0.921420 
5357 0.923608 
5358 0.923608 
5359 0.927580 
5360 0.927580 
5361 0.928487 
5362 0.928487 
5363 0.887398 
5364 0.887398 
5365 0.858974 
5366 0.858974 
5367 0.749093 
5368 0.749093 
5369 0.617886 
5370 0.617886 
5371 0.625078 
5372 0.625078 
5373 0.618324 
5374 0.618324 
5375 0.616948 
5376 0.616948 
5377 0.606035 
5378 0.606035 
5379 0.591995 
5380 0.591995 
5381 0.576173 
5382 0.576173 
5383 0.553971 
5384 0.553971 
5385 0.544903 
5386 0.544903 
5387 0.550438 
5388 0.550438 
5389 0.559131 
5390 0.559131 
5391 0.560194 
5392 0.560194 
5393 0.567355 
5394 0.567355 
5395 0.580206 
5396 0.580206 
5397 0.587899 
5398 0.587899 
5399 0.589431 
5400 0.589431 
5401 0.584021 
5402 0.584021 
5403 0.576954 
5404 0.576954 
5405 0.570075 
5406 0.570075 
5407 0.564665 
5408 0.564665 
5409 0.561194 
5410 0.561194 
5411 0.555191 
5412 0.555191 
5413 0.548374 
5414 0.548374 
5415 0.548061 
5416 0.548061 
5417 0.555660 
5418 0.555660 
5419 0.568824 
5420 0.568824 
5421 0.581082 
5422 0.581082 
5423 0.594997 
5424 0.594997 
5425 0.615979 
5426 0.615979 
5427 0.622733 
5428 0.622733 
5429 0.628737 
5430 0.628737 
5431 0.644309 
5432 0.644309 
5433 0.652814 
5434 0.652814 
5435 0.670231 
5436 0.670231 
5437 0.684866 
5438 0.684866 
5439 0.692652 
5440 0.692652 
5441 0.700188 
5442 0.700188 
5443 0.709225 
5444 0.709225 
5445 0.721169 
5446 0.721169 
5447 0.723765 
5448 0.723765 
5449 0.727392 
5450 0.727392 
5451 0.730863 
5452 0.730863 
5453 0.733990 
5454 0.733990 
5455 0.736929 
5456 0.736929 
5457 0.739243 
5458 0.739243 
5459 0.736304 
5460 0.736304 
5461 0.740775 
5462 0.740775 
5463 0.750625 
5464 0.750625 
5465 0.765072 
5466 0.765072 
5467 0.771576 
5468 0.771576 
5469 0.830769 
5470 0.830769 
5471 0.830675 
5472 0.830675 
5473 0.830019 
5474 0.830019 
5475 0.829456 
5476 0.829456 
5477 0.832020 
5478 0.832020 
5479 0.837398 
5480 0.837398 
5481 0.837023 
5482 0.837023 
5483 0.839400 
5484 0.839400 
5485 0.844653 
5486 0.844653 
5487 0.846623 
5488 0.846623 
5489 0.848093 
5490 0.848093 
5491 0.851626 
5492 0.851626 
5493 0.856848 
5494 0.856848 
5495 0.912570 
5496 0.912570 
5497 0.929237 
5498 0.929237 
5499 0.964103 
5500 0.964103 
5501 0.972983 
5502 0.972983 
5503 0.974734 
5504 0.974734 
5505 0.975016 
5506 0.975016 
5507 0.975516 
5508 0.975516 
5509 0.975297 
5510 0.975297 
5511 0.976204 
5512 0.976204 
5513 0.977048 
5514 0.977048 
5515 0.976861 
5516 0.976861 
5517 0.979081 
5518 0.979081 
5519 0.980300 
5520 0.980300 
5521 0.980863 
5522 0.980863 
5523 0.981395 
5524 0.981395 
5525 0.979831 
5526 0.979831 
5527 0.978174 
5528 0.978174 
5529 0.978862 
5530 0.978862 
5531 0.979174 
5532 0.979174 
5533 0.978299 
5534 0.978299 
5535 0.978143 
5536 0.978143 
5537 0.977486 
5538 0.977486 
5539 0.977392 
5540 0.977392 
5541 0.977330 
5542 0.977330 
5543 0.977674 
5544 0.977674 
5545 0.977892 
5546 0.977892 
5547 0.978299 
5548 0.978299 
5549 0.977580 
5550 0.977580 
5551 0.977236 
5552 0.977236 
5553 0.976798 
5554 0.976798 
5555 0.976173 
5556 0.976173 
5557 0.976423 
5558 0.976423 
5559 0.975891 
5560 0.975891 
5561 0.975547 
5562 0.975547 
5563 0.975954 
5564 0.975954 
5565 0.974453 
5566 0.974453 
5567 0.973827 
5568 0.973827 
5569 0.971295 
5570 0.971295 
5571 0.970325 
5572 0.970325 
5573 0.971607 
5574 0.971607 
5575 0.971138 
5576 0.971138 
5577 0.969762 
5578 0.969762 
5579 0.969106 
5580 0.969106 
5581 0.969794 
5582 0.969794 
5583 0.970419 
5584 0.970419 
5585 0.969606 
5586 0.969606 
5587 0.969199 
5588 0.969199 
5589 0.969043 
5590 0.969043 
5591 0.967917 
5592 0.967917 
5593 0.969825 
5594 0.969825 
5595 0.969856 
5596 0.969856 
5597 0.970388 
5598 0.970388 
5599 0.969637 
5600 0.969637 
5601 0.970419 
5602 0.970419 
5603 0.969074 
5604 0.969074 
5605 0.968730 
5606 0.968730 
5607 0.969450 
5608 0.969450 
5609 0.970513 
5610 0.970513 
5611 0.968949 
5612 0.968949 
5613 0.969137 
5614 0.969137 
5615 0.968543 
5616 0.968543 
5617 0.967542 
5618 0.967542 
5619 0.966323 
5620 0.966323 
5621 0.965822 
5622 0.965822 
5623 0.966229 
5624 0.966229 
5625 0.966166 
5626 0.966166 
5627 0.965604 
5628 0.965604 
5629 0.966698 
5630 0.966698 
5631 0.966166 
5632 0.966166 
5633 0.966479 
5634 0.966479 
5635 0.968449 
5636 0.968449 
5637 0.968261 
5638 0.968261 
5639 0.968261 
5640 0.968261 
5641 0.968856 
5642 0.968856 
5643 0.969106 
5644 0.969106 
5645 0.968480 
5646 0.968480 
5647 0.968887 
5648 0.968887 
5649 0.969074 
5650 0.969074 
5651 0.969262 
5652 0.969262 
5653 0.970012 
5654 0.970012 
5655 0.970138 
5656 0.970138 
5657 0.968856 
5658 0.968856 
5659 0.970325 
5660 0.970325 
5661 0.969606 
5662 0.969606 
5663 0.969794 
5664 0.969794 
5665 0.969856 
5666 0.969856 
5667 0.970482 
5668 0.970482 
5669 0.971388 
5670 0.971388 
5671 0.971357 
5672 0.971357 
5673 0.972076 
5674 0.972076 
5675 0.972670 
5676 0.972670 
5677 0.971826 
5678 0.971826 
5679 0.972702 
5680 0.972702 
5681 0.972608 
5682 0.972608 
5683 0.972045 
5684 0.972045 
5685 0.972014 
5686 0.972014 
5687 0.971826 
5688 0.971826 
5689 0.972170 
5690 0.972170 
5691 0.971826 
5692 0.971826 
5693 0.971732 
5694 0.971732 
5695 0.972889 
5696 0.972889 
5697 0.972983 
5698 0.972983 
5699 0.973296 
5700 0.973296 
5701 0.972733 
5702 0.972733 
5703 0.972514 
5704 0.972514 
5705 0.973171 
5706 0.973171 
5707 0.972889 
5708 0.972889 
5709 0.972764 
5710 0.972764 
5711 0.973265 
5712 0.973265 
5713 0.973577 
5714 0.973577 
5715 0.973921 
5716 0.973921 
5717 0.973640 
5718 0.973640 
5719 0.973577 
5720 0.973577 
5721 0.973734 
5722 0.973734 
5723 0.973765 
5724 0.973765 
5725 0.973483 
5726 0.973483 
5727 0.973390 
5728 0.973390 
5729 0.972952 
5730 0.972952 
5731 0.972921 
5732 0.972921 
5733 0.972827 
5734 0.972827 
5735 0.972858 
5736 0.972858 
Time taken: 391.343035
