1 0.163381 
2 0.163381 
3 0.177094 
4 0.177094 
5 0.197711 
6 0.197711 
7 0.227921 
8 0.227921 
9 0.247090 
10 0.247090 
11 0.258610 
12 0.258610 
13 0.265007 
14 0.265007 
15 0.264102 
16 0.264102 
17 0.268508 
18 0.268508 
19 0.269051 
20 0.269051 
21 0.267402 
22 0.267402 
23 0.267861 
24 0.267861 
25 0.269727 
26 0.269727 
27 0.273485 
28 0.273485 
29 0.274592 
30 0.274592 
31 0.279750 
32 0.279750 
33 0.281546 
34 0.281546 
35 0.287184 
36 0.287184 
37 0.287943 
38 0.287943 
39 0.286293 
40 0.286293 
41 0.285353 
42 0.285353 
43 0.279423 
44 0.279423 
45 0.281852 
46 0.281852 
47 0.280543 
48 0.280543 
49 0.279729 
50 0.279729 
51 0.275922 
52 0.275922 
53 0.273931 
54 0.273931 
55 0.271989 
56 0.271989 
57 0.268822 
58 0.268822 
59 0.267423 
60 0.267423 
61 0.266385 
62 0.266385 
63 0.263448 
64 0.263448 
65 0.262794 
66 0.262794 
67 0.261673 
68 0.261673 
69 0.271453 
70 0.271453 
71 0.268620 
72 0.268620 
73 0.269024 
74 0.269024 
75 0.269560 
76 0.269560 
77 0.268035 
78 0.268035 
79 0.269608 
80 0.269608 
81 0.272560 
82 0.272560 
83 0.282931 
84 0.282931 
85 0.308546 
86 0.308546 
87 0.329985 
88 0.329985 
89 0.349587 
90 0.349587 
91 0.377158 
92 0.377158 
93 0.395631 
94 0.395631 
95 0.412191 
96 0.412191 
97 0.420829 
98 0.420829 
99 0.427713 
100 0.427713 
101 0.433734 
102 0.433734 
103 0.441607 
104 0.441607 
105 0.441454 
106 0.441454 
107 0.445950 
108 0.445950 
109 0.449236 
110 0.449236 
111 0.452730 
112 0.452730 
113 0.456851 
114 0.456851 
115 0.460916 
116 0.460916 
117 0.465572 
118 0.465572 
119 0.475129 
120 0.475129 
121 0.481366 
122 0.481366 
123 0.482814 
124 0.482814 
125 0.481923 
126 0.481923 
127 0.476292 
128 0.476292 
129 0.470104 
130 0.470104 
131 0.466025 
132 0.466025 
133 0.461723 
134 0.461723 
135 0.463811 
136 0.463811 
137 0.458772 
138 0.458772 
139 0.451672 
140 0.451672 
141 0.446793 
142 0.446793 
143 0.440375 
144 0.440375 
145 0.432948 
146 0.432948 
147 0.430080 
148 0.430080 
149 0.426057 
150 0.426057 
151 0.420641 
152 0.420641 
153 0.417230 
154 0.417230 
155 0.412121 
156 0.412121 
157 0.406184 
158 0.406184 
159 0.402530 
160 0.402530 
161 0.399717 
162 0.399717 
163 0.398137 
164 0.398137 
165 0.395290 
166 0.395290 
167 0.393968 
168 0.393968 
169 0.398569 
170 0.398569 
171 0.396919 
172 0.396919 
173 0.391956 
174 0.391956 
175 0.388163 
176 0.388163 
177 0.385866 
178 0.385866 
179 0.383701 
180 0.383701 
181 0.382267 
182 0.382267 
183 0.378494 
184 0.378494 
185 0.376455 
186 0.376455 
187 0.373455 
188 0.373455 
189 0.372042 
190 0.372042 
191 0.370350 
192 0.370350 
193 0.368575 
194 0.368575 
195 0.367789 
196 0.367789 
197 0.367684 
198 0.367684 
199 0.367677 
200 0.367677 
201 0.366786 
202 0.366786 
203 0.366682 
204 0.366682 
205 0.366299 
206 0.366299 
207 0.365123 
208 0.365123 
209 0.365624 
210 0.365624 
211 0.365492 
212 0.365492 
213 0.365471 
214 0.365471 
215 0.366487 
216 0.366487 
217 0.366786 
218 0.366786 
219 0.383631 
220 0.383631 
221 0.381348 
222 0.381348 
223 0.380339 
224 0.380339 
225 0.378620 
226 0.378620 
227 0.378285 
228 0.378285 
229 0.375571 
230 0.375571 
231 0.373399 
232 0.373399 
233 0.372438 
234 0.372438 
235 0.372640 
236 0.372640 
237 0.371596 
238 0.371596 
239 0.372097 
240 0.372097 
241 0.372501 
242 0.372501 
243 0.371339 
244 0.371339 
245 0.367260 
246 0.367260 
247 0.368102 
248 0.368102 
249 0.368151 
250 0.368151 
251 0.368283 
252 0.368283 
253 0.366466 
254 0.366466 
255 0.365485 
256 0.365485 
257 0.364336 
258 0.364336 
259 0.363912 
260 0.363912 
261 0.363835 
262 0.363835 
263 0.363320 
264 0.363320 
265 0.363390 
266 0.363390 
267 0.363299 
268 0.363299 
269 0.366696 
270 0.366696 
271 0.365151 
272 0.365151 
273 0.362526 
274 0.362526 
275 0.362248 
276 0.362248 
277 0.362798 
278 0.362798 
279 0.364984 
280 0.364984 
281 0.365513 
282 0.365513 
283 0.367698 
284 0.367698 
285 0.369877 
286 0.369877 
287 0.369341 
288 0.369341 
289 0.366578 
290 0.366578 
291 0.364496 
292 0.364496 
293 0.362735 
294 0.362735 
295 0.363612 
296 0.363612 
297 0.361698 
298 0.361698 
299 0.360041 
300 0.360041 
301 0.359283 
302 0.359283 
303 0.359512 
304 0.359512 
305 0.359352 
306 0.359352 
307 0.359067 
308 0.359067 
309 0.359415 
310 0.359415 
311 0.359693 
312 0.359693 
313 0.359123 
314 0.359123 
315 0.359137 
316 0.359137 
317 0.359297 
318 0.359297 
319 0.368192 
320 0.368192 
321 0.366348 
322 0.366348 
323 0.364267 
324 0.364267 
325 0.364120 
326 0.364120 
327 0.363501 
328 0.363501 
329 0.363919 
330 0.363919 
331 0.363682 
332 0.363682 
333 0.363738 
334 0.363738 
335 0.363842 
336 0.363842 
337 0.363125 
338 0.363125 
339 0.364079 
340 0.364079 
341 0.369487 
342 0.369487 
343 0.378898 
344 0.378898 
345 0.394072 
346 0.394072 
347 0.401214 
348 0.401214 
349 0.408383 
350 0.408383 
351 0.410938 
352 0.410938 
353 0.411836 
354 0.411836 
355 0.410597 
356 0.410597 
357 0.411133 
358 0.411133 
359 0.411704 
360 0.411704 
361 0.411098 
362 0.411098 
363 0.408794 
364 0.408794 
365 0.407228 
366 0.407228 
367 0.405495 
368 0.405495 
369 0.406504 
370 0.406504 
371 0.405752 
372 0.405752 
373 0.404757 
374 0.404757 
375 0.401994 
376 0.401994 
377 0.401569 
378 0.401569 
379 0.398861 
380 0.398861 
381 0.396390 
382 0.396390 
383 0.396627 
384 0.396627 
385 0.400163 
386 0.400163 
387 0.402662 
388 0.402662 
389 0.406936 
390 0.406936 
391 0.414662 
392 0.414662 
393 0.419179 
394 0.419179 
395 0.420175 
396 0.420175 
397 0.423955 
398 0.423955 
399 0.422702 
400 0.422702 
401 0.427129 
402 0.427129 
403 0.429036 
404 0.429036 
405 0.433435 
406 0.433435 
407 0.439296 
408 0.439296 
409 0.447530 
410 0.447530 
411 0.457192 
412 0.457192 
413 0.466958 
414 0.466958 
415 0.482793 
416 0.482793 
417 0.494501 
418 0.494501 
419 0.519741 
420 0.519741 
421 0.534650 
422 0.534650 
423 0.547785 
424 0.547785 
425 0.560287 
426 0.560287 
427 0.578308 
428 0.578308 
429 0.591839 
430 0.591839 
431 0.602078 
432 0.602078 
433 0.619452 
434 0.619452 
435 0.630137 
436 0.630137 
437 0.639840 
438 0.639840 
439 0.651527 
440 0.651527 
441 0.656922 
442 0.656922 
443 0.663138 
444 0.663138 
445 0.679453 
446 0.679453 
447 0.682802 
448 0.682802 
449 0.689024 
450 0.689024 
451 0.696236 
452 0.696236 
453 0.700565 
454 0.700565 
455 0.703273 
456 0.703273 
457 0.710282 
458 0.710282 
459 0.715461 
460 0.715461 
461 0.720730 
462 0.720730 
463 0.725241 
464 0.725241 
465 0.729737 
466 0.729737 
467 0.732369 
468 0.732369 
469 0.741056 
470 0.741056 
471 0.741981 
472 0.741981 
473 0.742559 
474 0.742559 
475 0.744640 
476 0.744640 
477 0.744494 
478 0.744494 
479 0.743979 
480 0.743979 
481 0.742399 
482 0.742399 
483 0.743095 
484 0.743095 
485 0.742155 
486 0.742155 
487 0.741431 
488 0.741431 
489 0.740380 
490 0.740380 
491 0.740109 
492 0.740109 
493 0.740582 
494 0.740582 
495 0.735640 
496 0.735640 
497 0.735870 
498 0.735870 
499 0.743652 
500 0.743652 
501 0.748051 
502 0.748051 
503 0.752743 
504 0.752743 
505 0.758311 
506 0.758311 
507 0.762174 
508 0.762174 
509 0.765446 
510 0.765446 
511 0.770082 
512 0.770082 
513 0.774536 
514 0.774536 
515 0.778901 
516 0.778901 
517 0.796268 
518 0.796268 
519 0.832101 
520 0.832101 
521 0.840468 
522 0.840468 
523 0.867371 
524 0.867371 
525 0.881216 
526 0.881216 
527 0.891469 
528 0.891469 
529 0.901764 
530 0.901764 
531 0.910938 
532 0.910938 
533 0.915887 
534 0.915887 
535 0.918894 
536 0.918894 
537 0.921017 
538 0.921017 
539 0.922709 
540 0.922709 
541 0.924713 
542 0.924713 
543 0.925291 
544 0.925291 
545 0.952981 
546 0.952981 
547 0.952827 
548 0.952827 
549 0.952960 
550 0.952960 
551 0.953092 
552 0.953092 
553 0.952403 
554 0.952403 
555 0.953120 
556 0.953120 
557 0.953301 
558 0.953301 
559 0.952834 
560 0.952834 
561 0.952967 
562 0.952967 
563 0.953078 
564 0.953078 
565 0.952570 
566 0.952570 
567 0.952807 
568 0.952807 
569 0.944231 
570 0.944231 
571 0.944461 
572 0.944461 
573 0.945066 
574 0.945066 
575 0.944920 
576 0.944920 
577 0.944725 
578 0.944725 
579 0.945289 
580 0.945289 
581 0.945741 
582 0.945741 
583 0.946869 
584 0.946869 
585 0.946932 
586 0.946932 
587 0.947057 
588 0.947057 
589 0.949229 
590 0.949229 
591 0.948999 
592 0.948999 
593 0.951874 
594 0.951874 
595 0.963443 
596 0.963443 
597 0.966296 
598 0.966296 
599 0.968872 
600 0.968872 
601 0.969805 
602 0.969805 
603 0.970410 
604 0.970410 
605 0.971726 
606 0.971726 
607 0.972812 
608 0.972812 
609 0.974914 
610 0.974914 
611 0.975540 
612 0.975540 
613 0.975937 
614 0.975937 
615 0.975749 
616 0.975749 
617 0.975484 
618 0.975484 
619 0.980183 
620 0.980183 
621 0.979737 
622 0.979737 
623 0.980002 
624 0.980002 
625 0.980023 
626 0.980023 
627 0.980127 
628 0.980127 
629 0.980573 
630 0.980573 
631 0.980795 
632 0.980795 
633 0.981130 
634 0.981130 
635 0.981401 
636 0.981401 
637 0.981547 
638 0.981547 
639 0.982076 
640 0.982076 
641 0.981923 
642 0.981923 
643 0.981693 
644 0.981693 
645 0.980621 
646 0.980621 
647 0.980482 
648 0.980482 
649 0.980155 
650 0.980155 
651 0.980587 
652 0.980587 
653 0.980503 
654 0.980503 
655 0.980051 
656 0.980051 
657 0.979362 
658 0.979362 
659 0.978686 
660 0.978686 
661 0.979027 
662 0.979027 
663 0.979271 
664 0.979271 
665 0.979181 
666 0.979181 
667 0.979299 
668 0.979299 
669 0.979925 
670 0.979925 
671 0.979995 
672 0.979995 
673 0.979563 
674 0.979563 
675 0.979362 
676 0.979362 
677 0.979689 
678 0.979689 
679 0.979417 
680 0.979417 
681 0.979953 
682 0.979953 
683 0.979988 
684 0.979988 
685 0.979522 
686 0.979522 
687 0.979884 
688 0.979884 
689 0.979410 
690 0.979410 
691 0.979800 
692 0.979800 
693 0.979250 
694 0.979250 
695 0.979626 
696 0.979626 
697 0.979271 
698 0.979271 
699 0.979480 
700 0.979480 
701 0.979048 
702 0.979048 
703 0.979424 
704 0.979424 
705 0.979403 
706 0.979403 
707 0.979626 
708 0.979626 
709 0.979598 
710 0.979598 
711 0.979884 
712 0.979884 
713 0.980016 
714 0.980016 
715 0.979800 
716 0.979800 
717 0.979856 
718 0.979856 
719 0.979946 
720 0.979946 
721 0.979382 
722 0.979382 
723 0.979195 
724 0.979195 
725 0.979522 
726 0.979522 
727 0.978916 
728 0.978916 
729 0.979069 
730 0.979069 
731 0.979501 
732 0.979501 
733 0.979111 
734 0.979111 
735 0.979424 
736 0.979424 
737 0.978993 
738 0.978993 
739 0.979048 
740 0.979048 
741 0.978951 
742 0.978951 
743 0.979069 
744 0.979069 
745 0.979396 
746 0.979396 
747 0.979236 
748 0.979236 
749 0.979020 
750 0.979020 
751 0.978833 
752 0.978833 
753 0.979076 
754 0.979076 
755 0.978770 
756 0.978770 
757 0.978693 
758 0.978693 
759 0.979014 
760 0.979014 
761 0.978979 
762 0.978979 
763 0.978638 
764 0.978638 
765 0.978846 
766 0.978846 
767 0.978686 
768 0.978686 
769 0.978930 
770 0.978930 
771 0.979466 
772 0.979466 
773 0.979410 
774 0.979410 
775 0.979000 
776 0.979000 
777 0.978916 
778 0.978916 
779 0.978721 
780 0.978721 
781 0.978533 
782 0.978533 
783 0.978464 
784 0.978464 
785 0.978297 
786 0.978297 
787 0.978130 
788 0.978130 
789 0.977956 
790 0.977956 
791 0.977830 
792 0.977830 
793 0.977879 
794 0.977879 
795 0.977503 
796 0.977503 
797 0.977239 
798 0.977239 
799 0.977141 
800 0.977141 
801 0.976090 
802 0.976090 
803 0.976090 
804 0.976090 
805 0.975798 
806 0.975798 
807 0.975665 
808 0.975665 
809 0.976083 
810 0.976083 
811 0.976570 
812 0.976570 
813 0.976257 
814 0.976257 
815 0.976083 
816 0.976083 
817 0.975686 
818 0.975686 
819 0.975436 
820 0.975436 
821 0.974531 
822 0.974531 
823 0.974141 
824 0.974141 
825 0.974406 
826 0.974406 
827 0.974600 
828 0.974600 
829 0.974802 
830 0.974802 
831 0.975067 
832 0.975067 
833 0.975234 
834 0.975234 
835 0.975220 
836 0.975220 
837 0.975276 
838 0.975276 
839 0.974955 
840 0.974955 
841 0.975157 
842 0.975157 
843 0.975004 
844 0.975004 
845 0.975150 
846 0.975150 
847 0.975331 
848 0.975331 
849 0.975700 
850 0.975700 
851 0.975471 
852 0.975471 
853 0.975150 
854 0.975150 
855 0.975143 
856 0.975143 
857 0.975199 
858 0.975199 
859 0.974851 
860 0.974851 
861 0.975373 
862 0.975373 
863 0.975262 
864 0.975262 
865 0.975213 
866 0.975213 
867 0.975150 
868 0.975150 
869 0.975053 
870 0.975053 
871 0.975206 
872 0.975206 
873 0.975095 
874 0.975095 
875 0.974969 
876 0.974969 
877 0.974795 
878 0.974795 
879 0.975296 
880 0.975296 
881 0.975129 
882 0.975129 
883 0.974928 
884 0.974928 
885 0.974844 
886 0.974844 
887 0.974879 
888 0.974879 
889 0.974907 
890 0.974907 
891 0.975004 
892 0.975004 
893 0.975352 
894 0.975352 
895 0.975303 
896 0.975303 
897 0.975123 
898 0.975123 
899 0.975164 
900 0.975164 
901 0.975129 
902 0.975129 
903 0.975067 
904 0.975067 
905 0.975018 
906 0.975018 
907 0.975331 
908 0.975331 
909 0.975352 
910 0.975352 
911 0.975366 
912 0.975366 
913 0.975575 
914 0.975575 
915 0.975652 
916 0.975652 
917 0.975491 
918 0.975491 
919 0.975401 
920 0.975401 
921 0.975408 
922 0.975408 
923 0.975498 
924 0.975498 
925 0.975450 
926 0.975450 
927 0.975603 
928 0.975603 
929 0.974990 
930 0.974990 
931 0.974983 
932 0.974983 
933 0.975199 
934 0.975199 
935 0.975310 
936 0.975310 
937 0.975401 
938 0.975401 
939 0.975512 
940 0.975512 
941 0.975533 
942 0.975533 
943 0.975658 
944 0.975658 
945 0.975575 
946 0.975575 
947 0.975394 
948 0.975394 
949 0.975526 
950 0.975526 
951 0.975693 
952 0.975693 
953 0.975853 
954 0.975853 
955 0.975074 
956 0.975074 
957 0.975394 
958 0.975394 
959 0.975484 
960 0.975484 
961 0.975645 
962 0.975645 
963 0.975645 
964 0.975645 
965 0.975457 
966 0.975457 
967 0.975373 
968 0.975373 
969 0.975484 
970 0.975484 
971 0.975373 
972 0.975373 
973 0.975408 
974 0.975408 
975 0.975338 
976 0.975338 
977 0.975338 
978 0.975338 
979 0.974677 
980 0.974677 
981 0.974287 
982 0.974287 
983 0.974740 
984 0.974740 
985 0.975123 
986 0.975123 
987 0.975178 
988 0.975178 
989 0.975471 
990 0.975471 
991 0.975373 
992 0.975373 
993 0.975408 
994 0.975408 
995 0.975157 
996 0.975157 
997 0.975171 
998 0.975171 
999 0.975408 
1000 0.975408 
1001 0.975937 
1002 0.975937 
1003 0.975805 
1004 0.975805 
1005 0.975951 
1006 0.975951 
1007 0.975596 
1008 0.975596 
1009 0.975359 
1010 0.975359 
1011 0.974134 
1012 0.974134 
1013 0.974064 
1014 0.974064 
1015 0.973974 
1016 0.973974 
1017 0.974433 
1018 0.974433 
1019 0.974594 
1020 0.974594 
1021 0.974266 
1022 0.974266 
1023 0.974322 
1024 0.974322 
1025 0.974378 
1026 0.974378 
1027 0.974559 
1028 0.974559 
1029 0.974280 
1030 0.974280 
1031 0.974433 
1032 0.974433 
1033 0.974921 
1034 0.974921 
1035 0.975471 
1036 0.975471 
1037 0.975554 
1038 0.975554 
1039 0.975241 
1040 0.975241 
1041 0.975707 
1042 0.975707 
1043 0.975784 
1044 0.975784 
1045 0.975686 
1046 0.975686 
1047 0.975589 
1048 0.975589 
1049 0.975464 
1050 0.975464 
1051 0.975464 
1052 0.975464 
1053 0.975631 
1054 0.975631 
1055 0.975686 
1056 0.975686 
1057 0.975714 
1058 0.975714 
1059 0.975902 
1060 0.975902 
1061 0.975164 
1062 0.975164 
1063 0.975199 
1064 0.975199 
1065 0.975199 
1066 0.975199 
1067 0.975484 
1068 0.975484 
1069 0.975665 
1070 0.975665 
1071 0.975262 
1072 0.975262 
1073 0.974851 
1074 0.974851 
1075 0.975060 
1076 0.975060 
1077 0.975178 
1078 0.975178 
1079 0.975025 
1080 0.975025 
1081 0.975262 
1082 0.975262 
1083 0.975324 
1084 0.975324 
1085 0.975770 
1086 0.975770 
1087 0.975679 
1088 0.975679 
1089 0.975937 
1090 0.975937 
1091 0.975958 
1092 0.975958 
1093 0.975561 
1094 0.975561 
1095 0.975631 
1096 0.975631 
1097 0.975443 
1098 0.975443 
1099 0.975658 
1100 0.975658 
1101 0.975631 
1102 0.975631 
1103 0.975505 
1104 0.975505 
1105 0.975338 
1106 0.975338 
1107 0.975498 
1108 0.975498 
1109 0.975394 
1110 0.975394 
1111 0.975290 
1112 0.975290 
1113 0.975457 
1114 0.975457 
1115 0.975596 
1116 0.975596 
1117 0.975645 
1118 0.975645 
1119 0.975603 
1120 0.975603 
1121 0.975784 
1122 0.975784 
1123 0.975505 
1124 0.975505 
1125 0.975505 
1126 0.975505 
1127 0.975387 
1128 0.975387 
1129 0.975798 
1130 0.975798 
1131 0.975471 
1132 0.975471 
1133 0.975457 
1134 0.975457 
1135 0.976153 
1136 0.976153 
1137 0.975965 
1138 0.975965 
1139 0.976167 
1140 0.976167 
1141 0.976062 
1142 0.976062 
1143 0.976118 
1144 0.976118 
1145 0.976375 
1146 0.976375 
1147 0.976320 
1148 0.976320 
1149 0.975972 
1150 0.975972 
1151 0.976264 
1152 0.976264 
1153 0.976396 
1154 0.976396 
1155 0.976459 
1156 0.976459 
1157 0.976250 
1158 0.976250 
1159 0.976132 
1160 0.976132 
1161 0.975735 
1162 0.975735 
1163 0.975645 
1164 0.975645 
1165 0.975018 
1166 0.975018 
1167 0.975074 
1168 0.975074 
1169 0.975269 
1170 0.975269 
1171 0.975450 
1172 0.975450 
1173 0.975693 
1174 0.975693 
1175 0.975937 
1176 0.975937 
1177 0.976097 
1178 0.976097 
1179 0.975909 
1180 0.975909 
1181 0.975860 
1182 0.975860 
1183 0.975819 
1184 0.975819 
1185 0.974955 
1186 0.974955 
1187 0.974942 
1188 0.974942 
1189 0.974830 
1190 0.974830 
1191 0.975150 
1192 0.975150 
1193 0.975331 
1194 0.975331 
1195 0.975526 
1196 0.975526 
1197 0.975554 
1198 0.975554 
1199 0.975464 
1200 0.975464 
1201 0.975296 
1202 0.975296 
1203 0.975199 
1204 0.975199 
1205 0.975387 
1206 0.975387 
1207 0.975324 
1208 0.975324 
1209 0.975373 
1210 0.975373 
1211 0.975610 
1212 0.975610 
1213 0.975255 
1214 0.975255 
1215 0.975387 
1216 0.975387 
1217 0.975380 
1218 0.975380 
1219 0.975798 
1220 0.975798 
1221 0.975672 
1222 0.975672 
1223 0.975714 
1224 0.975714 
1225 0.975888 
1226 0.975888 
1227 0.975728 
1228 0.975728 
1229 0.975645 
1230 0.975645 
1231 0.975547 
1232 0.975547 
1233 0.975505 
1234 0.975505 
1235 0.975380 
1236 0.975380 
1237 0.975095 
1238 0.975095 
1239 0.975095 
1240 0.975095 
1241 0.975095 
1242 0.975095 
1243 0.975450 
1244 0.975450 
1245 0.975192 
1246 0.975192 
1247 0.975171 
1248 0.975171 
1249 0.975178 
1250 0.975178 
1251 0.975060 
1252 0.975060 
1253 0.974948 
1254 0.974948 
1255 0.974935 
1256 0.974935 
1257 0.975039 
1258 0.975039 
1259 0.974997 
1260 0.974997 
1261 0.974614 
1262 0.974614 
1263 0.974413 
1264 0.974413 
1265 0.974684 
1266 0.974684 
1267 0.975018 
1268 0.975018 
1269 0.975109 
1270 0.975109 
1271 0.975582 
1272 0.975582 
1273 0.975582 
1274 0.975582 
1275 0.975770 
1276 0.975770 
1277 0.975658 
1278 0.975658 
1279 0.975568 
1280 0.975568 
1281 0.975505 
1282 0.975505 
1283 0.975610 
1284 0.975610 
1285 0.975575 
1286 0.975575 
1287 0.975596 
1288 0.975596 
1289 0.975394 
1290 0.975394 
1291 0.975519 
1292 0.975519 
1293 0.975415 
1294 0.975415 
1295 0.975429 
1296 0.975429 
1297 0.975443 
1298 0.975443 
1299 0.975714 
1300 0.975714 
1301 0.975742 
1302 0.975742 
1303 0.975798 
1304 0.975798 
1305 0.975819 
1306 0.975819 
1307 0.975770 
1308 0.975770 
1309 0.975846 
1310 0.975846 
1311 0.975916 
1312 0.975916 
1313 0.975888 
1314 0.975888 
1315 0.976125 
1316 0.976125 
1317 0.976313 
1318 0.976313 
1319 0.976320 
1320 0.976320 
1321 0.976529 
1322 0.976529 
1323 0.976542 
1324 0.976542 
1325 0.976633 
1326 0.976633 
1327 0.976535 
1328 0.976535 
1329 0.976403 
1330 0.976403 
1331 0.976529 
1332 0.976529 
1333 0.976556 
1334 0.976556 
1335 0.976306 
1336 0.976306 
1337 0.976320 
1338 0.976320 
1339 0.976494 
1340 0.976494 
1341 0.976355 
1342 0.976355 
1343 0.976181 
1344 0.976181 
1345 0.976153 
1346 0.976153 
1347 0.976118 
1348 0.976118 
1349 0.976487 
1350 0.976487 
1351 0.976355 
1352 0.976355 
1353 0.976577 
1354 0.976577 
1355 0.976814 
1356 0.976814 
1357 0.976974 
1358 0.976974 
1359 0.977030 
1360 0.977030 
1361 0.976480 
1362 0.976480 
1363 0.976549 
1364 0.976549 
1365 0.976522 
1366 0.976522 
1367 0.976549 
1368 0.976549 
1369 0.976682 
1370 0.976682 
1371 0.976424 
1372 0.976424 
1373 0.976703 
1374 0.976703 
1375 0.976717 
1376 0.976717 
1377 0.976904 
1378 0.976904 
1379 0.976675 
1380 0.976675 
1381 0.976647 
1382 0.976647 
1383 0.976675 
1384 0.976675 
1385 0.976459 
1386 0.976459 
1387 0.976870 
1388 0.976870 
1389 0.977078 
1390 0.977078 
1391 0.976807 
1392 0.976807 
1393 0.976786 
1394 0.976786 
1395 0.976946 
1396 0.976946 
1397 0.977162 
1398 0.977162 
1399 0.977329 
1400 0.977329 
1401 0.977343 
1402 0.977343 
1403 0.977489 
1404 0.977489 
1405 0.977280 
1406 0.977280 
1407 0.977232 
1408 0.977232 
1409 0.977225 
1410 0.977225 
1411 0.976473 
1412 0.976473 
1413 0.976424 
1414 0.976424 
1415 0.976730 
1416 0.976730 
1417 0.976911 
1418 0.976911 
1419 0.976682 
1420 0.976682 
1421 0.977141 
1422 0.977141 
1423 0.977009 
1424 0.977009 
1425 0.977301 
1426 0.977301 
1427 0.977280 
1428 0.977280 
1429 0.977016 
1430 0.977016 
1431 0.977385 
1432 0.977385 
1433 0.977176 
1434 0.977176 
1435 0.975930 
1436 0.975930 
1437 0.976048 
1438 0.976048 
1439 0.976382 
1440 0.976382 
1441 0.976320 
1442 0.976320 
1443 0.975770 
1444 0.975770 
1445 0.976167 
1446 0.976167 
1447 0.975839 
1448 0.975839 
1449 0.976786 
1450 0.976786 
1451 0.976368 
1452 0.976368 
1453 0.977127 
1454 0.977127 
1455 0.976577 
1456 0.976577 
1457 0.976710 
1458 0.976710 
1459 0.977259 
1460 0.977259 
1461 0.976313 
1462 0.976313 
1463 0.976877 
1464 0.976877 
1465 0.977273 
1466 0.977273 
1467 0.977385 
1468 0.977385 
1469 0.977914 
1470 0.977914 
1471 0.979139 
1472 0.979139 
1473 0.978679 
1474 0.978679 
1475 0.978791 
1476 0.978791 
1477 0.977983 
1478 0.977983 
1479 0.978533 
1480 0.978533 
1481 0.978185 
1482 0.978185 
1483 0.978018 
1484 0.978018 
1485 0.977447 
1486 0.977447 
1487 0.977747 
1488 0.977747 
1489 0.978457 
1490 0.978457 
1491 0.979417 
1492 0.979417 
1493 0.979097 
1494 0.979097 
1495 0.978679 
1496 0.978679 
1497 0.978923 
1498 0.978923 
1499 0.980141 
1500 0.980141 
1501 0.981088 
1502 0.981088 
1503 0.982382 
1504 0.982382 
1505 0.982849 
1506 0.982849 
1507 0.983092 
1508 0.983092 
1509 0.983273 
1510 0.983273 
1511 0.984394 
1512 0.984394 
1513 0.983976 
1514 0.983976 
1515 0.985550 
1516 0.985550 
1517 0.985271 
1518 0.985271 
1519 0.985967 
1520 0.985967 
1521 0.986461 
1522 0.986461 
1523 0.986622 
1524 0.986622 
1525 0.987241 
1526 0.987241 
1527 0.987693 
1528 0.987693 
1529 0.987338 
1530 0.987338 
1531 0.987631 
1532 0.987631 
1533 0.987311 
1534 0.987311 
1535 0.988383 
1536 0.988383 
1537 0.987032 
1538 0.987032 
1539 0.986893 
1540 0.986893 
1541 0.986775 
1542 0.986775 
1543 0.985891 
1544 0.985891 
1545 0.985696 
1546 0.985696 
1547 0.985751 
1548 0.985751 
1549 0.985717 
1550 0.985717 
1551 0.985306 
1552 0.985306 
1553 0.985807 
1554 0.985807 
1555 0.986106 
1556 0.986106 
1557 0.986030 
1558 0.986030 
1559 0.986134 
1560 0.986134 
1561 0.986113 
1562 0.986113 
1563 0.986336 
1564 0.986336 
1565 0.985055 
1566 0.985055 
1567 0.984561 
1568 0.984561 
1569 0.983872 
1570 0.983872 
1571 0.983942 
1572 0.983942 
1573 0.983371 
1574 0.983371 
1575 0.982967 
1576 0.982967 
1577 0.983524 
1578 0.983524 
1579 0.983782 
1580 0.983782 
1581 0.983844 
1582 0.983844 
1583 0.983573 
1584 0.983573 
1585 0.981011 
1586 0.981011 
1587 0.980844 
1588 0.980844 
1589 0.981505 
1590 0.981505 
1591 0.981735 
1592 0.981735 
1593 0.983016 
1594 0.983016 
1595 0.981979 
1596 0.981979 
1597 0.982028 
1598 0.982028 
1599 0.982452 
1600 0.982452 
1601 0.982584 
1602 0.982584 
1603 0.982981 
1604 0.982981 
1605 0.982765 
1606 0.982765 
1607 0.984387 
1608 0.984387 
1609 0.984784 
1610 0.984784 
1611 0.985856 
1612 0.985856 
1613 0.986677 
1614 0.986677 
1615 0.985988 
1616 0.985988 
1617 0.987255 
1618 0.987255 
1619 0.987916 
1620 0.987916 
1621 0.987478 
1622 0.987478 
1623 0.987687 
1624 0.987687 
1625 0.988083 
1626 0.988083 
1627 0.987735 
1628 0.987735 
1629 0.988522 
1630 0.988522 
1631 0.988633 
1632 0.988633 
1633 0.988515 
1634 0.988515 
1635 0.988376 
1636 0.988376 
1637 0.988605 
1638 0.988605 
1639 0.989580 
1640 0.989580 
1641 0.989649 
1642 0.989649 
1643 0.989782 
1644 0.989782 
1645 0.989496 
1646 0.989496 
1647 0.989385 
1648 0.989385 
1649 0.989837 
1650 0.989837 
1651 0.989775 
1652 0.989775 
1653 0.989364 
1654 0.989364 
1655 0.988946 
1656 0.988946 
1657 0.989086 
1658 0.989086 
1659 0.987777 
1660 0.987777 
1661 0.987958 
1662 0.987958 
1663 0.987345 
1664 0.987345 
1665 0.986740 
1666 0.986740 
1667 0.987429 
1668 0.987429 
1669 0.986573 
1670 0.986573 
1671 0.986232 
1672 0.986232 
1673 0.986037 
1674 0.986037 
1675 0.985939 
1676 0.985939 
1677 0.984241 
1678 0.984241 
1679 0.981568 
1680 0.981568 
1681 0.981436 
1682 0.981436 
1683 0.980510 
1684 0.980510 
1685 0.978143 
1686 0.978143 
1687 0.977399 
1688 0.977399 
1689 0.974802 
1690 0.974802 
1691 0.973180 
1692 0.973180 
1693 0.973215 
1694 0.973215 
1695 0.975206 
1696 0.975206 
1697 0.975951 
1698 0.975951 
1699 0.975951 
1700 0.975951 
1701 0.977371 
1702 0.977371 
1703 0.977872 
1704 0.977872 
1705 0.977788 
1706 0.977788 
1707 0.975839 
1708 0.975839 
1709 0.975937 
1710 0.975937 
1711 0.972638 
1712 0.972638 
1713 0.972812 
1714 0.972812 
1715 0.970403 
1716 0.970403 
1717 0.967243 
1718 0.967243 
1719 0.962726 
1720 0.962726 
1721 0.960735 
1722 0.960735 
1723 0.962071 
1724 0.962071 
1725 0.969115 
1726 0.969115 
1727 0.972832 
1728 0.972832 
1729 0.976494 
1730 0.976494 
1731 0.964577 
1732 0.964577 
1733 0.949417 
1734 0.949417 
1735 0.930734 
1736 0.930734 
1737 0.932196 
1738 0.932196 
1739 0.935119 
1740 0.935119 
1741 0.928660 
1742 0.928660 
1743 0.898854 
1744 0.898854 
1745 0.883471 
1746 0.883471 
1747 0.770875 
1748 0.770875 
1749 0.756571 
1750 0.756571 
1751 0.753272 
1752 0.753272 
1753 0.700217 
1754 0.700217 
1755 0.698289 
1756 0.698289 
1757 0.691127 
1758 0.691127 
1759 0.693277 
1760 0.693277 
1761 0.696653 
1762 0.696653 
1763 0.683198 
1764 0.683198 
1765 0.679593 
1766 0.679593 
1767 0.708486 
1768 0.708486 
1769 0.713422 
1770 0.713422 
1771 0.737039 
1772 0.737039 
1773 0.772497 
1774 0.772497 
1775 0.797674 
1776 0.797674 
1777 0.829700 
1778 0.829700 
1779 0.842417 
1780 0.842417 
1781 0.840746 
1782 0.840746 
1783 0.835839 
1784 0.835839 
1785 0.814616 
1786 0.814616 
1787 0.814296 
1788 0.814296 
1789 0.805205 
1790 0.805205 
1791 0.788931 
1792 0.788931 
1793 0.773618 
1794 0.773618 
1795 0.756508 
1796 0.756508 
1797 0.742315 
1798 0.742315 
1799 0.747995 
1800 0.747995 
1801 0.760218 
1802 0.760218 
1803 0.771947 
1804 0.771947 
1805 0.778887 
1806 0.778887 
1807 0.783516 
1808 0.783516 
1809 0.784964 
1810 0.784964 
1811 0.750794 
1812 0.750794 
1813 0.749220 
1814 0.749220 
1815 0.744745 
1816 0.744745 
1817 0.743304 
1818 0.743304 
1819 0.741926 
1820 0.741926 
1821 0.734673 
1822 0.734673 
1823 0.726515 
1824 0.726515 
1825 0.718670 
1826 0.718670 
1827 0.714828 
1828 0.714828 
1829 0.711772 
1830 0.711772 
1831 0.705681 
1832 0.705681 
1833 0.705410 
1834 0.705410 
1835 0.646641 
1836 0.646641 
1837 0.641399 
1838 0.641399 
1839 0.625014 
1840 0.625014 
1841 0.611002 
1842 0.611002 
1843 0.595347 
1844 0.595347 
1845 0.580354 
1846 0.580354 
1847 0.564024 
1848 0.564024 
1849 0.547569 
1850 0.547569 
1851 0.539551 
1852 0.539551 
1853 0.530711 
1854 0.530711 
1855 0.546365 
1856 0.546365 
1857 0.563231 
1858 0.563231 
1859 0.584732 
1860 0.584732 
1861 0.591853 
1862 0.591853 
1863 0.614489 
1864 0.614489 
1865 0.612506 
1866 0.612506 
1867 0.626580 
1868 0.626580 
1869 0.658662 
1870 0.658662 
1871 0.673579 
1872 0.673579 
1873 0.687110 
1874 0.687110 
1875 0.722867 
1876 0.722867 
1877 0.736413 
1878 0.736413 
1879 0.745322 
1880 0.745322 
1881 0.768606 
1882 0.768606 
1883 0.699250 
1884 0.699250 
1885 0.648040 
1886 0.648040 
1887 0.645360 
1888 0.645360 
1889 0.652905 
1890 0.652905 
1891 0.646439 
1892 0.646439 
1893 0.667544 
1894 0.667544 
1895 0.673286 
1896 0.673286 
1897 0.653295 
1898 0.653295 
1899 0.663959 
1900 0.663959 
1901 0.683505 
1902 0.683505 
1903 0.702055 
1904 0.702055 
1905 0.748977 
1906 0.748977 
1907 0.770840 
1908 0.770840 
1909 0.792843 
1910 0.792843 
1911 0.825725 
1912 0.825725 
1913 0.842257 
1914 0.842257 
1915 0.850658 
1916 0.850658 
1917 0.860821 
1918 0.860821 
1919 0.862039 
1920 0.862039 
1921 0.866696 
1922 0.866696 
1923 0.865213 
1924 0.865213 
1925 0.751121 
1926 0.751121 
1927 0.691433 
1928 0.691433 
1929 0.635086 
1930 0.635086 
1931 0.603652 
1932 0.603652 
1933 0.492413 
1934 0.492413 
1935 0.443493 
1936 0.443493 
1937 0.426398 
1938 0.426398 
1939 0.402822 
1940 0.402822 
1941 0.369271 
1942 0.369271 
1943 0.364684 
1944 0.364684 
1945 0.356631 
1946 0.356631 
1947 0.335324 
1948 0.335324 
1949 0.319823 
1950 0.319823 
1951 0.296344 
1952 0.296344 
1953 0.268870 
1954 0.268870 
1955 0.242420 
1956 0.242420 
1957 0.214264 
1958 0.214264 
1959 0.196096 
1960 0.196096 
1961 0.142576 
1962 0.142576 
1963 0.133165 
1964 0.133165 
1965 0.125647 
1966 0.125647 
1967 0.117942 
1968 0.117942 
1969 0.111294 
1970 0.111294 
1971 0.101069 
1972 0.101069 
1973 0.099907 
1974 0.099907 
1975 0.100046 
1976 0.100046 
1977 0.098431 
1978 0.098431 
1979 0.098403 
1980 0.098403 
1981 0.093322 
1982 0.093322 
1983 0.086563 
1984 0.086563 
1985 0.076206 
1986 0.076206 
1987 0.073345 
1988 0.073345 
1989 0.072141 
1990 0.072141 
1991 0.070818 
1992 0.070818 
1993 0.071103 
1994 0.071103 
1995 0.070762 
1996 0.070762 
1997 0.073547 
1998 0.073547 
1999 0.082220 
2000 0.082220 
2001 0.117197 
2002 0.117197 
2003 0.159504 
2004 0.159504 
2005 0.200141 
2006 0.200141 
2007 0.260142 
2008 0.260142 
2009 0.313788 
2010 0.313788 
2011 0.416124 
2012 0.416124 
2013 0.444502 
2014 0.444502 
2015 0.520249 
2016 0.520249 
2017 0.591115 
2018 0.591115 
2019 0.705354 
2020 0.705354 
2021 0.758715 
2022 0.758715 
2023 0.798105 
2024 0.798105 
2025 0.841164 
2026 0.841164 
2027 0.862478 
2028 0.862478 
2029 0.882740 
2030 0.882740 
2031 0.898485 
2032 0.898485 
2033 0.911279 
2034 0.911279 
2035 0.948317 
2036 0.948317 
2037 0.941154 
2038 0.941154 
2039 0.918657 
2040 0.918657 
2041 0.810349 
2042 0.810349 
2043 0.634780 
2044 0.634780 
2045 0.556528 
2046 0.556528 
2047 0.512745 
2048 0.512745 
2049 0.458222 
2050 0.458222 
2051 0.424971 
2052 0.424971 
2053 0.391692 
2054 0.391692 
2055 0.345821 
2056 0.345821 
2057 0.318772 
2058 0.318772 
2059 0.291855 
2060 0.291855 
2061 0.237123 
2062 0.237123 
2063 0.210456 
2064 0.210456 
2065 0.190375 
2066 0.190375 
2067 0.159977 
2068 0.159977 
2069 0.143502 
2070 0.143502 
2071 0.118499 
2072 0.118499 
2073 0.103053 
2074 0.103053 
2075 0.093329 
2076 0.093329 
2077 0.086674 
2078 0.086674 
2079 0.084621 
2080 0.084621 
2081 0.081134 
2082 0.081134 
2083 0.079526 
2084 0.079526 
2085 0.077215 
2086 0.077215 
2087 0.076435 
2088 0.076435 
2089 0.074960 
2090 0.074960 
2091 0.074994 
2092 0.074994 
2093 0.074403 
2094 0.074403 
2095 0.074911 
2096 0.074911 
2097 0.074737 
2098 0.074737 
2099 0.077904 
2100 0.077904 
2101 0.086013 
2102 0.086013 
2103 0.101800 
2104 0.101800 
2105 0.117176 
2106 0.117176 
2107 0.134870 
2108 0.134870 
2109 0.168205 
2110 0.168205 
2111 0.214883 
2112 0.214883 
2113 0.242371 
2114 0.242371 
2115 0.366717 
2116 0.366717 
2117 0.656198 
2118 0.656198 
2119 0.830751 
2120 0.830751 
2121 0.892861 
2122 0.892861 
2123 0.937451 
2124 0.937451 
2125 0.955166 
2126 0.955166 
2127 0.974719 
2128 0.974719 
2129 0.985459 
2130 0.985459 
2131 0.988229 
2132 0.988229 
2133 0.989204 
2134 0.989204 
2135 0.991633 
2136 0.991633 
2137 0.992134 
2138 0.992134 
2139 0.993088 
2140 0.993088 
2141 0.993346 
2142 0.993346 
2143 0.993875 
2144 0.993875 
2145 0.993534 
2146 0.993534 
2147 0.994000 
2148 0.994000 
2149 0.993986 
2150 0.993986 
2151 0.994230 
2152 0.994230 
2153 0.993916 
2154 0.993916 
2155 0.992935 
2156 0.992935 
2157 0.988243 
2158 0.988243 
2159 0.983350 
2160 0.983350 
2161 0.949284 
2162 0.949284 
2163 0.944899 
2164 0.944899 
2165 0.942519 
2166 0.942519 
2167 0.942936 
2168 0.942936 
2169 0.946194 
2170 0.946194 
2171 0.947238 
2172 0.947238 
2173 0.947106 
2174 0.947106 
2175 0.885650 
2176 0.885650 
2177 0.765488 
2178 0.765488 
2179 0.528796 
2180 0.528796 
2181 0.331990 
2182 0.331990 
2183 0.276882 
2184 0.276882 
2185 0.147344 
2186 0.147344 
2187 0.127673 
2188 0.127673 
2189 0.120218 
2190 0.120218 
2191 0.110021 
2192 0.110021 
2193 0.104139 
2194 0.104139 
2195 0.097679 
2196 0.097679 
2197 0.092612 
2198 0.092612 
2199 0.085923 
2200 0.085923 
2201 0.082540 
2202 0.082540 
2203 0.081447 
2204 0.081447 
2205 0.083647 
2206 0.083647 
2207 0.084997 
2208 0.084997 
2209 0.084475 
2210 0.084475 
2211 0.105183 
2212 0.105183 
2213 0.103958 
2214 0.103958 
2215 0.102426 
2216 0.102426 
2217 0.102559 
2218 0.102559 
2219 0.102099 
2220 0.102099 
2221 0.101772 
2222 0.101772 
2223 0.100408 
2224 0.100408 
2225 0.100512 
2226 0.100512 
2227 0.101271 
2228 0.101271 
2229 0.102642 
2230 0.102642 
2231 0.103512 
2232 0.103512 
2233 0.103067 
2234 0.103067 
2235 0.099774 
2236 0.099774 
2237 0.098515 
2238 0.098515 
2239 0.098758 
2240 0.098758 
2241 0.098160 
2242 0.098160 
2243 0.099169 
2244 0.099169 
2245 0.099649 
2246 0.099649 
2247 0.100345 
2248 0.100345 
2249 0.100986 
2250 0.100986 
2251 0.102002 
2252 0.102002 
2253 0.103568 
2254 0.103568 
2255 0.103561 
2256 0.103561 
2257 0.103679 
2258 0.103679 
2259 0.104689 
2260 0.104689 
2261 0.103568 
2262 0.103568 
2263 0.103227 
2264 0.103227 
2265 0.108691 
2266 0.108691 
2267 0.121151 
2268 0.121151 
2269 0.139332 
2270 0.139332 
2271 0.167098 
2272 0.167098 
2273 0.192950 
2274 0.192950 
2275 0.217494 
2276 0.217494 
2277 0.247341 
2278 0.247341 
2279 0.260970 
2280 0.260970 
2281 0.268529 
2282 0.268529 
2283 0.277056 
2284 0.277056 
2285 0.334920 
2286 0.334920 
2287 0.336702 
2288 0.336702 
2289 0.334934 
2290 0.334934 
2291 0.333716 
2292 0.333716 
2293 0.329289 
2294 0.329289 
2295 0.313628 
2296 0.313628 
2297 0.310092 
2298 0.310092 
2299 0.308303 
2300 0.308303 
2301 0.300869 
2302 0.300869 
2303 0.282465 
2304 0.282465 
2305 0.272831 
2306 0.272831 
2307 0.254692 
2308 0.254692 
2309 0.245204 
2310 0.245204 
2311 0.249617 
2312 0.249617 
2313 0.249694 
2314 0.249694 
2315 0.244647 
2316 0.244647 
2317 0.232188 
2318 0.232188 
2319 0.216714 
2320 0.216714 
2321 0.200085 
2322 0.200085 
2323 0.189428 
2324 0.189428 
2325 0.177491 
2326 0.177491 
2327 0.172562 
2328 0.172562 
2329 0.161933 
2330 0.161933 
2331 0.153483 
2332 0.153483 
2333 0.152878 
2334 0.152878 
2335 0.172820 
2336 0.172820 
2337 0.160151 
2338 0.160151 
2339 0.153407 
2340 0.153407 
2341 0.144942 
2342 0.144942 
2343 0.138887 
2344 0.138887 
2345 0.137070 
2346 0.137070 
2347 0.132302 
2348 0.132302 
2349 0.139506 
2350 0.139506 
2351 0.154151 
2352 0.154151 
2353 0.160792 
2354 0.160792 
2355 0.162636 
2356 0.162636 
2357 0.162059 
2358 0.162059 
2359 0.155523 
2360 0.155523 
2361 0.147003 
2362 0.147003 
2363 0.145123 
2364 0.145123 
2365 0.142353 
2366 0.142353 
2367 0.137822 
2368 0.137822 
2369 0.134654 
2370 0.134654 
2371 0.135246 
2372 0.135246 
2373 0.126016 
2374 0.126016 
2375 0.120831 
2376 0.120831 
2377 0.114907 
2378 0.114907 
2379 0.108350 
2380 0.108350 
2381 0.104821 
2382 0.104821 
2383 0.119522 
2384 0.119522 
2385 0.220236 
2386 0.220236 
2387 0.249144 
2388 0.249144 
2389 0.283620 
2390 0.283620 
2391 0.297674 
2392 0.297674 
2393 0.317178 
2394 0.317178 
2395 0.396509 
2396 0.396509 
2397 0.493353 
2398 0.493353 
2399 0.554085 
2400 0.554085 
2401 0.609081 
2402 0.609081 
2403 0.663326 
2404 0.663326 
2405 0.679746 
2406 0.679746 
2407 0.680505 
2408 0.680505 
2409 0.598640 
2410 0.598640 
2411 0.453872 
2412 0.453872 
2413 0.307454 
2414 0.307454 
2415 0.177720 
2416 0.177720 
2417 0.130255 
2418 0.130255 
2419 0.086974 
2420 0.086974 
2421 0.070150 
2422 0.070150 
2423 0.070428 
2424 0.070428 
2425 0.076519 
2426 0.076519 
2427 0.078496 
2428 0.078496 
2429 0.080020 
2430 0.080020 
2431 0.081426 
2432 0.081426 
2433 0.115589 
2434 0.115589 
2435 0.216763 
2436 0.216763 
2437 0.234450 
2438 0.234450 
2439 0.246770 
2440 0.246770 
2441 0.248288 
2442 0.248288 
2443 0.249304 
2444 0.249304 
2445 0.243958 
2446 0.243958 
2447 0.240415 
2448 0.240415 
2449 0.236357 
2450 0.236357 
2451 0.227698 
2452 0.227698 
2453 0.218064 
2454 0.218064 
2455 0.202041 
2456 0.202041 
2457 0.179565 
2458 0.179565 
2459 0.163326 
2460 0.163326 
2461 0.151082 
2462 0.151082 
2463 0.138573 
2464 0.138573 
2465 0.133276 
2466 0.133276 
2467 0.122111 
2468 0.122111 
2469 0.115547 
2470 0.115547 
2471 0.117643 
2472 0.117643 
2473 0.119104 
2474 0.119104 
2475 0.125849 
2476 0.125849 
2477 0.145151 
2478 0.145151 
2479 0.156588 
2480 0.156588 
2481 0.161230 
2482 0.161230 
2483 0.162664 
2484 0.162664 
2485 0.166298 
2486 0.166298 
2487 0.158745 
2488 0.158745 
2489 0.151701 
2490 0.151701 
2491 0.150100 
2492 0.150100 
2493 0.144935 
2494 0.144935 
2495 0.142116 
2496 0.142116 
2497 0.143251 
2498 0.143251 
2499 0.140042 
2500 0.140042 
2501 0.134216 
2502 0.134216 
2503 0.130617 
2504 0.130617 
2505 0.126281 
2506 0.126281 
2507 0.134982 
2508 0.134982 
2509 0.157632 
2510 0.157632 
2511 0.204804 
2512 0.204804 
2513 0.234151 
2514 0.234151 
2515 0.254044 
2516 0.254044 
2517 0.269086 
2518 0.269086 
2519 0.285771 
2520 0.285771 
2521 0.282604 
2522 0.282604 
2523 0.299240 
2524 0.299240 
2525 0.311741 
2526 0.311741 
2527 0.317574 
2528 0.317574 
2529 0.318159 
2530 0.318159 
2531 0.318159 
2532 0.318159 
2533 0.318723 
2534 0.318723 
2535 0.299567 
2536 0.299567 
2537 0.298293 
2538 0.298293 
2539 0.295495 
2540 0.295495 
2541 0.218461 
2542 0.218461 
2543 0.195971 
2544 0.195971 
2545 0.165135 
2546 0.165135 
2547 0.147518 
2548 0.147518 
2549 0.135044 
2550 0.135044 
2551 0.131480 
2552 0.131480 
2553 0.120726 
2554 0.120726 
2555 0.119571 
2556 0.119571 
2557 0.118123 
2558 0.118123 
2559 0.122828 
2560 0.122828 
2561 0.163771 
2562 0.163771 
2563 0.163994 
2564 0.163994 
2565 0.164947 
2566 0.164947 
2567 0.165288 
2568 0.165288 
2569 0.166291 
2570 0.166291 
2571 0.166423 
2572 0.166423 
2573 0.167620 
2574 0.167620 
2575 0.169284 
2576 0.169284 
2577 0.170975 
2578 0.170975 
2579 0.172562 
2580 0.172562 
2581 0.172994 
2582 0.172994 
2583 0.173627 
2584 0.173627 
2585 0.177038 
2586 0.177038 
2587 0.176641 
2588 0.176641 
2589 0.176913 
2590 0.176913 
2591 0.177755 
2592 0.177755 
2593 0.178667 
2594 0.178667 
2595 0.180031 
2596 0.180031 
2597 0.179523 
2598 0.179523 
2599 0.181646 
2600 0.181646 
2601 0.183539 
2602 0.183539 
2603 0.186588 
2604 0.186588 
2605 0.187897 
2606 0.187897 
2607 0.189219 
2608 0.189219 
2609 0.192143 
2610 0.192143 
2611 0.212900 
2612 0.212900 
2613 0.213199 
2614 0.213199 
2615 0.214257 
2616 0.214257 
2617 0.215886 
2618 0.215886 
2619 0.217118 
2620 0.217118 
2621 0.219554 
2622 0.219554 
2623 0.223828 
2624 0.223828 
2625 0.247501 
2626 0.247501 
2627 0.270840 
2628 0.270840 
2629 0.294618 
2630 0.294618 
2631 0.311679 
2632 0.311679 
2633 0.316635 
2634 0.316635 
2635 0.302094 
2636 0.302094 
2637 0.314672 
2638 0.314672 
2639 0.332985 
2640 0.332985 
2641 0.358608 
2642 0.358608 
2643 0.407214 
2644 0.407214 
2645 0.444461 
2646 0.444461 
2647 0.462433 
2648 0.462433 
2649 0.522608 
2650 0.522608 
2651 0.588951 
2652 0.588951 
2653 0.642534 
2654 0.642534 
2655 0.702062 
2656 0.702062 
2657 0.723563 
2658 0.723563 
2659 0.745998 
2660 0.745998 
2661 0.762898 
2662 0.762898 
2663 0.763866 
2664 0.763866 
2665 0.753132 
2666 0.753132 
2667 0.737868 
2668 0.737868 
2669 0.722610 
2670 0.722610 
2671 0.702375 
2672 0.702375 
2673 0.673739 
2674 0.673739 
2675 0.661216 
2676 0.661216 
2677 0.636248 
2678 0.636248 
2679 0.600296 
2680 0.600296 
2681 0.434479 
2682 0.434479 
2683 0.391671 
2684 0.391671 
2685 0.256647 
2686 0.256647 
2687 0.252666 
2688 0.252666 
2689 0.254879 
2690 0.254879 
2691 0.251371 
2692 0.251371 
2693 0.250773 
2694 0.250773 
2695 0.245789 
2696 0.245789 
2697 0.242072 
2698 0.242072 
2699 0.234728 
2700 0.234728 
2701 0.232536 
2702 0.232536 
2703 0.228450 
2704 0.228450 
2705 0.224211 
2706 0.224211 
2707 0.222853 
2708 0.222853 
2709 0.222477 
2710 0.222477 
2711 0.217883 
2712 0.217883 
2713 0.218120 
2714 0.218120 
2715 0.215350 
2716 0.215350 
2717 0.211257 
2718 0.211257 
2719 0.195428 
2720 0.195428 
2721 0.180692 
2722 0.180692 
2723 0.178368 
2724 0.178368 
2725 0.176161 
2726 0.176161 
2727 0.185565 
2728 0.185565 
2729 0.197475 
2730 0.197475 
2731 0.213547 
2732 0.213547 
2733 0.234199 
2734 0.234199 
2735 0.252060 
2736 0.252060 
2737 0.264743 
2738 0.264743 
2739 0.274550 
2740 0.274550 
2741 0.275365 
2742 0.275365 
2743 0.277780 
2744 0.277780 
2745 0.282479 
2746 0.282479 
2747 0.291500 
2748 0.291500 
2749 0.301711 
2750 0.301711 
2751 0.306716 
2752 0.306716 
2753 0.310704 
2754 0.310704 
2755 0.315716 
2756 0.315716 
2757 0.319850 
2758 0.319850 
2759 0.321076 
2760 0.321076 
2761 0.363828 
2762 0.363828 
2763 0.362018 
2764 0.362018 
2765 0.364810 
2766 0.364810 
2767 0.362582 
2768 0.362582 
2769 0.359680 
2770 0.359680 
2771 0.360355 
2772 0.360355 
2773 0.359144 
2774 0.359144 
2775 0.355301 
2776 0.355301 
2777 0.357257 
2778 0.357257 
2779 0.364587 
2780 0.364587 
2781 0.369759 
2782 0.369759 
2783 0.370886 
2784 0.370886 
2785 0.414022 
2786 0.414022 
2787 0.415059 
2788 0.415059 
2789 0.414578 
2790 0.414578 
2791 0.415490 
2792 0.415490 
2793 0.416068 
2794 0.416068 
2795 0.416729 
2796 0.416729 
2797 0.417432 
2798 0.417432 
2799 0.416743 
2800 0.416743 
2801 0.421302 
2802 0.421302 
2803 0.423961 
2804 0.423961 
2805 0.426774 
2806 0.426774 
2807 0.428347 
2808 0.428347 
2809 0.429843 
2810 0.429843 
2811 0.451616 
2812 0.451616 
2813 0.452006 
2814 0.452006 
2815 0.453530 
2816 0.453530 
2817 0.456001 
2818 0.456001 
2819 0.456531 
2820 0.456531 
2821 0.456092 
2822 0.456092 
2823 0.460296 
2824 0.460296 
2825 0.460999 
2826 0.460999 
2827 0.463429 
2828 0.463429 
2829 0.465760 
2830 0.465760 
2831 0.467132 
2832 0.467132 
2833 0.467939 
2834 0.467939 
2835 0.450823 
2836 0.450823 
2837 0.447558 
2838 0.447558 
2839 0.448470 
2840 0.448470 
2841 0.450113 
2842 0.450113 
2843 0.451414 
2844 0.451414 
2845 0.452382 
2846 0.452382 
2847 0.453684 
2848 0.453684 
2849 0.453892 
2850 0.453892 
2851 0.455674 
2852 0.455674 
2853 0.460944 
2854 0.460944 
2855 0.467473 
2856 0.467473 
2857 0.472220 
2858 0.472220 
2859 0.472972 
2860 0.472972 
2861 0.496422 
2862 0.496422 
2863 0.492830 
2864 0.492830 
2865 0.491585 
2866 0.491585 
2867 0.493095 
2868 0.493095 
2869 0.494675 
2870 0.494675 
2871 0.494786 
2872 0.494786 
2873 0.493631 
2874 0.493631 
2875 0.492643 
2876 0.492643 
2877 0.490979 
2878 0.490979 
2879 0.496318 
2880 0.496318 
2881 0.501378 
2882 0.501378 
2883 0.498197 
2884 0.498197 
2885 0.502450 
2886 0.502450 
2887 0.500195 
2888 0.500195 
2889 0.492650 
2890 0.492650 
2891 0.490158 
2892 0.490158 
2893 0.486935 
2894 0.486935 
2895 0.481540 
2896 0.481540 
2897 0.479348 
2898 0.479348 
2899 0.478777 
2900 0.478777 
2901 0.472972 
2902 0.472972 
2903 0.470696 
2904 0.470696 
2905 0.472213 
2906 0.472213 
2907 0.471440 
2908 0.471440 
2909 0.471552 
2910 0.471552 
2911 0.479417 
2912 0.479417 
2913 0.479132 
2914 0.479132 
2915 0.480266 
2916 0.480266 
2917 0.482055 
2918 0.482055 
2919 0.482557 
2920 0.482557 
2921 0.488278 
2922 0.488278 
2923 0.490868 
2924 0.490868 
2925 0.494564 
2926 0.494564 
2927 0.497174 
2928 0.497174 
2929 0.503230 
2930 0.503230 
2931 0.506021 
2932 0.506021 
2933 0.506891 
2934 0.506891 
2935 0.534163 
2936 0.534163 
2937 0.532854 
2938 0.532854 
2939 0.534024 
2940 0.534024 
2941 0.532701 
2942 0.532701 
2943 0.531601 
2944 0.531601 
2945 0.534142 
2946 0.534142 
2947 0.538145 
2948 0.538145 
2949 0.543177 
2950 0.543177 
2951 0.549477 
2952 0.549477 
2953 0.555226 
2954 0.555226 
2955 0.542669 
2956 0.542669 
2957 0.457206 
2958 0.457206 
2959 0.428702 
2960 0.428702 
2961 0.477315 
2962 0.477315 
2963 0.550402 
2964 0.550402 
2965 0.616306 
2966 0.616306 
2967 0.796727 
2968 0.796727 
2969 0.852420 
2970 0.852420 
2971 0.893063 
2972 0.893063 
2973 0.934389 
2974 0.934389 
2975 0.954247 
2976 0.954247 
2977 0.960115 
2978 0.960115 
2979 0.963094 
2980 0.963094 
2981 0.965412 
2982 0.965412 
2983 0.972450 
2984 0.972450 
2985 0.986893 
2986 0.986893 
2987 0.987450 
2988 0.987450 
2989 0.987680 
2990 0.987680 
2991 0.987492 
2992 0.987492 
2993 0.987791 
2994 0.987791 
2995 0.987673 
2996 0.987673 
2997 0.987777 
2998 0.987777 
2999 0.988905 
3000 0.988905 
3001 0.989601 
3002 0.989601 
3003 0.989698 
3004 0.989698 
3005 0.989371 
3006 0.989371 
3007 0.989350 
3008 0.989350 
3009 0.989844 
3010 0.989844 
3011 0.989587 
3012 0.989587 
3013 0.989357 
3014 0.989357 
3015 0.988849 
3016 0.988849 
3017 0.988153 
3018 0.988153 
3019 0.987659 
3020 0.987659 
3021 0.986900 
3022 0.986900 
3023 0.986510 
3024 0.986510 
3025 0.986106 
3026 0.986106 
3027 0.985612 
3028 0.985612 
3029 0.985236 
3030 0.985236 
3031 0.985341 
3032 0.985341 
3033 0.984721 
3034 0.984721 
3035 0.984039 
3036 0.984039 
3037 0.983726 
3038 0.983726 
3039 0.984429 
3040 0.984429 
3041 0.984311 
3042 0.984311 
3043 0.984234 
3044 0.984234 
3045 0.984241 
3046 0.984241 
3047 0.984032 
3048 0.984032 
3049 0.984213 
3050 0.984213 
3051 0.984262 
3052 0.984262 
3053 0.983976 
3054 0.983976 
3055 0.983524 
3056 0.983524 
3057 0.982682 
3058 0.982682 
3059 0.982236 
3060 0.982236 
3061 0.981137 
3062 0.981137 
3063 0.981102 
3064 0.981102 
3065 0.980023 
3066 0.980023 
3067 0.979661 
3068 0.979661 
3069 0.979717 
3070 0.979717 
3071 0.979863 
3072 0.979863 
3073 0.979898 
3074 0.979898 
3075 0.979299 
3076 0.979299 
3077 0.979515 
3078 0.979515 
3079 0.979034 
3080 0.979034 
3081 0.977768 
3082 0.977768 
3083 0.978491 
3084 0.978491 
3085 0.977468 
3086 0.977468 
3087 0.976208 
3088 0.976208 
3089 0.976396 
3090 0.976396 
3091 0.976494 
3092 0.976494 
3093 0.975742 
3094 0.975742 
3095 0.975478 
3096 0.975478 
3097 0.974747 
3098 0.974747 
3099 0.974607 
3100 0.974607 
3101 0.974440 
3102 0.974440 
3103 0.974837 
3104 0.974837 
3105 0.976062 
3106 0.976062 
3107 0.976013 
3108 0.976013 
3109 0.976417 
3110 0.976417 
3111 0.975993 
3112 0.975993 
3113 0.975798 
3114 0.975798 
3115 0.975777 
3116 0.975777 
3117 0.975533 
3118 0.975533 
3119 0.975422 
3120 0.975422 
3121 0.975199 
3122 0.975199 
3123 0.974378 
3124 0.974378 
3125 0.974002 
3126 0.974002 
3127 0.973591 
3128 0.973591 
3129 0.972986 
3130 0.972986 
3131 0.972241 
3132 0.972241 
3133 0.972965 
3134 0.972965 
3135 0.971976 
3136 0.971976 
3137 0.971037 
3138 0.971037 
3139 0.970020 
3140 0.970020 
3141 0.967800 
3142 0.967800 
3143 0.966679 
3144 0.966679 
3145 0.964953 
3146 0.964953 
3147 0.964006 
3148 0.964006 
3149 0.963234 
3150 0.963234 
3151 0.963429 
3152 0.963429 
3153 0.963693 
3154 0.963693 
3155 0.962872 
3156 0.962872 
3157 0.962009 
3158 0.962009 
3159 0.961883 
3160 0.961883 
3161 0.962231 
3162 0.962231 
3163 0.961535 
3164 0.961535 
3165 0.961062 
3166 0.961062 
3167 0.961048 
3168 0.961048 
3169 0.960296 
3170 0.960296 
3171 0.960408 
3172 0.960408 
3173 0.960241 
3174 0.960241 
3175 0.960122 
3176 0.960122 
3177 0.960533 
3178 0.960533 
3179 0.959538 
3180 0.959538 
3181 0.959009 
3182 0.959009 
3183 0.958855 
3184 0.958855 
3185 0.960790 
3186 0.960790 
3187 0.960157 
3188 0.960157 
3189 0.960074 
3190 0.960074 
3191 0.959774 
3192 0.959774 
3193 0.959558 
3194 0.959558 
3195 0.959746 
3196 0.959746 
3197 0.959134 
3198 0.959134 
3199 0.959022 
3200 0.959022 
3201 0.959377 
3202 0.959377 
3203 0.959301 
3204 0.959301 
3205 0.958584 
3206 0.958584 
3207 0.958535 
3208 0.958535 
3209 0.958417 
3210 0.958417 
3211 0.959127 
3212 0.959127 
3213 0.959106 
3214 0.959106 
3215 0.959370 
3216 0.959370 
3217 0.959586 
3218 0.959586 
3219 0.959760 
3220 0.959760 
3221 0.959551 
3222 0.959551 
3223 0.959642 
3224 0.959642 
3225 0.959517 
3226 0.959517 
3227 0.959169 
3228 0.959169 
3229 0.959224 
3230 0.959224 
3231 0.959155 
3232 0.959155 
3233 0.959120 
3234 0.959120 
3235 0.958549 
3236 0.958549 
3237 0.958883 
3238 0.958883 
3239 0.959029 
3240 0.959029 
3241 0.959245 
3242 0.959245 
3243 0.959475 
3244 0.959475 
3245 0.959642 
3246 0.959642 
3247 0.959343 
3248 0.959343 
3249 0.959273 
3250 0.959273 
3251 0.959315 
3252 0.959315 
3253 0.959705 
3254 0.959705 
3255 0.959774 
3256 0.959774 
3257 0.959767 
3258 0.959767 
3259 0.959600 
3260 0.959600 
3261 0.959266 
3262 0.959266 
3263 0.958876 
3264 0.958876 
3265 0.959370 
3266 0.959370 
3267 0.959433 
3268 0.959433 
3269 0.959544 
3270 0.959544 
3271 0.959224 
3272 0.959224 
3273 0.959301 
3274 0.959301 
3275 0.958932 
3276 0.958932 
3277 0.958751 
3278 0.958751 
3279 0.958911 
3280 0.958911 
3281 0.959120 
3282 0.959120 
3283 0.959085 
3284 0.959085 
3285 0.957519 
3286 0.957519 
3287 0.957505 
3288 0.957505 
3289 0.957937 
3290 0.957937 
3291 0.957756 
3292 0.957756 
3293 0.958083 
3294 0.958083 
3295 0.957770 
3296 0.957770 
3297 0.957505 
3298 0.957505 
3299 0.957519 
3300 0.957519 
3301 0.957519 
3302 0.957519 
3303 0.957338 
3304 0.957338 
3305 0.957470 
3306 0.957470 
3307 0.957547 
3308 0.957547 
3309 0.957477 
3310 0.957477 
3311 0.959169 
3312 0.959169 
3313 0.959134 
3314 0.959134 
3315 0.958939 
3316 0.958939 
3317 0.958974 
3318 0.958974 
3319 0.958904 
3320 0.958904 
3321 0.958904 
3322 0.958904 
3323 0.958542 
3324 0.958542 
3325 0.957930 
3326 0.957930 
3327 0.957881 
3328 0.957881 
3329 0.958215 
3330 0.958215 
3331 0.958361 
3332 0.958361 
3333 0.958319 
3334 0.958319 
3335 0.957234 
3336 0.957234 
3337 0.957227 
3338 0.957227 
3339 0.956962 
3340 0.956962 
3341 0.957025 
3342 0.957025 
3343 0.956809 
3344 0.956809 
3345 0.957004 
3346 0.957004 
3347 0.956732 
3348 0.956732 
3349 0.956767 
3350 0.956767 
3351 0.956788 
3352 0.956788 
3353 0.956468 
3354 0.956468 
3355 0.956447 
3356 0.956447 
3357 0.956544 
3358 0.956544 
3359 0.956503 
3360 0.956503 
3361 0.957616 
3362 0.957616 
3363 0.958069 
3364 0.958069 
3365 0.958152 
3366 0.958152 
3367 0.958236 
3368 0.958236 
3369 0.958556 
3370 0.958556 
3371 0.958403 
3372 0.958403 
3373 0.958431 
3374 0.958431 
3375 0.958452 
3376 0.958452 
3377 0.958452 
3378 0.958452 
3379 0.958486 
3380 0.958486 
3381 0.958243 
3382 0.958243 
3383 0.958389 
3384 0.958389 
3385 0.957874 
3386 0.957874 
3387 0.957512 
3388 0.957512 
3389 0.957665 
3390 0.957665 
3391 0.957512 
3392 0.957512 
3393 0.957776 
3394 0.957776 
3395 0.957498 
3396 0.957498 
3397 0.957637 
3398 0.957637 
3399 0.957345 
3400 0.957345 
3401 0.957526 
3402 0.957526 
3403 0.957867 
3404 0.957867 
3405 0.957637 
3406 0.957637 
3407 0.957540 
3408 0.957540 
3409 0.957707 
3410 0.957707 
3411 0.957435 
3412 0.957435 
3413 0.957742 
3414 0.957742 
3415 0.957394 
3416 0.957394 
3417 0.957456 
3418 0.957456 
3419 0.957589 
3420 0.957589 
3421 0.957644 
3422 0.957644 
3423 0.957519 
3424 0.957519 
3425 0.957275 
3426 0.957275 
3427 0.957324 
3428 0.957324 
3429 0.957540 
3430 0.957540 
3431 0.957470 
3432 0.957470 
3433 0.957839 
3434 0.957839 
3435 0.958883 
3436 0.958883 
3437 0.959092 
3438 0.959092 
3439 0.959357 
3440 0.959357 
3441 0.958995 
3442 0.958995 
3443 0.958814 
3444 0.958814 
3445 0.958695 
3446 0.958695 
3447 0.958821 
3448 0.958821 
3449 0.958932 
3450 0.958932 
3451 0.958667 
3452 0.958667 
3453 0.958744 
3454 0.958744 
3455 0.958751 
3456 0.958751 
3457 0.958493 
3458 0.958493 
3459 0.958480 
3460 0.958480 
3461 0.959315 
3462 0.959315 
3463 0.959656 
3464 0.959656 
3465 0.959308 
3466 0.959308 
3467 0.959169 
3468 0.959169 
3469 0.960067 
3470 0.960067 
3471 0.960101 
3472 0.960101 
3473 0.959593 
3474 0.959593 
3475 0.959621 
3476 0.959621 
3477 0.959809 
3478 0.959809 
3479 0.959802 
3480 0.959802 
3481 0.959816 
3482 0.959816 
3483 0.959649 
3484 0.959649 
3485 0.958869 
3486 0.958869 
3487 0.958918 
3488 0.958918 
3489 0.958667 
3490 0.958667 
3491 0.958751 
3492 0.958751 
3493 0.958340 
3494 0.958340 
3495 0.958619 
3496 0.958619 
3497 0.958647 
3498 0.958647 
3499 0.958681 
3500 0.958681 
3501 0.958988 
3502 0.958988 
3503 0.958981 
3504 0.958981 
3505 0.958960 
3506 0.958960 
3507 0.958821 
3508 0.958821 
3509 0.958751 
3510 0.958751 
3511 0.960248 
3512 0.960248 
3513 0.960338 
3514 0.960338 
3515 0.960456 
3516 0.960456 
3517 0.960373 
3518 0.960373 
3519 0.960199 
3520 0.960199 
3521 0.960101 
3522 0.960101 
3523 0.960401 
3524 0.960401 
3525 0.960352 
3526 0.960352 
3527 0.960463 
3528 0.960463 
3529 0.960282 
3530 0.960282 
3531 0.960366 
3532 0.960366 
3533 0.960317 
3534 0.960317 
3535 0.959732 
3536 0.959732 
3537 0.959398 
3538 0.959398 
3539 0.959301 
3540 0.959301 
3541 0.959370 
3542 0.959370 
3543 0.959489 
3544 0.959489 
3545 0.959196 
3546 0.959196 
3547 0.959433 
3548 0.959433 
3549 0.959189 
3550 0.959189 
3551 0.958772 
3552 0.958772 
3553 0.958737 
3554 0.958737 
3555 0.958667 
3556 0.958667 
3557 0.958292 
3558 0.958292 
3559 0.958591 
3560 0.958591 
3561 0.958605 
3562 0.958605 
3563 0.958431 
3564 0.958431 
3565 0.958563 
3566 0.958563 
3567 0.958786 
3568 0.958786 
3569 0.959085 
3570 0.959085 
3571 0.959370 
3572 0.959370 
3573 0.959544 
3574 0.959544 
3575 0.959050 
3576 0.959050 
3577 0.958953 
3578 0.958953 
3579 0.959050 
3580 0.959050 
3581 0.959064 
3582 0.959064 
3583 0.958974 
3584 0.958974 
3585 0.959015 
3586 0.959015 
3587 0.959155 
3588 0.959155 
3589 0.959189 
3590 0.959189 
3591 0.959419 
3592 0.959419 
3593 0.959440 
3594 0.959440 
3595 0.958563 
3596 0.958563 
3597 0.958354 
3598 0.958354 
3599 0.958584 
3600 0.958584 
3601 0.958737 
3602 0.958737 
3603 0.958737 
3604 0.958737 
3605 0.958911 
3606 0.958911 
3607 0.958855 
3608 0.958855 
3609 0.959280 
3610 0.959280 
3611 0.959036 
3612 0.959036 
3613 0.958995 
3614 0.958995 
3615 0.958848 
3616 0.958848 
3617 0.958862 
3618 0.958862 
3619 0.958473 
3620 0.958473 
3621 0.958480 
3622 0.958480 
3623 0.958765 
3624 0.958765 
3625 0.958918 
3626 0.958918 
3627 0.959203 
3628 0.959203 
3629 0.959183 
3630 0.959183 
3631 0.959057 
3632 0.959057 
3633 0.959189 
3634 0.959189 
3635 0.959120 
3636 0.959120 
3637 0.959183 
3638 0.959183 
3639 0.959050 
3640 0.959050 
3641 0.959043 
3642 0.959043 
3643 0.959036 
3644 0.959036 
3645 0.960937 
3646 0.960937 
3647 0.960721 
3648 0.960721 
3649 0.960658 
3650 0.960658 
3651 0.960387 
3652 0.960387 
3653 0.960561 
3654 0.960561 
3655 0.960498 
3656 0.960498 
3657 0.959955 
3658 0.959955 
3659 0.959739 
3660 0.959739 
3661 0.959753 
3662 0.959753 
3663 0.959447 
3664 0.959447 
3665 0.959329 
3666 0.959329 
3667 0.959384 
3668 0.959384 
3669 0.960470 
3670 0.960470 
3671 0.960401 
3672 0.960401 
3673 0.960428 
3674 0.960428 
3675 0.960115 
3676 0.960115 
3677 0.959732 
3678 0.959732 
3679 0.959572 
3680 0.959572 
3681 0.959447 
3682 0.959447 
3683 0.959621 
3684 0.959621 
3685 0.959482 
3686 0.959482 
3687 0.959384 
3688 0.959384 
3689 0.959322 
3690 0.959322 
3691 0.959384 
3692 0.959384 
3693 0.959461 
3694 0.959461 
3695 0.958542 
3696 0.958542 
3697 0.958786 
3698 0.958786 
3699 0.958883 
3700 0.958883 
3701 0.959092 
3702 0.959092 
3703 0.959551 
3704 0.959551 
3705 0.959551 
3706 0.959551 
3707 0.959698 
3708 0.959698 
3709 0.959983 
3710 0.959983 
3711 0.959760 
3712 0.959760 
3713 0.960199 
3714 0.960199 
3715 0.960373 
3716 0.960373 
3717 0.959802 
3718 0.959802 
3719 0.959851 
3720 0.959851 
3721 0.960164 
3722 0.960164 
3723 0.959990 
3724 0.959990 
3725 0.959781 
3726 0.959781 
3727 0.959482 
3728 0.959482 
3729 0.959739 
3730 0.959739 
3731 0.959809 
3732 0.959809 
3733 0.958995 
3734 0.958995 
3735 0.959454 
3736 0.959454 
3737 0.959022 
3738 0.959022 
3739 0.958848 
3740 0.958848 
3741 0.958619 
3742 0.958619 
3743 0.958229 
3744 0.958229 
3745 0.958542 
3746 0.958542 
3747 0.959259 
3748 0.959259 
3749 0.959315 
3750 0.959315 
3751 0.958869 
3752 0.958869 
3753 0.958473 
3754 0.958473 
3755 0.958445 
3756 0.958445 
3757 0.958521 
3758 0.958521 
3759 0.959085 
3760 0.959085 
3761 0.958981 
3762 0.958981 
3763 0.958841 
3764 0.958841 
3765 0.959092 
3766 0.959092 
3767 0.958779 
3768 0.958779 
3769 0.959719 
3770 0.959719 
3771 0.959294 
3772 0.959294 
3773 0.959767 
3774 0.959767 
3775 0.959677 
3776 0.959677 
3777 0.959621 
3778 0.959621 
3779 0.959621 
3780 0.959621 
3781 0.959642 
3782 0.959642 
3783 0.959886 
3784 0.959886 
3785 0.959468 
3786 0.959468 
3787 0.959336 
3788 0.959336 
3789 0.959384 
3790 0.959384 
3791 0.959635 
3792 0.959635 
3793 0.959489 
3794 0.959489 
3795 0.958605 
3796 0.958605 
3797 0.958417 
3798 0.958417 
3799 0.957401 
3800 0.957401 
3801 0.957192 
3802 0.957192 
3803 0.957129 
3804 0.957129 
3805 0.956781 
3806 0.956781 
3807 0.956969 
3808 0.956969 
3809 0.956851 
3810 0.956851 
3811 0.957241 
3812 0.957241 
3813 0.957018 
3814 0.957018 
3815 0.957220 
3816 0.957220 
3817 0.957825 
3818 0.957825 
3819 0.961674 
3820 0.961674 
3821 0.961667 
3822 0.961667 
3823 0.961354 
3824 0.961354 
3825 0.961201 
3826 0.961201 
3827 0.961466 
3828 0.961466 
3829 0.961285 
3830 0.961285 
3831 0.961326 
3832 0.961326 
3833 0.961125 
3834 0.961125 
3835 0.961626 
3836 0.961626 
3837 0.961661 
3838 0.961661 
3839 0.962009 
3840 0.962009 
3841 0.962092 
3842 0.962092 
3843 0.962308 
3844 0.962308 
3845 0.962029 
3846 0.962029 
3847 0.962057 
3848 0.962057 
3849 0.962029 
3850 0.962029 
3851 0.961981 
3852 0.961981 
3853 0.962245 
3854 0.962245 
3855 0.961911 
3856 0.961911 
3857 0.961988 
3858 0.961988 
3859 0.961960 
3860 0.961960 
3861 0.961772 
3862 0.961772 
3863 0.962071 
3864 0.962071 
3865 0.962022 
3866 0.962022 
3867 0.962029 
3868 0.962029 
3869 0.962948 
3870 0.962948 
3871 0.962343 
3872 0.962343 
3873 0.962732 
3874 0.962732 
3875 0.962809 
3876 0.962809 
3877 0.963060 
3878 0.963060 
3879 0.962920 
3880 0.962920 
3881 0.962712 
3882 0.962712 
3883 0.962830 
3884 0.962830 
3885 0.962913 
3886 0.962913 
3887 0.962552 
3888 0.962552 
3889 0.962384 
3890 0.962384 
3891 0.962503 
3892 0.962503 
3893 0.962454 
3894 0.962454 
3895 0.961292 
3896 0.961292 
3897 0.961842 
3898 0.961842 
3899 0.961995 
3900 0.961995 
3901 0.962364 
3902 0.962364 
3903 0.962127 
3904 0.962127 
3905 0.962259 
3906 0.962259 
3907 0.962155 
3908 0.962155 
3909 0.962036 
3910 0.962036 
3911 0.961932 
3912 0.961932 
3913 0.961835 
3914 0.961835 
3915 0.962002 
3916 0.962002 
3917 0.962057 
3918 0.962057 
3919 0.964737 
3920 0.964737 
3921 0.964570 
3922 0.964570 
3923 0.964716 
3924 0.964716 
3925 0.964849 
3926 0.964849 
3927 0.965085 
3928 0.965085 
3929 0.965030 
3930 0.965030 
3931 0.964821 
3932 0.964821 
3933 0.964354 
3934 0.964354 
3935 0.964598 
3936 0.964598 
3937 0.964682 
3938 0.964682 
3939 0.964737 
3940 0.964737 
3941 0.964570 
3942 0.964570 
3943 0.964466 
3944 0.964466 
3945 0.962412 
3946 0.962412 
3947 0.962343 
3948 0.962343 
3949 0.962545 
3950 0.962545 
3951 0.962886 
3952 0.962886 
3953 0.962844 
3954 0.962844 
3955 0.962795 
3956 0.962795 
3957 0.963046 
3958 0.963046 
3959 0.963171 
3960 0.963171 
3961 0.963094 
3962 0.963094 
3963 0.962983 
3964 0.962983 
3965 0.963129 
3966 0.963129 
3967 0.962837 
3968 0.962837 
3969 0.963797 
3970 0.963797 
3971 0.962906 
3972 0.962906 
3973 0.963303 
3974 0.963303 
3975 0.963039 
3976 0.963039 
3977 0.962621 
3978 0.962621 
3979 0.963087 
3980 0.963087 
3981 0.963157 
3982 0.963157 
3983 0.963345 
3984 0.963345 
3985 0.963268 
3986 0.963268 
3987 0.962900 
3988 0.962900 
3989 0.963157 
3990 0.963157 
3991 0.963227 
3992 0.963227 
3993 0.963422 
3994 0.963422 
3995 0.963373 
3996 0.963373 
3997 0.963373 
3998 0.963373 
3999 0.963289 
4000 0.963289 
4001 0.963366 
4002 0.963366 
4003 0.963324 
4004 0.963324 
4005 0.963387 
4006 0.963387 
4007 0.963512 
4008 0.963512 
4009 0.963554 
4010 0.963554 
4011 0.963860 
4012 0.963860 
4013 0.963867 
4014 0.963867 
4015 0.963804 
4016 0.963804 
4017 0.963707 
4018 0.963707 
4019 0.963213 
4020 0.963213 
4021 0.963234 
4022 0.963234 
4023 0.963742 
4024 0.963742 
4025 0.963408 
4026 0.963408 
4027 0.963637 
4028 0.963637 
4029 0.963575 
4030 0.963575 
4031 0.963596 
4032 0.963596 
4033 0.963561 
4034 0.963561 
4035 0.963540 
4036 0.963540 
4037 0.963623 
4038 0.963623 
4039 0.963449 
4040 0.963449 
4041 0.963498 
4042 0.963498 
4043 0.963463 
4044 0.963463 
4045 0.962217 
4046 0.962217 
4047 0.962134 
4048 0.962134 
4049 0.962071 
4050 0.962071 
4051 0.962155 
4052 0.962155 
4053 0.962169 
4054 0.962169 
4055 0.962371 
4056 0.962371 
4057 0.962579 
4058 0.962579 
4059 0.962391 
4060 0.962391 
4061 0.962475 
4062 0.962475 
4063 0.962558 
4064 0.962558 
4065 0.962649 
4066 0.962649 
4067 0.962983 
4068 0.962983 
4069 0.962078 
4070 0.962078 
4071 0.962210 
4072 0.962210 
4073 0.962050 
4074 0.962050 
4075 0.962426 
4076 0.962426 
4077 0.962412 
4078 0.962412 
4079 0.962231 
4080 0.962231 
4081 0.962183 
4082 0.962183 
4083 0.962176 
4084 0.962176 
4085 0.962231 
4086 0.962231 
4087 0.962245 
4088 0.962245 
4089 0.962371 
4090 0.962371 
4091 0.962447 
4092 0.962447 
4093 0.962183 
4094 0.962183 
4095 0.965412 
4096 0.965412 
4097 0.965357 
4098 0.965357 
4099 0.965183 
4100 0.965183 
4101 0.965259 
4102 0.965259 
4103 0.964779 
4104 0.964779 
4105 0.964145 
4106 0.964145 
4107 0.964487 
4108 0.964487 
4109 0.964180 
4110 0.964180 
4111 0.964229 
4112 0.964229 
4113 0.964417 
4114 0.964417 
4115 0.964494 
4116 0.964494 
4117 0.964626 
4118 0.964626 
4119 0.965934 
4120 0.965934 
4121 0.965496 
4122 0.965496 
4123 0.965719 
4124 0.965719 
4125 0.965781 
4126 0.965781 
4127 0.965760 
4128 0.965760 
4129 0.965517 
4130 0.965517 
4131 0.965496 
4132 0.965496 
4133 0.965378 
4134 0.965378 
4135 0.965315 
4136 0.965315 
4137 0.965294 
4138 0.965294 
4139 0.965510 
4140 0.965510 
4141 0.965350 
4142 0.965350 
4143 0.965496 
4144 0.965496 
4145 0.966672 
4146 0.966672 
4147 0.967118 
4148 0.967118 
4149 0.966888 
4150 0.966888 
4151 0.967139 
4152 0.967139 
4153 0.967591 
4154 0.967591 
4155 0.967904 
4156 0.967904 
4157 0.967856 
4158 0.967856 
4159 0.967208 
4160 0.967208 
4161 0.967076 
4162 0.967076 
4163 0.966498 
4164 0.966498 
4165 0.966484 
4166 0.966484 
4167 0.966255 
4168 0.966255 
4169 0.964647 
4170 0.964647 
4171 0.964897 
4172 0.964897 
4173 0.964855 
4174 0.964855 
4175 0.964793 
4176 0.964793 
4177 0.963832 
4178 0.963832 
4179 0.964076 
4180 0.964076 
4181 0.963366 
4182 0.963366 
4183 0.963616 
4184 0.963616 
4185 0.963756 
4186 0.963756 
4187 0.964897 
4188 0.964897 
4189 0.967459 
4190 0.967459 
4191 0.968252 
4192 0.968252 
4193 0.968322 
4194 0.968322 
4195 0.972359 
4196 0.972359 
4197 0.971809 
4198 0.971809 
4199 0.971016 
4200 0.971016 
4201 0.971051 
4202 0.971051 
4203 0.972345 
4204 0.972345 
4205 0.972491 
4206 0.972491 
4207 0.973508 
4208 0.973508 
4209 0.974343 
4210 0.974343 
4211 0.975053 
4212 0.975053 
4213 0.975512 
4214 0.975512 
4215 0.975129 
4216 0.975129 
4217 0.974552 
4218 0.974552 
4219 0.975401 
4220 0.975401 
4221 0.976375 
4222 0.976375 
4223 0.976696 
4224 0.976696 
4225 0.977315 
4226 0.977315 
4227 0.976368 
4228 0.976368 
4229 0.975958 
4230 0.975958 
4231 0.975791 
4232 0.975791 
4233 0.975763 
4234 0.975763 
4235 0.977621 
4236 0.977621 
4237 0.978352 
4238 0.978352 
4239 0.979375 
4240 0.979375 
4241 0.978401 
4242 0.978401 
4243 0.975693 
4244 0.975693 
4245 0.974057 
4246 0.974057 
4247 0.974872 
4248 0.974872 
4249 0.975860 
4250 0.975860 
4251 0.975471 
4252 0.975471 
4253 0.975923 
4254 0.975923 
4255 0.976375 
4256 0.976375 
4257 0.978596 
4258 0.978596 
4259 0.979132 
4260 0.979132 
4261 0.978526 
4262 0.978526 
4263 0.979911 
4264 0.979911 
4265 0.979480 
4266 0.979480 
4267 0.981951 
4268 0.981951 
4269 0.983072 
4270 0.983072 
4271 0.983002 
4272 0.983002 
4273 0.981749 
4274 0.981749 
4275 0.983176 
4276 0.983176 
4277 0.984686 
4278 0.984686 
4279 0.984826 
4280 0.984826 
4281 0.984283 
4282 0.984283 
4283 0.984742 
4284 0.984742 
4285 0.984290 
4286 0.984290 
4287 0.985062 
4288 0.985062 
4289 0.983782 
4290 0.983782 
4291 0.984840 
4292 0.984840 
4293 0.983594 
4294 0.983594 
4295 0.986120 
4296 0.986120 
4297 0.985390 
4298 0.985390 
4299 0.986461 
4300 0.986461 
4301 0.987178 
4302 0.987178 
4303 0.987805 
4304 0.987805 
4305 0.989107 
4306 0.989107 
4307 0.989260 
4308 0.989260 
4309 0.988376 
4310 0.988376 
4311 0.989301 
4312 0.989301 
4313 0.989030 
4314 0.989030 
4315 0.988007 
4316 0.988007 
4317 0.986761 
4318 0.986761 
4319 0.987464 
4320 0.987464 
4321 0.988341 
4322 0.988341 
4323 0.988884 
4324 0.988884 
4325 0.988167 
4326 0.988167 
4327 0.988216 
4328 0.988216 
4329 0.987338 
4330 0.987338 
4331 0.986747 
4332 0.986747 
4333 0.986510 
4334 0.986510 
4335 0.986963 
4336 0.986963 
4337 0.986531 
4338 0.986531 
4339 0.987192 
4340 0.987192 
4341 0.986552 
4342 0.986552 
4343 0.986775 
4344 0.986775 
4345 0.985884 
4346 0.985884 
4347 0.985605 
4348 0.985605 
4349 0.985570 
4350 0.985570 
4351 0.985313 
4352 0.985313 
4353 0.985960 
4354 0.985960 
4355 0.985717 
4356 0.985717 
4357 0.986712 
4358 0.986712 
4359 0.987276 
4360 0.987276 
4361 0.987554 
4362 0.987554 
4363 0.987206 
4364 0.987206 
4365 0.986385 
4366 0.986385 
4367 0.986232 
4368 0.986232 
4369 0.986336 
4370 0.986336 
4371 0.985668 
4372 0.985668 
4373 0.985348 
4374 0.985348 
4375 0.984909 
4376 0.984909 
4377 0.983956 
4378 0.983956 
4379 0.983886 
4380 0.983886 
4381 0.979828 
4382 0.979828 
4383 0.975728 
4384 0.975728 
4385 0.975345 
4386 0.975345 
4387 0.972185 
4388 0.972185 
4389 0.971322 
4390 0.971322 
4391 0.968392 
4392 0.968392 
4393 0.958528 
4394 0.958528 
4395 0.941809 
4396 0.941809 
4397 0.932795 
4398 0.932795 
4399 0.917592 
4400 0.917592 
4401 0.901840 
4402 0.901840 
4403 0.893355 
4404 0.893355 
4405 0.885044 
4406 0.885044 
4407 0.886068 
4408 0.886068 
4409 0.862972 
4410 0.862972 
4411 0.823512 
4412 0.823512 
4413 0.839675 
4414 0.839675 
4415 0.861837 
4416 0.861837 
4417 0.939338 
4418 0.939338 
4419 0.975269 
4420 0.975269 
4421 0.984276 
4422 0.984276 
4423 0.984721 
4424 0.984721 
4425 0.985306 
4426 0.985306 
4427 0.985341 
4428 0.985341 
4429 0.983545 
4430 0.983545 
4431 0.981993 
4432 0.981993 
4433 0.981909 
4434 0.981909 
4435 0.981227 
4436 0.981227 
4437 0.980705 
4438 0.980705 
4439 0.978164 
4440 0.978164 
4441 0.977573 
4442 0.977573 
4443 0.975310 
4444 0.975310 
4445 0.974127 
4446 0.974127 
4447 0.973772 
4448 0.973772 
4449 0.972136 
4450 0.972136 
4451 0.969721 
4452 0.969721 
4453 0.966463 
4454 0.966463 
4455 0.965767 
4456 0.965767 
4457 0.964452 
4458 0.964452 
4459 0.961535 
4460 0.961535 
4461 0.959670 
4462 0.959670 
4463 0.956628 
4464 0.956628 
4465 0.952459 
4466 0.952459 
4467 0.951373 
4468 0.951373 
4469 0.949716 
4470 0.949716 
4471 0.956802 
4472 0.956802 
4473 0.960526 
4474 0.960526 
4475 0.962405 
4476 0.962405 
4477 0.966025 
4478 0.966025 
4479 0.965962 
4480 0.965962 
4481 0.970111 
4482 0.970111 
4483 0.959496 
4484 0.959496 
4485 0.956753 
4486 0.956753 
4487 0.936331 
4488 0.936331 
4489 0.926586 
4490 0.926586 
4491 0.925103 
4492 0.925103 
4493 0.932955 
4494 0.932955 
4495 0.924964 
4496 0.924964 
4497 0.927887 
4498 0.927887 
4499 0.933456 
4500 0.933456 
4501 0.943681 
4502 0.943681 
4503 0.956927 
4504 0.956927 
4505 0.962635 
4506 0.962635 
4507 0.975993 
4508 0.975993 
4509 0.979313 
4510 0.979313 
4511 0.979153 
4512 0.979153 
4513 0.980148 
4514 0.980148 
4515 0.981533 
4516 0.981533 
4517 0.983183 
4518 0.983183 
4519 0.980761 
4520 0.980761 
4521 0.981756 
4522 0.981756 
4523 0.982250 
4524 0.982250 
4525 0.983823 
4526 0.983823 
4527 0.983942 
4528 0.983942 
4529 0.983364 
4530 0.983364 
4531 0.983796 
4532 0.983796 
4533 0.982800 
4534 0.982800 
4535 0.984025 
4536 0.984025 
4537 0.983385 
4538 0.983385 
4539 0.982598 
4540 0.982598 
4541 0.983051 
4542 0.983051 
4543 0.982898 
4544 0.982898 
4545 0.983844 
4546 0.983844 
4547 0.983371 
4548 0.983371 
4549 0.983823 
4550 0.983823 
4551 0.981784 
4552 0.981784 
4553 0.980406 
4554 0.980406 
4555 0.980134 
4556 0.980134 
4557 0.979828 
4558 0.979828 
4559 0.981582 
4560 0.981582 
4561 0.980058 
4562 0.980058 
4563 0.979320 
4564 0.979320 
4565 0.981304 
4566 0.981304 
4567 0.981847 
4568 0.981847 
4569 0.981937 
4570 0.981937 
4571 0.981102 
4572 0.981102 
4573 0.980712 
4574 0.980712 
4575 0.982132 
4576 0.982132 
4577 0.982362 
4578 0.982362 
4579 0.984192 
4580 0.984192 
4581 0.983420 
4582 0.983420 
4583 0.982946 
4584 0.982946 
4585 0.982640 
4586 0.982640 
4587 0.982028 
4588 0.982028 
4589 0.980545 
4590 0.980545 
4591 0.980545 
4592 0.980545 
4593 0.979981 
4594 0.979981 
4595 0.979953 
4596 0.979953 
4597 0.979452 
4598 0.979452 
4599 0.978596 
4600 0.978596 
4601 0.978150 
4602 0.978150 
4603 0.976076 
4604 0.976076 
4605 0.974990 
4606 0.974990 
4607 0.976320 
4608 0.976320 
4609 0.977099 
4610 0.977099 
4611 0.978366 
4612 0.978366 
4613 0.977399 
4614 0.977399 
4615 0.979522 
4616 0.979522 
4617 0.980580 
4618 0.980580 
4619 0.979807 
4620 0.979807 
4621 0.981700 
4622 0.981700 
4623 0.978589 
4624 0.978589 
4625 0.978833 
4626 0.978833 
4627 0.978652 
4628 0.978652 
4629 0.980468 
4630 0.980468 
4631 0.981666 
4632 0.981666 
4633 0.980614 
4634 0.980614 
4635 0.981700 
4636 0.981700 
4637 0.983475 
4638 0.983475 
4639 0.983573 
4640 0.983573 
4641 0.980566 
4642 0.980566 
4643 0.981269 
4644 0.981269 
4645 0.980434 
4646 0.980434 
4647 0.982995 
4648 0.982995 
4649 0.981819 
4650 0.981819 
4651 0.982473 
4652 0.982473 
4653 0.983037 
4654 0.983037 
4655 0.982111 
4656 0.982111 
4657 0.982905 
4658 0.982905 
4659 0.985522 
4660 0.985522 
4661 0.985146 
4662 0.985146 
4663 0.986253 
4664 0.986253 
4665 0.986559 
4666 0.986559 
4667 0.986761 
4668 0.986761 
4669 0.986434 
4670 0.986434 
4671 0.987930 
4672 0.987930 
4673 0.986705 
4674 0.986705 
4675 0.984429 
4676 0.984429 
4677 0.982341 
4678 0.982341 
4679 0.979181 
4680 0.979181 
4681 0.979870 
4682 0.979870 
4683 0.979083 
4684 0.979083 
4685 0.977851 
4686 0.977851 
4687 0.971204 
4688 0.971204 
4689 0.965830 
4690 0.965830 
4691 0.964166 
4692 0.964166 
4693 0.959259 
4694 0.959259 
4695 0.954721 
4696 0.954721 
4697 0.957345 
4698 0.957345 
4699 0.961848 
4700 0.961848 
4701 0.962872 
4702 0.962872 
4703 0.964424 
4704 0.964424 
4705 0.966519 
4706 0.966519 
4707 0.965955 
4708 0.965955 
4709 0.968050 
4710 0.968050 
4711 0.976368 
4712 0.976368 
4713 0.981603 
4714 0.981603 
4715 0.983016 
4716 0.983016 
4717 0.986190 
4718 0.986190 
4719 0.988577 
4720 0.988577 
4721 0.988953 
4722 0.988953 
4723 0.987937 
4724 0.987937 
4725 0.987394 
4726 0.987394 
4727 0.985870 
4728 0.985870 
4729 0.984366 
4730 0.984366 
4731 0.981171 
4732 0.981171 
4733 0.982041 
4734 0.982041 
4735 0.981554 
4736 0.981554 
4737 0.981909 
4738 0.981909 
4739 0.984763 
4740 0.984763 
4741 0.985891 
4742 0.985891 
4743 0.986413 
4744 0.986413 
4745 0.985397 
4746 0.985397 
4747 0.983169 
4748 0.983169 
4749 0.956955 
4750 0.956955 
4751 0.943256 
4752 0.943256 
4753 0.840113 
4754 0.840113 
4755 0.733475 
4756 0.733475 
4757 0.646049 
4758 0.646049 
4759 0.414620 
4760 0.414620 
4761 0.342354 
4762 0.342354 
4763 0.303333 
4764 0.303333 
4765 0.263309 
4766 0.263309 
4767 0.238745 
4768 0.238745 
4769 0.185948 
4770 0.185948 
4771 0.169298 
4772 0.169298 
4773 0.145785 
4774 0.145785 
4775 0.134473 
4776 0.134473 
4777 0.115666 
4778 0.115666 
4779 0.102956 
4780 0.102956 
4781 0.088735 
4782 0.088735 
4783 0.071027 
4784 0.071027 
4785 0.066454 
4786 0.066454 
4787 0.065437 
4788 0.065437 
4789 0.063962 
4790 0.063962 
4791 0.063147 
4792 0.063147 
4793 0.063370 
4794 0.063370 
4795 0.058602 
4796 0.058602 
4797 0.057711 
4798 0.057711 
4799 0.057433 
4800 0.057433 
4801 0.056737 
4802 0.056737 
4803 0.055379 
4804 0.055379 
4805 0.055261 
4806 0.055261 
4807 0.055066 
4808 0.055066 
4809 0.054231 
4810 0.054231 
4811 0.056556 
4812 0.056556 
4813 0.058268 
4814 0.058268 
4815 0.060906 
4816 0.060906 
4817 0.063969 
4818 0.063969 
4819 0.086410 
4820 0.086410 
4821 0.085317 
4822 0.085317 
4823 0.086695 
4824 0.086695 
4825 0.086452 
4826 0.086452 
4827 0.087489 
4828 0.087489 
4829 0.087642 
4830 0.087642 
4831 0.087607 
4832 0.087607 
4833 0.090586 
4834 0.090586 
4835 0.090531 
4836 0.090531 
4837 0.091373 
4838 0.091373 
4839 0.093301 
4840 0.093301 
4841 0.094206 
4842 0.094206 
4843 0.095027 
4844 0.095027 
4845 0.096051 
4846 0.096051 
4847 0.097561 
4848 0.097561 
4849 0.099218 
4850 0.099218 
4851 0.101522 
4852 0.101522 
4853 0.102935 
4854 0.102935 
4855 0.104181 
4856 0.104181 
4857 0.104522 
4858 0.104522 
4859 0.098828 
4860 0.098828 
4861 0.100109 
4862 0.100109 
4863 0.100631 
4864 0.100631 
4865 0.100972 
4866 0.100972 
4867 0.102844 
4868 0.102844 
4869 0.103338 
4870 0.103338 
4871 0.105085 
4872 0.105085 
4873 0.107271 
4874 0.107271 
4875 0.108155 
4876 0.108155 
4877 0.108044 
4878 0.108044 
4879 0.109993 
4880 0.109993 
4881 0.110111 
4882 0.110111 
4883 0.097429 
4884 0.097429 
4885 0.097122 
4886 0.097122 
4887 0.098285 
4888 0.098285 
4889 0.098271 
4890 0.098271 
4891 0.098410 
4892 0.098410 
4893 0.099545 
4894 0.099545 
4895 0.101793 
4896 0.101793 
4897 0.104041 
4898 0.104041 
4899 0.104389 
4900 0.104389 
4901 0.106958 
4902 0.106958 
4903 0.106784 
4904 0.106784 
4905 0.106485 
4906 0.106485 
4907 0.107654 
4908 0.107654 
4909 0.091463 
4910 0.091463 
4911 0.090746 
4912 0.090746 
4913 0.090552 
4914 0.090552 
4915 0.094067 
4916 0.094067 
4917 0.130234 
4918 0.130234 
4919 0.160472 
4920 0.160472 
4921 0.184737 
4922 0.184737 
4923 0.193034 
4924 0.193034 
4925 0.204769 
4926 0.204769 
4927 0.225109 
4928 0.225109 
4929 0.255130 
4930 0.255130 
4931 0.273847 
4932 0.273847 
4933 0.300952 
4934 0.300952 
4935 0.366160 
4936 0.366160 
4937 0.391727 
4938 0.391727 
4939 0.509766 
4940 0.509766 
4941 0.591275 
4942 0.591275 
4943 0.641385 
4944 0.641385 
4945 0.685683 
4946 0.685683 
4947 0.715684 
4948 0.715684 
4949 0.724127 
4950 0.724127 
4951 0.731610 
4952 0.731610 
4953 0.728304 
4954 0.728304 
4955 0.664606 
4956 0.664606 
4957 0.565403 
4958 0.565403 
4959 0.245517 
4960 0.245517 
4961 0.170279 
4962 0.170279 
4963 0.130395 
4964 0.130395 
4965 0.094331 
4966 0.094331 
4967 0.108308 
4968 0.108308 
4969 0.139548 
4970 0.139548 
4971 0.195080 
4972 0.195080 
4973 0.237881 
4974 0.237881 
4975 0.269031 
4976 0.269031 
4977 0.300277 
4978 0.300277 
4979 0.309507 
4980 0.309507 
4981 0.311630 
4982 0.311630 
4983 0.318772 
4984 0.318772 
4985 0.314818 
4986 0.314818 
4987 0.310008 
4988 0.310008 
4989 0.301210 
4990 0.301210 
4991 0.286314 
4992 0.286314 
4993 0.274355 
4994 0.274355 
4995 0.251058 
4996 0.251058 
4997 0.237304 
4998 0.237304 
4999 0.225053 
5000 0.225053 
5001 0.195881 
5002 0.195881 
5003 0.169562 
5004 0.169562 
5005 0.148778 
5006 0.148778 
5007 0.121443 
5008 0.121443 
5009 0.127882 
5010 0.127882 
5011 0.117865 
5012 0.117865 
5013 0.106234 
5014 0.106234 
5015 0.101375 
5016 0.101375 
5017 0.096162 
5018 0.096162 
5019 0.096524 
5020 0.096524 
5021 0.115004 
5022 0.115004 
5023 0.124346 
5024 0.124346 
5025 0.127346 
5026 0.127346 
5027 0.130214 
5028 0.130214 
5029 0.128091 
5030 0.128091 
5031 0.120991 
5032 0.120991 
5033 0.113995 
5034 0.113995 
5035 0.110884 
5036 0.110884 
5037 0.110041 
5038 0.110041 
5039 0.108371 
5040 0.108371 
5041 0.108322 
5042 0.108322 
5043 0.102461 
5044 0.102461 
5045 0.099559 
5046 0.099559 
5047 0.100060 
5048 0.100060 
5049 0.110501 
5050 0.110501 
5051 0.129302 
5052 0.129302 
5053 0.147817 
5054 0.147817 
5055 0.174845 
5056 0.174845 
5057 0.200057 
5058 0.200057 
5059 0.250188 
5060 0.250188 
5061 0.288186 
5062 0.288186 
5063 0.333862 
5064 0.333862 
5065 0.372425 
5066 0.372425 
5067 0.437618 
5068 0.437618 
5069 0.489970 
5070 0.489970 
5071 0.533773 
5072 0.533773 
5073 0.578405 
5074 0.578405 
5075 0.606220 
5076 0.606220 
5077 0.630374 
5078 0.630374 
5079 0.654200 
5080 0.654200 
5081 0.678235 
5082 0.678235 
5083 0.722853 
5084 0.722853 
5085 0.681570 
5086 0.681570 
5087 0.599162 
5088 0.599162 
5089 0.441739 
5090 0.441739 
5091 0.350011 
5092 0.350011 
5093 0.333577 
5094 0.333577 
5095 0.319036 
5096 0.319036 
5097 0.302108 
5098 0.302108 
5099 0.294291 
5100 0.294291 
5101 0.291507 
5102 0.291507 
5103 0.287769 
5104 0.287769 
5105 0.285653 
5106 0.285653 
5107 0.292572 
5108 0.292572 
5109 0.372306 
5110 0.372306 
5111 0.360090 
5112 0.360090 
5113 0.342654 
5114 0.342654 
5115 0.326999 
5116 0.326999 
5117 0.316203 
5118 0.316203 
5119 0.311623 
5120 0.311623 
5121 0.309827 
5122 0.309827 
5123 0.310273 
5124 0.310273 
5125 0.316857 
5126 0.316857 
5127 0.323971 
5128 0.323971 
5129 0.323825 
5130 0.323825 
5131 0.324639 
5132 0.324639 
5133 0.413152 
5134 0.413152 
5135 0.411759 
5136 0.411759 
5137 0.412407 
5138 0.412407 
5139 0.413242 
5140 0.413242 
5141 0.412268 
5142 0.412268 
5143 0.411390 
5144 0.411390 
5145 0.410068 
5146 0.410068 
5147 0.409281 
5148 0.409281 
5149 0.408168 
5150 0.408168 
5151 0.408697 
5152 0.408697 
5153 0.407381 
5154 0.407381 
5155 0.408049 
5156 0.408049 
5157 0.408439 
5158 0.408439 
5159 0.389249 
5160 0.389249 
5161 0.386590 
5162 0.386590 
5163 0.388462 
5164 0.388462 
5165 0.387480 
5166 0.387480 
5167 0.386680 
5168 0.386680 
5169 0.388873 
5170 0.388873 
5171 0.390237 
5172 0.390237 
5173 0.392485 
5174 0.392485 
5175 0.394267 
5176 0.394267 
5177 0.395812 
5178 0.395812 
5179 0.397434 
5180 0.397434 
5181 0.398144 
5182 0.398144 
5183 0.334301 
5184 0.334301 
5185 0.334127 
5186 0.334127 
5187 0.338185 
5188 0.338185 
5189 0.339772 
5190 0.339772 
5191 0.341178 
5192 0.341178 
5193 0.341853 
5194 0.341853 
5195 0.313370 
5196 0.313370 
5197 0.312911 
5198 0.312911 
5199 0.314894 
5200 0.314894 
5201 0.320442 
5202 0.320442 
5203 0.323484 
5204 0.323484 
5205 0.327758 
5206 0.327758 
5207 0.328155 
5208 0.328155 
5209 0.328969 
5210 0.328969 
5211 0.330633 
5212 0.330633 
5213 0.332178 
5214 0.332178 
5215 0.332770 
5216 0.332770 
5217 0.333125 
5218 0.333125 
5219 0.000571 
5220 0.000571 
5221 0.029952 
5222 0.029952 
5223 0.071549 
5224 0.071549 
5225 0.097575 
5226 0.097575 
5227 0.120483 
5228 0.120483 
5229 0.136652 
5230 0.136652 
5231 0.161230 
5232 0.161230 
5233 0.182976 
5234 0.182976 
5235 0.197656 
5236 0.197656 
5237 0.210623 
5238 0.210623 
5239 0.221781 
5240 0.221781 
5241 0.230928 
5242 0.230928 
5243 0.241605 
5244 0.241605 
5245 0.331350 
5246 0.331350 
5247 0.333299 
5248 0.333299 
5249 0.336187 
5250 0.336187 
5251 0.342835 
5252 0.342835 
5253 0.348647 
5254 0.348647 
5255 0.353512 
5256 0.353512 
5257 0.369244 
5258 0.369244 
5259 0.386520 
5260 0.386520 
5261 0.408328 
5262 0.408328 
5263 0.437437 
5264 0.437437 
5265 0.448414 
5266 0.448414 
5267 0.426948 
5268 0.426948 
5269 0.206983 
5270 0.206983 
5271 0.217737 
5272 0.217737 
5273 0.220459 
5274 0.220459 
5275 0.227447 
5276 0.227447 
5277 0.229724 
5278 0.229724 
5279 0.230489 
5280 0.230489 
5281 0.231088 
5282 0.231088 
5283 0.225269 
5284 0.225269 
5285 0.225241 
5286 0.225241 
5287 0.224183 
5288 0.224183 
5289 0.247884 
5290 0.247884 
5291 0.284546 
5292 0.284546 
5293 0.336549 
5294 0.336549 
5295 0.390968 
5296 0.390968 
5297 0.457484 
5298 0.457484 
5299 0.523666 
5300 0.523666 
5301 0.561867 
5302 0.561867 
5303 0.645611 
5304 0.645611 
5305 0.706656 
5306 0.706656 
5307 0.740088 
5308 0.740088 
5309 0.770896 
5310 0.770896 
5311 0.802407 
5312 0.802407 
5313 0.819175 
5314 0.819175 
5315 0.833048 
5316 0.833048 
5317 0.850283 
5318 0.850283 
5319 0.915908 
5320 0.915908 
5321 0.916221 
5322 0.916221 
5323 0.920662 
5324 0.920662 
5325 0.924247 
5326 0.924247 
5327 0.927748 
5328 0.927748 
5329 0.929238 
5330 0.929238 
5331 0.932161 
5332 0.932161 
5333 0.934075 
5334 0.934075 
5335 0.936122 
5336 0.936122 
5337 0.938530 
5338 0.938530 
5339 0.939734 
5340 0.939734 
5341 0.940584 
5342 0.940584 
5343 0.940291 
5344 0.940291 
5345 0.890077 
5346 0.890077 
5347 0.900615 
5348 0.900615 
5349 0.904569 
5350 0.904569 
5351 0.907555 
5352 0.907555 
5353 0.914572 
5354 0.914572 
5355 0.916263 
5356 0.916263 
5357 0.918038 
5358 0.918038 
5359 0.922897 
5360 0.922897 
5361 0.924129 
5362 0.924129 
5363 0.882559 
5364 0.882559 
5365 0.857250 
5366 0.857250 
5367 0.753627 
5368 0.753627 
5369 0.624965 
5370 0.624965 
5371 0.629476 
5372 0.629476 
5373 0.623782 
5374 0.623782 
5375 0.621548 
5376 0.621548 
5377 0.611413 
5378 0.611413 
5379 0.594923 
5380 0.594923 
5381 0.577988 
5382 0.577988 
5383 0.557363 
5384 0.557363 
5385 0.548857 
5386 0.548857 
5387 0.551725 
5388 0.551725 
5389 0.558560 
5390 0.558560 
5391 0.560391 
5392 0.560391 
5393 0.568500 
5394 0.568500 
5395 0.581377 
5396 0.581377 
5397 0.590384 
5398 0.590384 
5399 0.592125 
5400 0.592125 
5401 0.588011 
5402 0.588011 
5403 0.581872 
5404 0.581872 
5405 0.578336 
5406 0.578336 
5407 0.573226 
5408 0.573226 
5409 0.569572 
5410 0.569572 
5411 0.562403 
5412 0.562403 
5413 0.558929 
5414 0.558929 
5415 0.558066 
5416 0.558066 
5417 0.565660 
5418 0.565660 
5419 0.577681 
5420 0.577681 
5421 0.590071 
5422 0.590071 
5423 0.603846 
5424 0.603846 
5425 0.621373 
5426 0.621373 
5427 0.627624 
5428 0.627624 
5429 0.630854 
5430 0.630854 
5431 0.641427 
5432 0.641427 
5433 0.648485 
5434 0.648485 
5435 0.664746 
5436 0.664746 
5437 0.677971 
5438 0.677971 
5439 0.685641 
5440 0.685641 
5441 0.691008 
5442 0.691008 
5443 0.699131 
5444 0.699131 
5445 0.712684 
5446 0.712684 
5447 0.714786 
5448 0.714786 
5449 0.719679 
5450 0.719679 
5451 0.721559 
5452 0.721559 
5453 0.725965 
5454 0.725965 
5455 0.727155 
5456 0.727155 
5457 0.729459 
5458 0.729459 
5459 0.729306 
5460 0.729306 
5461 0.731143 
5462 0.731143 
5463 0.743095 
5464 0.743095 
5465 0.759265 
5466 0.759265 
5467 0.767095 
5468 0.767095 
5469 0.828294 
5470 0.828294 
5471 0.829964 
5472 0.829964 
5473 0.828127 
5474 0.828127 
5475 0.827820 
5476 0.827820 
5477 0.830034 
5478 0.830034 
5479 0.832241 
5480 0.832241 
5481 0.831830 
5482 0.831830 
5483 0.833640 
5484 0.833640 
5485 0.838512 
5486 0.838512 
5487 0.839981 
5488 0.839981 
5489 0.841011 
5490 0.841011 
5491 0.844679 
5492 0.844679 
5493 0.849635 
5494 0.849635 
5495 0.905202 
5496 0.905202 
5497 0.922743 
5498 0.922743 
5499 0.960846 
5500 0.960846 
5501 0.971691 
5502 0.971691 
5503 0.974454 
5504 0.974454 
5505 0.974621 
5506 0.974621 
5507 0.975039 
5508 0.975039 
5509 0.976487 
5510 0.976487 
5511 0.978526 
5512 0.978526 
5513 0.978457 
5514 0.978457 
5515 0.978665 
5516 0.978665 
5517 0.979027 
5518 0.979027 
5519 0.980719 
5520 0.980719 
5521 0.980065 
5522 0.980065 
5523 0.979626 
5524 0.979626 
5525 0.979215 
5526 0.979215 
5527 0.978805 
5528 0.978805 
5529 0.979188 
5530 0.979188 
5531 0.979034 
5532 0.979034 
5533 0.979410 
5534 0.979410 
5535 0.978596 
5536 0.978596 
5537 0.978157 
5538 0.978157 
5539 0.977893 
5540 0.977893 
5541 0.977663 
5542 0.977663 
5543 0.977698 
5544 0.977698 
5545 0.978297 
5546 0.978297 
5547 0.978491 
5548 0.978491 
5549 0.978262 
5550 0.978262 
5551 0.977510 
5552 0.977510 
5553 0.976863 
5554 0.976863 
5555 0.976389 
5556 0.976389 
5557 0.975777 
5558 0.975777 
5559 0.975721 
5560 0.975721 
5561 0.975345 
5562 0.975345 
5563 0.975290 
5564 0.975290 
5565 0.974594 
5566 0.974594 
5567 0.973598 
5568 0.973598 
5569 0.972011 
5570 0.972011 
5571 0.971531 
5572 0.971531 
5573 0.972498 
5574 0.972498 
5575 0.972234 
5576 0.972234 
5577 0.971865 
5578 0.971865 
5579 0.971934 
5580 0.971934 
5581 0.970974 
5582 0.970974 
5583 0.971301 
5584 0.971301 
5585 0.971106 
5586 0.971106 
5587 0.970904 
5588 0.970904 
5589 0.971099 
5590 0.971099 
5591 0.971169 
5592 0.971169 
5593 0.971740 
5594 0.971740 
5595 0.970842 
5596 0.970842 
5597 0.971051 
5598 0.971051 
5599 0.970946 
5600 0.970946 
5601 0.970863 
5602 0.970863 
5603 0.970501 
5604 0.970501 
5605 0.970689 
5606 0.970689 
5607 0.970528 
5608 0.970528 
5609 0.970438 
5610 0.970438 
5611 0.969700 
5612 0.969700 
5613 0.969777 
5614 0.969777 
5615 0.969241 
5616 0.969241 
5617 0.969150 
5618 0.969150 
5619 0.967048 
5620 0.967048 
5621 0.966805 
5622 0.966805 
5623 0.967243 
5624 0.967243 
5625 0.967306 
5626 0.967306 
5627 0.966867 
5628 0.966867 
5629 0.967347 
5630 0.967347 
5631 0.966770 
5632 0.966770 
5633 0.967445 
5634 0.967445 
5635 0.968851 
5636 0.968851 
5637 0.968600 
5638 0.968600 
5639 0.969053 
5640 0.969053 
5641 0.969450 
5642 0.969450 
5643 0.970111 
5644 0.970111 
5645 0.970173 
5646 0.970173 
5647 0.970431 
5648 0.970431 
5649 0.970020 
5650 0.970020 
5651 0.969860 
5652 0.969860 
5653 0.970097 
5654 0.970097 
5655 0.969596 
5656 0.969596 
5657 0.970062 
5658 0.970062 
5659 0.970814 
5660 0.970814 
5661 0.970793 
5662 0.970793 
5663 0.970932 
5664 0.970932 
5665 0.970821 
5666 0.970821 
5667 0.971204 
5668 0.971204 
5669 0.972589 
5670 0.972589 
5671 0.972679 
5672 0.972679 
5673 0.972658 
5674 0.972658 
5675 0.972721 
5676 0.972721 
5677 0.972436 
5678 0.972436 
5679 0.972582 
5680 0.972582 
5681 0.972436 
5682 0.972436 
5683 0.972269 
5684 0.972269 
5685 0.972220 
5686 0.972220 
5687 0.972241 
5688 0.972241 
5689 0.972039 
5690 0.972039 
5691 0.972283 
5692 0.972283 
5693 0.972290 
5694 0.972290 
5695 0.973160 
5696 0.973160 
5697 0.973417 
5698 0.973417 
5699 0.973438 
5700 0.973438 
5701 0.973884 
5702 0.973884 
5703 0.973821 
5704 0.973821 
5705 0.973598 
5706 0.973598 
5707 0.973125 
5708 0.973125 
5709 0.973654 
5710 0.973654 
5711 0.973877 
5712 0.973877 
5713 0.973619 
5714 0.973619 
5715 0.973654 
5716 0.973654 
5717 0.973160 
5718 0.973160 
5719 0.973675 
5720 0.973675 
5721 0.973960 
5722 0.973960 
5723 0.973257 
5724 0.973257 
5725 0.973529 
5726 0.973529 
5727 0.973730 
5728 0.973730 
5729 0.973668 
5730 0.973668 
5731 0.973118 
5732 0.973118 
5733 0.973013 
5734 0.973013 
5735 0.973069 
5736 0.973069 
Time taken: 390.761652
