5 1.821158
10 2.381284
15 2.490110
20 2.532526
25 2.525314
30 2.565481
35 2.646137
40 2.638746
45 2.571979
50 2.534383
55 2.429770
60 2.356970
65 2.337725
70 2.374893
75 2.370002
80 2.374250
85 2.730577
90 3.247144
95 3.656598
100 3.810411
105 3.860147
110 3.982790
115 4.131213
120 4.321908
125 4.365860
130 4.212261
135 4.182983
140 4.063910
145 3.879356
150 3.774743
155 3.681484
160 3.576407
165 3.517424
170 3.535168
175 3.450193
180 3.401957
185 3.344723
190 3.291417
195 3.270030
200 3.261961
205 3.256355
210 3.257319
215 3.263175
220 3.392531
225 3.367502
230 3.335975
235 3.315838
240 3.315374
245 3.262532
250 3.275707
255 3.251785
260 3.236325
265 3.243109
270 3.245858
275 3.215189
280 3.222936
285 3.241217
290 3.212903
295 3.203228
300 3.189910
305 3.191053
310 3.196872
315 3.194052
320 3.250036
325 3.229756
330 3.225543
335 3.223615
340 3.259854
345 3.519923
350 3.673665
355 3.688053
360 3.672415
365 3.628856
370 3.603256
375 3.569123
380 3.527171
385 3.527813
390 3.607576
395 3.694302
400 3.739539
405 3.796165
410 3.925950
415 4.227078
420 4.652206
425 4.932376
430 5.270566
435 5.567445
440 5.788810
445 6.032348
450 6.174128
455 6.270923
460 6.430555
465 6.506748
470 6.618181
475 6.638032
480 6.629427
485 6.613468
490 6.599579
495 6.539239
500 6.634569
505 6.777849
510 6.871180
515 6.974828
520 7.518673
525 7.953227
530 8.186268
535 8.288631
540 8.327835
545 8.584369
550 8.587010
555 8.586655
560 8.590117
565 8.587868
570 8.535489
575 8.536311
580 8.546165
585 8.554663
590 8.579156
595 8.704691
600 8.745787
605 8.769280
610 8.797558
615 8.796487
620 8.828585
625 8.824694
630 8.831120
635 8.838547
640 8.844438
645 8.839903
650 8.836582
655 8.828192
660 8.823443
665 8.829406
670 8.832583
675 8.831369
680 8.834119
685 8.833761
690 8.834332
695 8.833191
700 8.826621
705 8.825336
710 8.830085
715 8.829942
720 8.822123
725 8.822551
730 8.818516
735 8.817196
740 8.816909
745 8.815696
750 8.814374
755 8.814946
760 8.814517
765 8.817374
770 8.817909
775 8.818195
780 8.818480
785 8.816481
790 8.811768
795 8.808198
800 8.796273
805 8.794880
810 8.794059
815 8.792523
820 8.784241
825 8.778992
830 8.777206
835 8.787524
840 8.787347
845 8.787061
850 8.787204
855 8.786739
860 8.783705
865 8.786882
870 8.785669
875 8.787097
880 8.786882
885 8.785990
890 8.790774
895 8.789667
900 8.787882
905 8.781312
910 8.787382
915 8.787417
920 8.785847
925 8.787203
930 8.786454
935 8.787525
940 8.788203
945 8.786918
950 8.789417
955 8.787347
960 8.788168
965 8.788311
970 8.790382
975 8.787418
980 8.782527
985 8.786668
990 8.788774
995 8.789239
1000 8.790703
1005 8.789953
1010 8.780098
1015 8.778278
1020 8.782884
1025 8.781634
1030 8.782419
1035 8.789952
1040 8.788739
1045 8.788846
1050 8.789739
1055 8.787632
1060 8.786240
1065 8.783526
1070 8.785668
1075 8.785205
1080 8.786954
1085 8.789310
1090 8.790774
1095 8.792345
1100 8.788739
1105 8.789417
1110 8.784633
1115 8.786990
1120 8.788738
1125 8.791346
1130 8.789916
1135 8.791274
1140 8.795451
1145 8.793166
1150 8.793416
1155 8.791845
1160 8.793809
1165 8.791987
1170 8.793023
1175 8.797951
1180 8.795451
1185 8.784526
1190 8.786240
1195 8.788775
1200 8.791488
1205 8.791345
1210 8.786061
1215 8.783490
1220 8.783883
1225 8.787454
1230 8.788347
1235 8.785989
1240 8.788382
1245 8.788918
1250 8.787704
1255 8.786776
1260 8.782919
1265 8.787418
1270 8.788275
1275 8.790703
1280 8.788488
1285 8.786383
1290 8.787631
1295 8.786275
1300 8.790239
1305 8.788275
1310 8.789453
1315 8.791381
1320 8.793059
1325 8.793524
1330 8.793309
1335 8.792665
1340 8.798130
1345 8.794095
1350 8.797273
1355 8.798557
1360 8.794237
1365 8.797058
1370 8.798022
1375 8.797451
1380 8.796415
1385 8.792060
1390 8.793702
1395 8.796022
1400 8.799236
1405 8.799914
1410 8.793559
1415 8.800093
1420 8.801557
1425 8.806876
1430 8.806306
1435 8.795273
1440 8.791167
1445 8.788596
1450 8.792024
1455 8.795773
1460 8.789667
1465 8.803948
1470 8.819909
1475 8.819516
1480 8.816231
1485 8.812017
1490 8.825550
1495 8.822586
1500 8.844330
1505 8.859397
1510 8.872500
1515 8.876178
1520 8.888318
1525 8.890460
1530 8.890102
1535 8.897673
1540 8.888568
1545 8.878427
1550 8.877428
1555 8.881606
1560 8.891353
1565 8.877535
1570 8.866574
1575 8.859219
1580 8.867537
1585 8.848651
1590 8.842402
1595 8.857255
1600 8.857255
1605 8.864039
1610 8.886854
1615 8.894530
1620 8.897137
1625 8.900493
1630 8.900350
1635 8.903885
1640 8.914382
1645 8.911596
1650 8.919237
1655 8.903956
1660 8.895637
1665 8.881998
1670 8.881748
1675 8.880034
1680 8.837760
1685 8.793987
1690 8.758640
1695 8.766674
1700 8.787275
1705 8.796880
1710 8.750392
1715 8.738074
1720 8.676557
1725 8.745502
1730 8.735969
1735 8.369002
1740 8.362861
1745 7.963689
1750 6.852293
1755 6.350471
1760 6.355577
1765 6.197087
1770 6.615967
1775 7.297201
1780 7.674771
1785 7.338796
1790 7.171987
1795 6.760604
1800 6.762889
1805 6.937803
1810 6.607470
1815 6.643280
1820 6.576086
1825 6.483362
1830 6.404134
1835 5.858076
1840 5.613610
1845 5.224615
1850 4.915988
1855 4.993324
1860 5.324336
1865 5.578978
1870 6.025921
1875 6.532812
1880 6.761997
1885 5.841759
1890 5.824479
1895 6.101185
1900 5.961654
1905 6.753071
1910 7.377035
1915 7.659133
1920 7.816516
1925 6.769922
1930 5.617074
1935 3.898957
1940 3.349543
1945 3.093188
1950 2.647565
1955 2.054663
1960 1.282669
1965 1.060233
1970 0.915667
1975 0.862254
1980 0.824157
1985 0.683912
1990 0.653278
1995 0.652456
2000 0.920023
2005 1.820551
2010 3.689375
2015 4.745394
2020 6.604292
2025 7.648065
2030 8.091509
2035 8.553627
2040 8.097294
2045 4.972972
2050 4.007534
2055 3.030563
2060 2.153849
2065 1.624072
2070 1.080655
2075 0.822372
2080 0.752285
2085 0.690231
2090 0.674486
2095 0.677057
2100 0.725079
2105 1.012532
2110 1.641281
2115 3.306198
2120 7.911596
2125 8.618252
2130 8.882641
2135 8.925664
2140 8.939302
2145 8.943767
2150 8.945802
2155 8.936447
2160 8.517317
2165 8.456191
2170 8.461261
2175 7.886783
2180 3.495965
2185 1.262711
2190 0.965653
2195 0.823479
2200 0.743288
2205 0.755356
2210 0.928413
2215 0.900993
2220 0.895637
2225 0.913346
2230 0.938910
2235 0.877999
2240 0.870323
2245 0.885676
2250 0.926235
2255 0.951442
2260 0.906455
2265 0.940731
2270 1.325871
2275 1.907348
2280 2.361218
2285 2.970044
2290 3.034097
2295 2.848079
2300 2.730756
2305 2.476328
2310 2.242895
2315 2.203585
2320 1.915132
2325 1.603935
2330 1.433090
2335 1.563161
2340 1.334512
2345 1.266602
2350 1.371965
2355 1.552556
2360 1.405920
2365 1.315588
2370 1.260069
2375 1.124643
2380 1.014639
2385 2.060840
2390 2.687125
2395 3.759854
2400 5.472615
2405 6.200157
2410 4.297736
2415 1.534240
2420 0.687161
2425 0.697122
2430 0.757748
2435 2.002571
2440 2.286418
2445 2.245644
2450 2.120394
2455 1.832798
2460 1.362325
2465 1.197122
2470 1.068695
2475 1.197086
2480 1.519530
2485 1.543630
2490 1.402635
2495 1.317088
2500 1.303378
2505 1.206798
2510 1.736968
2515 2.346223
2520 2.621501
2525 2.825978
2530 2.899386
2535 2.750214
2540 2.114931
2545 1.448158
2550 1.165417
2555 1.081334
2560 1.516924
2565 1.543988
2570 1.558662
2575 1.599293
2580 1.645851
2585 1.658740
2590 1.665667
2595 1.700621
2600 1.745216
2605 1.809233
2610 1.990538
2615 2.006712
2620 2.050878
2625 2.305341
2630 2.859719
2635 2.808876
2640 3.256820
2645 4.150671
2650 4.929699
2655 6.486968
2660 6.922593
2665 6.817517
2670 6.411489
2675 5.947872
2680 4.535668
2685 2.299307
2690 2.277206
2695 2.237789
2700 2.140853
2705 2.049593
2710 1.989289
2715 1.960011
2720 1.676628
2725 1.597008
2730 1.926093
2735 2.350007
2740 2.554806
2745 2.612611
2750 2.786632
2755 2.898921
2760 3.276921
2765 3.300771
2770 3.301342
2775 3.285918
2780 3.380998
2785 3.789239
2790 3.792916
2795 3.823586
2800 3.854220
2805 3.928128
2810 4.112611
2815 4.126857
2820 4.155455
2825 4.211868
2830 4.262854
2835 4.093831
2840 4.093973
2845 4.123286
2850 4.158419
2855 4.271458
2860 4.412989
2865 4.439374
2870 4.476007
2875 4.456048
2880 4.514567
2885 4.521279
2890 4.431984
2895 4.370502
2900 4.328620
2905 4.314017
2910 4.370716
2915 4.353863
2920 4.398922
2925 4.490074
2930 4.587618
2935 4.815481
2940 4.792881
2945 4.782884
2950 4.866823
2955 4.837689
2960 4.106648
2965 5.519709
2970 7.930484
2975 8.608719
2980 8.701728
2985 8.894709
2990 8.896137
2995 8.900171
3000 8.914167
3005 8.910169
3010 8.920486
3015 8.908705
3020 8.894137
3025 8.878749
3030 8.880820
3035 8.866966
3040 8.872179
3045 8.865575
3050 8.866503
3055 8.859647
3060 8.838082
3065 8.821623
3070 8.822658
3075 8.821801
3080 8.816374
3085 8.797844
3090 8.790596
3095 8.785275
3100 8.780848
3105 8.795737
3110 8.794416
3115 8.789310
3120 8.783169
3125 8.766531
3130 8.753571
3135 8.749107
3140 8.719331
3145 8.676878
3150 8.657241
3155 8.654670
3160 8.658062
3165 8.645316
3170 8.640067
3175 8.636710
3180 8.631498
3185 8.639425
3190 8.630392
3195 8.630748
3200 8.630213
3205 8.620430
3210 8.622643
3215 8.627785
3220 8.634747
3225 8.635283
3230 8.635997
3235 8.621073
3240 8.627428
3245 8.629249
3250 8.625678
3255 8.627892
3260 8.628142
3265 8.632891
3270 8.635962
3275 8.631070
3280 8.625393
3285 8.613647
3290 8.612289
3295 8.613752
3300 8.612611
3305 8.611504
3310 8.623466
3315 8.624822
3320 8.621679
3325 8.615467
3330 8.615753
3335 8.619037
3340 8.617895
3345 8.617537
3350 8.610075
3355 8.608790
3360 8.614825
3365 8.616503
3370 8.617252
3375 8.618823
3380 8.618858
3385 8.619430
3390 8.617180
3395 8.613503
3400 8.612040
3405 8.612754
3410 8.615218
3415 8.616003
3420 8.613968
3425 8.613432
3430 8.613718
3435 8.629249
3440 8.628999
3445 8.623786
3450 8.622036
3455 8.620823
3460 8.624250
3465 8.622180
3470 8.623964
3475 8.621394
3480 8.624107
3485 8.626785
3490 8.628249
3495 8.626214
3500 8.626179
3505 8.627357
3510 8.634140
3515 8.635855
3520 8.630642
3525 8.630819
3530 8.630606
3535 8.631748
3540 8.629677
3545 8.628106
3550 8.624143
3555 8.622893
3560 8.616646
3565 8.616003
3570 8.622001
3575 8.621144
3580 8.621358
3585 8.622036
3590 8.622429
3595 8.615396
3600 8.611326
3605 8.615146
3610 8.614717
3615 8.617181
3620 8.618645
3625 8.619788
3630 8.618324
3635 8.618145
3640 8.619073
3645 8.644031
3650 8.643531
3655 8.643209
3660 8.635997
3665 8.634783
3670 8.633533
3675 8.631855
3680 8.629498
3685 8.625500
3690 8.618823
3695 8.618716
3700 8.616323
3705 8.621786
3710 8.623608
3715 8.631855
3720 8.630035
3725 8.627928
3730 8.621323
3735 8.621323
3740 8.615181
3745 8.613717
3750 8.614574
3755 8.614967
3760 8.616395
3765 8.616217
3770 8.628357
3775 8.626678
3780 8.628428
3785 8.627285
3790 8.629855
3795 8.621644
3800 8.612183
3805 8.610325
3810 8.611182
3815 8.607862
3820 8.642067
3825 8.639495
3830 8.640103
3835 8.642995
3840 8.643673
3845 8.641566
3850 8.645102
3855 8.646601
3860 8.647064
3865 8.648208
3870 8.652741
3875 8.654027
3880 8.652742
3885 8.656135
3890 8.653706
3895 8.644530
3900 8.651422
3905 8.652849
3910 8.651528
3915 8.647101
3920 8.672022
3925 8.671022
3930 8.672058
3935 8.670058
3940 8.669059
3945 8.658134
3950 8.654921
3955 8.656884
3960 8.657419
3965 8.656991
3970 8.653885
3975 8.652206
3980 8.654242
3985 8.653314
3990 8.651029
3995 8.660132
4000 8.656598
4005 8.658490
4010 8.660240
4015 8.660633
4020 8.659989
4025 8.660954
4030 8.662239
4035 8.658563
4040 8.657919
4045 8.650671
4050 8.650921
4055 8.650707
4060 8.652171
4065 8.651385
4070 8.644031
4075 8.645137
4080 8.645387
4085 8.646422
4090 8.647993
4095 8.674236
4100 8.673487
4105 8.671058
4110 8.669095
4115 8.668452
4120 8.681520
4125 8.681305
4130 8.678343
4135 8.676843
4140 8.679484
4145 8.694515
4150 8.701050
4155 8.700835
4160 8.697229
4165 8.690838
4170 8.682877
4175 8.678842
4180 8.676093
4185 8.671737
4190 8.685232
4195 8.731291
4200 8.738575
4205 8.736504
4210 8.752856
4215 8.765532
4220 8.763996
4225 8.775064
4230 8.773422
4235 8.790668
4240 8.805520
4245 8.763888
4250 8.777170
4255 8.782847
4260 8.805627
4265 8.821658
4270 8.850508
4275 8.859826
4280 8.867145
4285 8.869537
4290 8.867930
4295 8.885925
4300 8.890924
4305 8.907920
4310 8.903527
4315 8.896422
4320 8.897030
4325 8.905777
4330 8.890781
4335 8.892138
4340 8.890745
4345 8.886854
4350 8.872002
4355 8.871894
4360 8.887674
4365 8.876927
4370 8.869823
4375 8.871644
4380 8.844008
4385 8.762997
4390 8.690839
4395 8.443195
4400 8.195944
4405 7.923094
4410 7.456369
4415 7.714831
4420 8.838224
4425 8.863718
4430 8.852721
4435 8.835869
4440 8.822444
4445 8.804056
4450 8.751999
4455 8.699693
4460 8.656420
4465 8.598293
4470 8.594973
4475 8.685447
4480 8.740502
4485 8.617967
4490 8.307020
4495 8.343295
4500 8.490753
4505 8.742324
4510 8.822979
4515 8.849400
4520 8.833941
4525 8.854434
4530 8.861611
4535 8.851256
4540 8.844581
4545 8.864504
4550 8.841510
4555 8.821693
4560 8.833155
4565 8.830584
4570 8.844151
4575 8.850900
4580 8.861004
4585 8.846151
4590 8.819480
4595 8.828192
4600 8.806128
4605 8.771530
4610 8.791451
4615 8.809269
4620 8.814946
4625 8.814232
4630 8.835083
4635 8.843294
4640 8.850079
4645 8.820516
4650 8.840153
4655 8.843259
4660 8.864861
4665 8.883354
4670 8.888889
4675 8.858898
4680 8.813804
4685 8.781670
4690 8.630927
4695 8.537990
4700 8.607862
4705 8.658883
4710 8.723080
4715 8.856755
4720 8.904563
4725 8.892817
4730 8.853935
4735 8.838582
4740 8.879142
4745 8.868645
4750 8.471365
4755 6.513567
4760 3.300378
4765 2.274172
4770 1.484326
4775 1.118216
4780 0.757926
4785 0.583512
4790 0.567623
4795 0.519780
4800 0.514424
4805 0.494573
4810 0.497822
4815 0.557091
4820 0.779706
4825 0.775885
4830 0.800664
4835 0.836118
4840 0.866324
4845 0.907812
4850 0.965581
4855 1.018138
4860 0.903956
4865 0.934911
4870 0.985183
4875 1.033776
4880 1.071908
4885 0.936090
4890 0.955263
4895 0.992716
4900 1.048522
4905 1.059162
4910 0.879177
4915 0.918488
4920 1.728506
4925 1.976043
4930 2.534026
4935 3.510104
4940 5.151243
4945 6.237611
4950 6.548058
4955 5.903921
4960 1.969794
4965 0.848900
4970 1.605470
4975 2.613896
4980 3.008390
4985 2.971401
4990 2.781420
4995 2.305127
5000 1.921630
5005 1.346936
5010 1.114753
5015 0.935411
5020 0.996287
5025 1.236647
5030 1.199479
5035 1.047701
5040 1.021994
5045 0.920201
5050 1.050486
5055 1.547486
5060 2.389032
5065 3.379035
5070 4.739932
5075 5.509176
5080 6.067088
5085 6.167167
5090 3.738396
5095 2.885711
5100 2.683055
5105 2.699729
5110 3.396315
5115 3.057127
5120 2.949729
5125 3.037668
5130 3.109433
5135 3.813732
5140 3.830406
5145 3.804627
5150 3.803592
5155 3.819766
5160 3.618217
5165 3.643066
5170 3.666274
5175 3.713010
5180 3.755070
5185 3.156777
5190 3.230720
5195 2.959369
5200 3.004891
5205 3.103435
5210 3.128463
5215 3.164667
5220 0.264282
5225 0.944409
5230 1.425057
5235 1.913596
5240 2.177342
5245 3.101114
5250 3.196158
5255 3.306484
5260 3.754284
5265 4.200479
5270 2.002892
5275 2.117181
5280 2.147636
5285 2.088582
5290 2.547665
5295 3.605399
5300 4.893923
5305 6.414346
5310 7.110111
5315 7.519102
5320 8.239753
5325 8.287560
5330 8.353149
5335 8.413596
5340 8.440231
5345 7.971687
5350 8.124999
5355 8.231969
5360 8.319873
5365 7.735647
5370 5.736469
5375 5.622751
5380 5.271886
5385 4.902278
5390 4.974864
5395 5.215796
5400 5.345937
5405 5.254177
5410 5.135425
5415 5.067980
5420 5.251964
5425 5.582298
5430 5.695551
5435 5.924379
5440 6.157205
5445 6.356434
5450 6.453192
5455 6.526028
5460 6.535026
5465 6.818445
5470 7.445266
5475 7.425414
5480 7.440624
5485 7.506998
5490 7.546558
5495 8.111504
5500 8.719830
5505 8.804698
5510 8.824336
5515 8.834226
5520 8.843330
5525 8.835868
5530 8.834154
5535 8.828941
5540 8.817195
5545 8.821122
5550 8.814517
5555 8.800985
5560 8.794880
5565 8.786204
5570 8.768994
5575 8.767709
5580 8.755856
5585 8.752035
5590 8.749857
5595 8.763425
5600 8.761425
5605 8.756355
5610 8.753820
5615 8.736968
5620 8.718367
5625 8.719937
5630 8.720436
5635 8.741003
5640 8.742931
5645 8.744073
5650 8.744715
5655 8.746001
5660 8.754713
5665 8.755498
5670 8.765424
5675 8.768851
5680 8.771387
5685 8.769566
5690 8.769958
5695 8.764781
5700 8.770065
5705 8.765102
5710 8.770673
5715 8.770280
5720 8.771421
5725 8.769852
5730 8.769672
5735 8.771636
CPU clock time taken: 264.053442
Wall clock time taken: 220.994485
