5 1.612609
10 2.104489
15 2.199103
20 2.236128
25 2.235657
30 2.279986
35 2.357013
40 2.356888
45 2.298138
50 2.269547
55 2.177033
60 2.113549
65 2.096370
70 2.129601
75 2.126121
80 2.127406
85 2.444166
90 2.908552
95 3.271616
100 3.413004
105 3.460938
110 3.574958
115 3.705844
120 3.858988
125 3.898552
130 3.760518
135 3.732115
140 3.625995
145 3.459465
150 3.365885
155 3.284093
160 3.190952
165 3.138974
170 3.155559
175 3.080350
180 3.037463
185 2.986770
190 2.939557
195 2.922754
200 2.915073
205 2.909556
210 2.909963
215 2.914759
220 3.030911
225 3.008402
230 2.979466
235 2.961722
240 2.960875
245 2.915230
250 2.926798
255 2.905668
260 2.891623
265 2.897392
270 2.900903
275 2.873441
280 2.880369
285 2.896514
290 2.871622
295 2.863126
300 2.851119
305 2.852091
310 2.857138
315 2.854662
320 2.904257
325 2.886607
330 2.882971
335 2.880588
340 2.912440
345 3.145432
350 3.280362
355 3.296664
360 3.287228
365 3.257070
370 3.236410
375 3.206251
380 3.165496
385 3.163396
390 3.229857
395 3.302997
400 3.341840
405 3.391028
410 3.504890
415 3.769076
420 4.143238
425 4.388802
430 4.685215
435 4.945734
440 5.140102
445 5.355790
450 5.479873
455 5.564581
460 5.704213
465 5.770926
470 5.868361
475 5.885447
480 5.877516
485 5.863346
490 5.851244
495 5.799611
500 5.883191
505 6.008872
510 6.090288
515 6.181579
520 6.669980
525 7.057809
530 7.266631
535 7.359239
540 7.394320
545 7.627281
550 7.629601
555 7.629852
560 7.632767
565 7.630792
570 7.583486
575 7.583798
580 7.593109
585 7.600978
590 7.623550
595 7.738479
600 7.775629
605 7.796445
610 7.821588
615 7.820584
620 7.848705
625 7.845257
630 7.851088
635 7.857609
640 7.862906
645 7.858894
650 7.855791
655 7.848736
660 7.844411
665 7.849426
670 7.850461
675 7.847859
680 7.849458
685 7.849050
690 7.848048
695 7.847890
700 7.841745
705 7.841996
710 7.847326
715 7.846730
720 7.839582
725 7.840617
730 7.836761
735 7.835727
740 7.835162
745 7.833971
750 7.832498
755 7.832874
760 7.832560
765 7.834943
770 7.834880
775 7.835318
780 7.835319
785 7.834065
790 7.829926
795 7.827388
800 7.816854
805 7.815819
810 7.814283
815 7.813217
820 7.806164
825 7.801868
830 7.800489
835 7.809267
840 7.808452
845 7.808796
850 7.809174
855 7.808578
860 7.806101
865 7.808702
870 7.807198
875 7.808390
880 7.808326
885 7.807700
890 7.812026
895 7.811461
900 7.810019
905 7.803624
910 7.809142
915 7.809017
920 7.807856
925 7.809047
930 7.808327
935 7.809361
940 7.810113
945 7.808860
950 7.811211
955 7.809549
960 7.810019
965 7.810270
970 7.812057
975 7.809173
980 7.805035
985 7.808671
990 7.810584
995 7.810897
1000 7.812245
1005 7.811117
1010 7.802339
1015 7.800959
1020 7.804972
1025 7.803812
1030 7.804878
1035 7.811618
1040 7.810678
1045 7.810082
1050 7.810991
1055 7.809424
1060 7.808484
1065 7.806007
1070 7.807668
1075 7.807511
1080 7.809173
1085 7.811712
1090 7.813092
1095 7.814284
1100 7.810991
1105 7.811461
1110 7.807229
1115 7.809267
1120 7.810458
1125 7.813029
1130 7.812026
1135 7.813155
1140 7.816885
1145 7.814878
1150 7.815192
1155 7.813813
1160 7.815568
1165 7.813970
1170 7.814910
1175 7.819236
1180 7.816635
1185 7.807417
1190 7.808578
1195 7.811117
1200 7.813154
1205 7.812966
1210 7.807385
1215 7.805223
1220 7.805473
1225 7.808358
1230 7.809047
1235 7.808138
1240 7.810239
1245 7.810395
1250 7.809863
1255 7.808609
1260 7.805379
1265 7.809518
1270 7.810396
1275 7.812245
1280 7.810270
1285 7.808358
1290 7.809644
1295 7.808547
1300 7.812120
1305 7.810302
1310 7.811744
1315 7.813374
1320 7.815004
1325 7.815349
1330 7.815129
1335 7.814440
1340 7.819393
1345 7.815819
1350 7.818672
1355 7.819613
1360 7.815945
1365 7.818421
1370 7.819268
1375 7.818547
1380 7.817544
1385 7.813750
1390 7.815380
1395 7.817198
1400 7.820270
1405 7.820961
1410 7.815224
1415 7.821400
1420 7.822653
1425 7.827294
1430 7.826698
1435 7.816509
1440 7.812966
1445 7.810835
1450 7.813656
1455 7.816916
1460 7.811556
1465 7.823719
1470 7.837545
1475 7.837607
1480 7.834096
1485 7.831244
1490 7.843219
1495 7.840962
1500 7.859710
1505 7.872782
1510 7.885259
1515 7.889084
1520 7.899524
1525 7.902031
1530 7.902094
1535 7.908834
1540 7.900903
1545 7.892188
1550 7.891561
1555 7.894822
1560 7.903254
1565 7.888520
1570 7.878769
1575 7.873472
1580 7.881027
1585 7.865571
1590 7.859333
1595 7.872625
1600 7.872908
1605 7.879742
1610 7.900056
1615 7.907110
1620 7.909650
1625 7.912597
1630 7.912471
1635 7.915544
1640 7.924760
1645 7.922316
1650 7.929024
1655 7.915606
1660 7.908301
1665 7.896326
1670 7.896106
1675 7.894602
1680 7.857483
1685 7.819016
1690 7.787981
1695 7.795034
1700 7.813124
1705 7.821588
1710 7.780801
1715 7.770017
1720 7.715908
1725 7.776506
1730 7.768136
1735 7.445827
1740 7.439840
1745 7.088500
1750 6.092984
1755 5.634711
1760 5.623895
1765 5.483008
1770 5.854034
1775 6.468305
1780 6.818641
1785 6.533983
1790 6.389366
1795 6.027525
1800 6.028936
1805 6.182049
1810 5.884726
1815 5.916296
1820 5.858455
1825 5.777478
1830 5.710013
1835 5.221957
1840 5.010533
1845 4.670951
1850 4.399743
1855 4.469434
1860 4.757320
1865 4.980093
1870 5.375509
1875 5.822402
1880 6.022791
1885 5.170857
1890 5.155307
1895 5.397486
1900 5.271616
1905 5.972851
1910 6.536836
1915 6.792306
1920 6.934918
1925 6.013355
1930 4.996991
1935 3.461220
1940 2.976205
1945 2.753558
1950 2.362060
1955 1.838266
1960 1.154461
1965 0.959088
1970 0.830710
1975 0.783059
1980 0.748856
1985 0.620666
1990 0.593423
1995 0.592326
2000 0.827231
2005 1.618753
2010 3.260769
2015 4.189730
2020 5.853063
2025 6.778669
2030 7.176563
2035 7.600791
2040 7.199385
2045 4.431250
2050 3.567716
2055 2.705279
2060 1.916421
2065 1.452724
2070 0.976738
2075 0.749671
2080 0.687441
2085 0.630855
2090 0.617970
2095 0.621418
2100 0.664274
2105 0.917236
2110 1.472600
2115 2.942410
2120 7.026554
2125 7.658223
2130 7.896075
2135 7.934510
2140 7.946517
2145 7.950342
2150 7.952223
2155 7.943507
2160 7.569033
2165 7.515487
2170 7.520158
2175 7.015801
2180 3.148254
2185 1.145840
2190 0.881497
2195 0.754812
2200 0.685372
2205 0.696156
2210 0.845664
2215 0.821713
2220 0.817105
2225 0.832403
2230 0.855445
2235 0.799266
2240 0.792369
2245 0.808201
2250 0.847263
2255 0.871026
2260 0.830083
2265 0.859333
2270 1.196846
2275 1.706596
2280 2.102107
2285 2.634899
2290 2.691109
2295 2.526648
2300 2.423287
2305 2.199636
2310 1.991379
2315 1.954919
2320 1.700608
2325 1.427206
2330 1.274719
2335 1.387516
2340 1.186093
2345 1.126936
2350 1.217819
2355 1.376544
2360 1.247351
2365 1.167848
2370 1.117061
2375 0.998244
2380 0.900872
2385 1.822716
2390 2.373911
2395 3.328736
2400 4.843657
2405 5.490376
2410 3.843783
2415 1.402376
2420 0.629632
2425 0.626873
2430 0.678506
2435 1.771020
2440 2.020315
2445 1.984544
2450 1.873409
2455 1.621356
2460 1.207693
2465 1.062418
2470 0.949213
2475 1.061509
2480 1.346479
2485 1.367421
2490 1.243526
2495 1.168224
2500 1.157001
2505 1.071258
2510 1.542855
2515 2.077089
2520 2.318108
2525 2.500815
2530 2.565991
2535 2.441000
2540 1.882720
2545 1.291304
2550 1.035833
2555 0.961659
2560 1.345131
2565 1.368769
2570 1.382406
2575 1.417675
2580 1.459057
2585 1.477491
2590 1.484576
2595 1.515267
2600 1.554110
2605 1.610415
2610 1.764562
2615 1.778795
2620 1.818296
2625 2.041664
2630 2.528309
2635 2.482977
2640 2.878425
2645 3.662706
2650 4.344598
2655 5.723494
2660 6.140291
2665 6.045583
2670 5.691673
2675 5.291116
2680 4.049972
2685 2.056148
2690 2.044109
2695 2.014233
2700 1.934447
2705 1.851997
2710 1.785817
2715 1.760612
2720 1.510063
2725 1.435670
2730 1.724685
2735 2.089222
2740 2.268198
2745 2.320992
2750 2.471283
2755 2.570036
2760 2.903944
2765 2.924510
2770 2.925701
2775 2.912471
2780 2.995736
2785 3.354819
2790 3.358236
2795 3.386482
2800 3.413913
2805 3.479434
2810 3.640322
2815 3.652925
2820 3.678350
2825 3.727788
2830 3.772619
2835 3.625431
2840 3.624334
2845 3.649759
2850 3.680920
2855 3.780111
2860 3.910308
2865 3.934134
2870 3.966612
2875 3.948837
2880 4.000094
2885 4.002226
2890 3.923443
2895 3.870274
2900 3.833595
2905 3.821055
2910 3.871277
2915 3.854756
2920 3.894382
2925 3.975171
2930 4.060505
2935 4.261239
2940 4.241300
2945 4.233463
2950 4.307323
2955 4.281491
2960 3.643614
2965 4.893912
2970 7.035990
2975 7.647251
2980 7.732366
2985 7.906609
2990 7.907894
2995 7.911656
3000 7.924290
3005 7.920811
3010 7.929839
3015 7.919274
3020 7.906671
3025 7.893128
3030 7.895103
3035 7.882939
3040 7.887516
3045 7.881717
3050 7.882563
3055 7.876575
3060 7.857578
3065 7.843157
3070 7.844160
3075 7.843407
3080 7.838611
3085 7.822402
3090 7.816007
3095 7.811305
3100 7.807417
3105 7.820490
3110 7.819267
3115 7.814753
3120 7.809361
3125 7.794783
3130 7.783403
3135 7.779673
3140 7.753464
3145 7.716157
3150 7.698946
3155 7.696627
3160 7.699730
3165 7.688539
3170 7.683898
3175 7.680921
3180 7.676250
3185 7.683272
3190 7.675403
3195 7.675622
3200 7.675089
3205 7.666562
3210 7.668412
3215 7.672895
3220 7.679070
3225 7.679541
3230 7.680137
3235 7.667221
3240 7.672770
3245 7.674431
3250 7.671265
3255 7.673208
3260 7.673397
3265 7.677597
3270 7.680199
3275 7.675936
3280 7.670920
3285 7.660637
3290 7.659508
3295 7.660762
3300 7.659665
3305 7.658661
3310 7.669290
3315 7.670481
3320 7.667534
3325 7.662079
3330 7.662330
3335 7.665402
3340 7.664399
3345 7.663960
3350 7.657408
3355 7.656311
3360 7.661734
3365 7.663145
3370 7.663772
3375 7.665120
3380 7.665120
3385 7.665747
3390 7.663710
3395 7.660418
3400 7.659132
3405 7.659791
3410 7.661953
3415 7.662611
3420 7.660887
3425 7.660355
3430 7.660637
3435 7.674337
3440 7.674086
3445 7.669478
3450 7.667973
3455 7.667001
3460 7.669980
3465 7.668004
3470 7.669697
3475 7.667408
3480 7.669791
3485 7.672268
3490 7.673553
3495 7.671704
3500 7.671610
3505 7.672613
3510 7.678663
3515 7.680200
3520 7.675591
3525 7.675779
3530 7.675560
3535 7.676625
3540 7.674776
3545 7.673302
3550 7.669760
3555 7.668694
3560 7.663302
3565 7.662737
3570 7.667941
3575 7.667221
3580 7.667377
3585 7.668005
3590 7.668318
3595 7.662236
3600 7.658662
3605 7.661985
3610 7.661609
3615 7.663773
3620 7.665027
3625 7.666092
3630 7.664681
3635 7.664587
3640 7.665402
3645 7.687253
3650 7.686814
3655 7.686595
3660 7.680293
3665 7.679133
3670 7.678193
3675 7.676626
3680 7.674494
3685 7.670919
3690 7.665120
3695 7.665026
3700 7.662988
3705 7.667723
3710 7.669290
3715 7.676594
3720 7.675089
3725 7.673083
3730 7.667346
3735 7.667346
3740 7.661922
3745 7.660763
3750 7.661484
3755 7.661766
3760 7.663019
3765 7.662831
3770 7.673491
3775 7.671986
3780 7.673616
3785 7.672582
3790 7.674839
3795 7.667785
3800 7.659320
3805 7.657628
3810 7.658412
3815 7.655465
3820 7.685686
3825 7.683428
3830 7.683929
3835 7.686501
3840 7.687065
3845 7.685153
3850 7.688287
3855 7.689605
3860 7.690074
3865 7.691078
3870 7.695090
3875 7.696219
3880 7.695090
3885 7.698006
3890 7.695812
3895 7.687818
3900 7.693837
3905 7.695090
3910 7.693930
3915 7.690043
3920 7.712019
3925 7.711111
3930 7.712020
3935 7.710264
3940 7.709354
3945 7.699762
3950 7.696940
3955 7.698664
3960 7.699197
3965 7.698821
3970 7.695937
3975 7.694307
3980 7.696063
3985 7.695467
3990 7.693586
3995 7.701486
4000 7.698414
4005 7.699636
4010 7.701235
4015 7.701737
4020 7.700984
4025 7.702019
4030 7.702991
4035 7.699824
4040 7.698884
4045 7.692958
4050 7.693366
4055 7.693147
4060 7.694590
4065 7.693899
4070 7.687347
4075 7.688319
4080 7.688507
4085 7.689448
4090 7.690826
4095 7.713869
4100 7.713117
4105 7.711048
4110 7.709324
4115 7.708759
4120 7.720358
4125 7.720077
4130 7.717505
4135 7.716189
4140 7.718478
4145 7.731708
4150 7.737412
4155 7.737225
4160 7.734059
4165 7.728447
4170 7.721550
4175 7.718008
4180 7.715593
4185 7.711769
4190 7.723619
4195 7.764060
4200 7.770456
4205 7.768637
4210 7.782996
4215 7.794125
4220 7.792432
4225 7.801868
4230 7.800583
4235 7.815662
4240 7.828735
4245 7.792401
4250 7.804220
4255 7.809299
4260 7.829299
4265 7.843062
4270 7.868142
4275 7.876325
4280 7.882689
4285 7.885228
4290 7.883723
4295 7.899492
4300 7.903882
4305 7.918898
4310 7.914414
4315 7.908553
4320 7.909368
4325 7.916829
4330 7.903411
4335 7.904790
4340 7.903725
4345 7.900276
4350 7.887140
4355 7.887171
4360 7.900965
4365 7.891530
4370 7.884664
4375 7.886639
4380 7.862248
4385 7.790740
4390 7.726880
4395 7.507932
4400 7.289360
4405 7.049721
4410 6.638033
4415 6.865007
4420 7.856010
4425 7.879836
4430 7.870399
4435 7.855446
4440 7.843564
4445 7.827137
4450 7.781554
4455 7.735532
4460 7.697724
4465 7.646843
4470 7.643645
4475 7.722960
4480 7.770738
4485 7.662518
4490 7.383911
4495 7.403881
4500 7.530597
4505 7.757602
4510 7.839864
4515 7.866041
4520 7.853909
4525 7.872092
4530 7.878269
4535 7.869208
4540 7.863314
4545 7.880996
4550 7.860713
4555 7.843093
4560 7.853063
4565 7.850492
4570 7.862593
4575 7.868361
4580 7.877265
4585 7.864098
4590 7.840365
4595 7.848423
4600 7.829331
4605 7.798859
4610 7.816761
4615 7.832403
4620 7.837263
4625 7.836259
4630 7.854537
4635 7.862061
4640 7.868142
4645 7.842216
4650 7.859365
4655 7.862060
4660 7.881247
4665 7.897360
4670 7.902282
4675 7.875792
4680 7.835977
4685 7.807857
4690 7.675152
4695 7.591197
4700 7.652454
4705 7.697222
4710 7.753370
4715 7.871622
4720 7.915512
4725 7.905292
4730 7.871277
4735 7.857891
4740 7.893410
4745 7.884005
4750 7.533983
4755 5.811148
4760 2.967302
4765 2.047526
4770 1.330146
4775 1.008276
4780 0.690608
4785 0.537745
4790 0.522823
4795 0.480156
4800 0.474324
4805 0.457458
4810 0.460907
4815 0.511568
4820 0.705624
4825 0.707286
4830 0.727193
4835 0.758323
4840 0.784720
4845 0.820553
4850 0.869145
4855 0.913694
4860 0.809204
4865 0.836385
4870 0.879585
4875 0.922816
4880 0.956173
4885 0.833720
4890 0.851715
4895 0.883629
4900 0.933444
4905 0.942849
4910 0.780895
4915 0.814722
4920 1.525456
4925 1.743558
4930 2.233369
4935 3.092921
4940 4.556744
4945 5.525206
4950 5.805254
4955 5.243370
4960 1.768920
4965 0.765503
4970 1.418710
4975 2.304408
4980 2.650417
4985 2.614678
4990 2.447896
4995 2.029218
5000 1.692582
5005 1.188413
5010 0.988118
5015 0.830836
5020 0.885353
5025 1.096025
5030 1.063107
5035 0.929745
5040 0.906138
5045 0.817606
5050 0.932002
5055 1.368111
5060 2.108659
5065 2.978902
5070 4.176845
5075 4.858392
5080 5.351965
5085 5.464888
5090 3.308452
5095 2.542479
5100 2.364067
5105 2.381748
5110 3.006019
5115 2.709794
5120 2.616528
5125 2.694526
5130 2.758825
5135 3.374537
5140 3.390213
5145 3.370493
5150 3.369459
5155 3.383567
5160 3.203493
5165 3.225500
5170 3.247069
5175 3.288482
5180 3.325475
5185 2.800802
5190 2.867421
5195 2.621512
5200 2.662738
5205 2.748950
5210 2.771114
5215 2.801931
5220 0.236567
5225 0.838987
5230 1.267384
5235 1.699636
5240 1.932222
5245 2.751238
5250 2.833657
5255 2.932347
5260 3.326102
5265 3.719544
5270 1.763935
5275 1.864725
5280 1.891717
5285 1.839865
5290 2.246066
5295 3.188005
5300 4.332152
5305 5.686657
5310 6.311399
5315 6.675747
5320 7.322465
5325 7.365258
5330 7.421406
5335 7.475610
5340 7.500721
5345 7.084614
5350 7.221236
5355 7.315192
5360 7.393379
5365 6.875729
5370 5.097028
5375 5.001755
5380 4.696407
5385 4.368801
5390 4.426735
5395 4.628911
5400 4.739890
5405 4.658412
5410 4.553608
5415 4.494420
5420 4.653427
5425 4.943852
5430 5.043043
5435 5.243902
5440 5.448304
5445 5.623770
5450 5.711361
5455 5.775252
5460 5.782964
5465 6.037432
5470 6.609255
5475 6.592357
5480 6.605932
5485 6.663929
5490 6.698947
5495 7.204903
5500 7.744749
5505 7.825161
5510 7.842843
5515 7.852091
5520 7.861277
5525 7.854599
5530 7.853282
5535 7.848799
5540 7.838517
5545 7.841871
5550 7.835852
5555 7.823469
5560 7.818421
5565 7.811180
5570 7.795912
5575 7.795033
5580 7.784657
5585 7.781616
5590 7.779579
5595 7.790520
5600 7.788889
5605 7.784344
5610 7.781992
5615 7.767791
5620 7.750705
5625 7.752085
5630 7.752524
5635 7.770644
5640 7.772243
5645 7.771428
5650 7.772023
5655 7.773246
5660 7.780801
5665 7.781553
5670 7.791492
5675 7.793969
5680 7.796194
5685 7.794313
5690 7.794689
5695 7.790802
5700 7.795504
5705 7.791147
5710 7.796006
5715 7.795567
5720 7.797856
5725 7.796445
5730 7.796194
5735 7.798044
CPU clock time taken: 264.743375
Wall clock time taken: 221.227860
