5 1.409670
10 1.838566
15 1.921184
20 1.953727
25 1.953974
30 1.994831
35 2.063365
40 2.064213
45 2.014139
50 1.989663
55 1.909178
60 1.854455
65 1.839195
70 1.867965
75 1.864984
80 1.865312
85 2.141443
90 2.549035
95 2.867008
100 2.991604
105 3.034103
110 3.134742
115 3.248755
120 3.379670
125 3.414675
130 3.293907
135 3.268829
140 3.176038
145 3.028879
150 2.946945
155 2.875759
160 2.794755
165 2.749221
170 2.763879
175 2.698354
180 2.660586
185 2.616256
190 2.575015
195 2.560575
200 2.553684
205 2.548816
210 2.549171
215 2.553219
220 2.654871
225 2.635098
230 2.609884
235 2.594377
240 2.593693
245 2.554176
250 2.564131
255 2.545507
260 2.533091
265 2.538123
270 2.541706
275 2.517448
280 2.523492
285 2.537521
290 2.515779
295 2.508697
300 2.497922
305 2.498742
310 2.503118
315 2.500985
320 2.544577
325 2.529071
330 2.525816
335 2.523492
340 2.551168
345 2.755319
350 2.873079
355 2.888065
360 2.880463
365 2.855686
370 2.838211
375 2.812394
380 2.776103
385 2.773724
390 2.831373
395 2.894136
400 2.927747
405 2.970683
410 3.069928
415 3.300416
420 3.626648
425 3.840863
430 4.099437
435 4.326423
440 4.495898
445 4.685062
450 4.793141
455 4.866925
460 4.988733
465 5.047039
470 5.131871
475 5.146721
480 5.139693
485 5.127305
490 5.116720
495 5.071980
500 5.144834
505 5.254307
510 5.325247
515 5.404720
520 5.832659
525 6.171990
530 6.355440
535 6.436964
540 6.467538
545 6.672838
550 6.674890
555 6.675190
560 6.677925
565 6.676229
570 6.634141
575 6.634606
580 6.642947
585 6.649811
590 6.669912
595 6.771099
600 6.803643
605 6.821884
610 6.843981
615 6.843106
620 6.867500
625 6.864628
630 6.869852
635 6.875513
640 6.880244
645 6.876661
650 6.873872
655 6.867746
660 6.863835
665 6.868348
670 6.869250
675 6.866925
680 6.868184
685 6.867664
690 6.866352
695 6.865859
700 6.860444
705 6.860854
710 6.865231
715 6.864409
720 6.858475
725 6.859378
730 6.856123
735 6.855439
740 6.855112
745 6.854209
750 6.853033
755 6.853279
760 6.853142
765 6.855384
770 6.855303
775 6.855822
780 6.855795
785 6.854729
790 6.851064
795 6.848821
800 6.839468
805 6.838457
810 6.837281
815 6.836296
820 6.830416
825 6.826533
830 6.825330
835 6.832987
840 6.832057
845 6.832413
850 6.832850
855 6.832330
860 6.830197
865 6.832467
870 6.830964
875 6.832085
880 6.832057
885 6.831511
890 6.835147
895 6.834792
900 6.833507
905 6.828037
910 6.832795
915 6.832659
920 6.831674
925 6.832713
930 6.832057
935 6.833014
940 6.833534
945 6.832467
950 6.834627
955 6.833151
960 6.833479
965 6.833725
970 6.835284
975 6.832741
980 6.829295
985 6.832439
990 6.833916
995 6.834026
1000 6.835393
1005 6.834491
1010 6.826806
1015 6.825767
1020 6.829213
1025 6.828338
1030 6.829295
1035 6.835230
1040 6.834300
1045 6.833917
1050 6.834436
1055 6.833233
1060 6.832358
1065 6.830334
1070 6.831701
1075 6.831565
1080 6.832987
1085 6.835311
1090 6.836460
1095 6.837472
1100 6.834382
1105 6.834874
1110 6.831209
1115 6.832960
1120 6.834026
1125 6.836186
1130 6.835448
1135 6.836487
1140 6.839769
1145 6.837800
1150 6.838074
1155 6.836898
1160 6.838457
1165 6.837062
1170 6.837772
1175 6.841547
1180 6.839250
1185 6.831429
1190 6.832522
1195 6.834710
1200 6.836296
1205 6.836159
1210 6.831373
1215 6.829459
1220 6.829623
1225 6.832166
1230 6.832686
1235 6.831920
1240 6.833753
1245 6.833753
1250 6.833315
1255 6.832276
1260 6.829650
1265 6.833151
1270 6.833917
1275 6.835585
1280 6.833835
1285 6.831948
1290 6.833069
1295 6.832193
1300 6.835311
1305 6.833643
1310 6.835202
1315 6.836514
1320 6.837855
1325 6.838155
1330 6.837828
1335 6.837664
1340 6.841902
1345 6.838730
1350 6.841218
1355 6.842148
1360 6.838840
1365 6.841000
1370 6.841574
1375 6.840945
1380 6.840179
1385 6.836843
1390 6.838347
1395 6.839906
1400 6.842613
1405 6.843269
1410 6.838073
1415 6.843461
1420 6.844528
1425 6.848575
1430 6.848028
1435 6.839386
1440 6.836296
1445 6.834409
1450 6.836979
1455 6.839906
1460 6.835093
1465 6.845786
1470 6.857655
1475 6.857928
1480 6.854619
1485 6.851993
1490 6.862441
1495 6.860416
1500 6.877017
1505 6.888885
1510 6.899305
1515 6.902396
1520 6.911858
1525 6.914155
1530 6.914402
1535 6.920309
1540 6.913416
1545 6.905869
1550 6.905322
1555 6.908057
1560 6.915277
1565 6.901629
1570 6.893234
1575 6.888722
1580 6.895805
1585 6.882459
1590 6.877017
1595 6.888393
1600 6.888858
1605 6.894711
1610 6.912788
1615 6.918913
1620 6.921157
1625 6.923754
1630 6.923618
1635 6.926325
1640 6.934365
1645 6.932232
1650 6.938085
1655 6.926380
1660 6.919980
1665 6.909534
1670 6.909342
1675 6.908029
1680 6.875650
1685 6.842093
1690 6.815047
1695 6.821172
1700 6.836952
1705 6.844337
1710 6.808757
1715 6.799376
1720 6.752174
1725 6.805037
1730 6.797708
1735 6.516518
1740 6.511240
1745 6.204315
1750 5.331401
1755 4.929060
1760 4.915003
1765 4.791664
1770 5.116447
1775 5.655609
1780 5.964557
1785 5.718974
1790 5.593174
1795 5.277225
1800 5.278537
1805 5.413171
1810 5.150112
1815 5.177761
1820 5.127960
1825 5.057622
1830 4.999617
1835 4.572390
1840 4.388339
1845 4.092627
1850 3.856041
1855 3.916753
1860 4.166603
1865 4.361811
1870 4.707242
1875 5.097331
1880 5.272001
1885 4.519335
1890 4.505606
1895 4.716732
1900 4.606164
1905 5.218537
1910 5.716239
1915 5.940820
1920 6.065607
1925 5.261718
1930 4.374528
1935 3.026692
1940 2.603293
1945 2.409834
1950 2.068014
1955 1.610977
1960 1.012826
1965 0.842449
1970 0.730351
1975 0.688673
1980 0.658809
1985 0.546054
1990 0.522288
1995 0.521003
2000 0.725729
2005 1.416206
2010 2.849751
2015 3.659383
2020 5.116912
2025 5.926763
2030 6.275967
2035 6.649647
2040 6.299185
2045 3.879916
2050 3.124186
2055 2.370235
2060 1.677788
2065 1.273341
2070 0.858721
2075 0.660586
2080 0.606520
2085 0.556692
2090 0.545561
2095 0.549089
2100 0.586993
2105 0.807718
2110 1.291692
2115 2.575835
2120 6.146639
2125 6.700405
2130 6.908987
2135 6.942324
2140 6.952880
2145 6.956517
2150 6.958158
2155 6.950500
2160 6.622135
2165 6.575151
2170 6.579309
2175 6.138981
2180 2.763359
2185 1.007739
2190 0.776951
2195 0.666685
2200 0.606465
2205 0.615654
2210 0.745994
2215 0.724963
2220 0.720697
2225 0.733878
2230 0.754006
2235 0.704944
2240 0.699037
2245 0.713668
2250 0.748017
2255 0.769622
2260 0.732156
2265 0.757671
2270 1.051742
2275 1.496144
2280 1.840590
2285 2.304026
2290 2.353033
2295 2.209566
2300 2.119209
2305 1.924356
2310 1.741645
2315 1.709566
2320 1.487830
2325 1.249056
2330 1.116009
2335 1.213450
2340 1.037467
2345 0.985998
2350 1.065197
2355 1.203550
2360 1.090795
2365 1.021523
2370 0.976563
2375 0.873407
2380 0.788273
2385 1.593803
2390 2.074304
2395 2.908713
2400 4.234097
2405 4.799841
2410 3.367883
2415 1.235519
2420 0.556364
2425 0.551140
2430 0.595663
2435 1.547941
2440 1.765192
2445 1.733906
2450 1.636903
2455 1.416863
2460 1.056528
2465 0.929826
2470 0.830936
2475 0.928950
2480 1.178198
2485 1.195892
2490 1.087923
2495 1.022288
2500 1.011760
2505 0.937045
2510 1.349313
2515 1.815184
2520 2.026254
2525 2.186102
2530 2.243724
2535 2.134934
2540 1.647897
2545 1.130832
2550 0.906963
2555 0.842176
2560 1.176202
2565 1.196795
2570 1.209019
2575 1.239758
2580 1.276131
2585 1.293059
2590 1.298994
2595 1.325822
2600 1.359788
2605 1.408986
2610 1.542745
2615 1.554942
2620 1.589591
2625 1.784527
2630 2.209265
2635 2.169885
2640 2.514850
2645 3.199064
2650 3.793223
2655 4.998578
2660 5.370207
2665 5.287261
2670 4.979735
2675 4.632227
2680 3.549335
2685 1.801373
2690 1.792895
2695 1.768528
2700 1.700706
2705 1.628234
2710 1.567412
2715 1.545179
2720 1.326205
2725 1.260433
2730 1.512170
2735 1.828912
2740 1.985041
2745 2.031204
2750 2.162501
2755 2.248482
2760 2.538615
2765 2.556993
2770 2.558224
2775 2.546601
2780 2.619318
2785 2.931740
2790 2.934721
2795 2.960018
2800 2.983974
2805 3.041104
2810 3.181863
2815 3.192720
2820 3.214817
2825 3.258273
2830 3.297325
2835 3.168107
2840 3.167314
2845 3.189356
2850 3.216704
2855 3.303314
2860 3.418449
2865 3.439260
2870 3.467511
2875 3.451841
2880 3.496253
2885 3.498797
2890 3.429990
2895 3.383772
2900 3.351720
2905 3.340890
2910 3.383936
2915 3.369086
2920 3.403763
2925 3.474074
2930 3.548433
2935 3.724745
2940 3.707214
2945 3.700350
2950 3.764700
2955 3.741973
2960 3.187032
2965 4.279248
2970 6.152492
2975 6.689083
2980 6.764617
2985 6.918367
2990 6.919543
2995 6.922824
3000 6.933846
3005 6.930810
3010 6.938686
3015 6.929470
3020 6.918503
3025 6.906690
3030 6.908412
3035 6.897856
3040 6.901849
3045 6.896789
3050 6.897555
3055 6.892277
3060 6.875731
3065 6.863152
3070 6.863972
3075 6.863370
3080 6.859186
3085 6.845075
3090 6.839496
3095 6.835366
3100 6.831975
3105 6.843379
3110 6.842340
3115 6.838402
3120 6.833698
3125 6.820981
3130 6.811054
3135 6.807800
3140 6.784937
3145 6.752393
3150 6.737379
3155 6.735355
3160 6.738063
3165 6.728300
3170 6.724252
3175 6.721654
3180 6.717579
3185 6.723705
3190 6.716841
3195 6.717032
3200 6.716568
3205 6.709129
3210 6.710742
3215 6.714653
3220 6.720040
3225 6.720450
3230 6.720970
3235 6.709703
3240 6.714543
3245 6.715993
3250 6.713231
3255 6.714926
3260 6.715091
3265 6.718756
3270 6.721025
3275 6.717305
3280 6.712930
3285 6.703960
3290 6.702975
3295 6.704069
3300 6.703112
3305 6.702237
3310 6.711508
3315 6.712547
3320 6.709976
3325 6.705218
3330 6.705437
3335 6.708117
3340 6.707241
3345 6.706859
3350 6.701143
3355 6.700186
3360 6.704917
3365 6.706148
3370 6.706695
3375 6.707870
3380 6.707871
3385 6.708417
3390 6.706640
3395 6.703768
3400 6.702647
3405 6.703221
3410 6.705109
3415 6.705683
3420 6.704179
3425 6.703714
3430 6.703960
3435 6.715911
3440 6.715693
3445 6.711672
3450 6.710360
3455 6.709512
3460 6.712109
3465 6.710387
3470 6.711864
3475 6.709867
3480 6.711946
3485 6.714106
3490 6.715227
3495 6.713614
3500 6.713531
3505 6.714407
3510 6.719685
3515 6.721025
3520 6.717005
3525 6.717169
3530 6.716978
3535 6.717907
3540 6.716293
3545 6.715009
3550 6.711919
3555 6.710989
3560 6.706285
3565 6.705792
3570 6.710332
3575 6.709703
3580 6.709839
3585 6.710386
3590 6.710660
3595 6.705355
3600 6.702237
3605 6.705136
3610 6.704808
3615 6.706694
3620 6.707788
3625 6.708718
3630 6.707488
3635 6.707406
3640 6.708117
3645 6.727178
3650 6.726795
3655 6.726604
3660 6.721107
3665 6.720095
3670 6.719275
3675 6.717907
3680 6.716048
3685 6.712930
3690 6.707870
3695 6.707789
3700 6.706011
3705 6.710141
3710 6.711507
3715 6.717880
3720 6.716568
3725 6.714817
3730 6.709813
3735 6.709813
3740 6.705081
3745 6.704069
3750 6.704698
3755 6.704944
3760 6.706038
3765 6.705874
3770 6.715173
3775 6.713860
3780 6.715281
3785 6.714379
3790 6.716349
3795 6.710195
3800 6.702811
3805 6.701334
3810 6.702018
3815 6.699448
3820 6.725811
3825 6.723842
3830 6.724279
3835 6.726522
3840 6.727014
3845 6.725347
3850 6.728081
3855 6.729229
3860 6.729640
3865 6.730515
3870 6.734015
3875 6.735000
3880 6.734015
3885 6.736558
3890 6.734644
3895 6.727671
3900 6.732922
3905 6.734015
3910 6.733003
3915 6.729612
3920 6.748783
3925 6.747990
3930 6.748783
3935 6.747252
3940 6.746458
3945 6.738090
3950 6.735629
3955 6.737133
3960 6.737597
3965 6.737269
3970 6.734754
3975 6.733277
3980 6.734699
3985 6.734344
3990 6.732702
3995 6.739485
4000 6.736804
4005 6.737926
4010 6.739376
4015 6.739731
4020 6.738938
4025 6.739895
4030 6.740825
4035 6.738090
4040 6.736996
4045 6.732046
4050 6.732484
4055 6.732319
4060 6.733578
4065 6.732976
4070 6.727261
4075 6.728108
4080 6.728272
4085 6.729093
4090 6.730296
4095 6.750397
4100 6.749740
4105 6.747935
4110 6.746431
4115 6.745938
4120 6.756057
4125 6.755812
4130 6.753569
4135 6.752420
4140 6.754416
4145 6.765957
4150 6.770935
4155 6.770770
4160 6.768009
4165 6.763113
4170 6.757097
4175 6.754006
4180 6.751900
4185 6.748565
4190 6.758902
4195 6.794181
4200 6.799759
4205 6.798173
4210 6.810699
4215 6.820407
4220 6.818930
4225 6.827162
4230 6.826041
4235 6.839195
4240 6.850572
4245 6.818875
4250 6.829214
4255 6.833643
4260 6.851091
4265 6.863097
4270 6.884948
4275 6.891976
4280 6.897500
4285 6.899852
4290 6.898567
4295 6.912295
4300 6.916152
4305 6.929224
4310 6.925341
4315 6.920035
4320 6.920828
4325 6.927282
4330 6.915687
4335 6.916863
4340 6.915851
4345 6.912760
4350 6.901438
4355 6.901247
4360 6.913526
4365 6.905240
4370 6.899141
4375 6.900973
4380 6.879697
4385 6.817262
4390 6.761171
4395 6.569710
4400 6.378904
4405 6.169337
4410 5.810288
4415 6.008259
4420 6.873763
4425 6.895039
4430 6.886862
4435 6.873763
4440 6.863398
4445 6.848931
4450 6.809304
4455 6.769075
4460 6.736066
4465 6.691599
4470 6.688727
4475 6.757916
4480 6.799623
4485 6.705163
4490 6.461139
4495 6.474730
4500 6.584450
4505 6.784199
4510 6.859323
4515 6.882978
4520 6.872531
4525 6.888421
4530 6.893781
4535 6.885904
4540 6.880709
4545 6.896188
4550 6.878493
4555 6.863124
4560 6.871684
4565 6.869497
4570 6.879998
4575 6.885112
4580 6.892468
4585 6.881392
4590 6.860663
4595 6.867664
4600 6.851091
4605 6.824481
4610 6.840097
4615 6.853799
4620 6.857901
4625 6.856971
4630 6.872778
4635 6.879451
4640 6.884811
4645 6.862304
4650 6.877290
4655 6.879670
4660 6.896406
4665 6.910436
4670 6.914620
4675 6.891539
4680 6.856806
4685 6.832112
4690 6.716212
4695 6.642345
4700 6.695728
4705 6.734863
4710 6.783761
4715 6.887327
4720 6.926052
4725 6.917245
4730 6.887491
4735 6.875731
4740 6.906771
4745 6.898403
4750 6.592846
4755 5.088771
4760 2.604058
4765 1.798584
4770 1.166001
4775 0.885549
4780 0.609008
4785 0.475524
4790 0.462561
4795 0.424903
4800 0.419625
4805 0.405267
4810 0.408686
4815 0.452497
4820 0.621315
4825 0.624104
4830 0.641252
4835 0.666275
4840 0.690177
4845 0.720779
4850 0.762895
4855 0.800771
4860 0.709402
4865 0.733195
4870 0.771263
4875 0.809304
4880 0.838648
4885 0.730022
4890 0.745993
4895 0.773341
4900 0.817180
4905 0.825494
4910 0.683121
4915 0.712410
4920 1.332358
4925 1.522918
4930 1.950200
4935 2.700295
4940 3.982743
4945 4.830963
4950 5.076656
4955 4.588169
4960 1.553520
4965 0.674561
4970 1.241399
4975 2.013893
4980 2.315512
4985 2.283624
4990 2.137943
4995 1.772357
5000 1.478669
5005 1.039080
5010 0.864300
5015 0.727178
5020 0.774599
5025 0.958267
5030 0.929388
5035 0.813050
5040 0.792375
5045 0.715282
5050 0.814992
5055 1.195537
5060 1.841957
5065 2.600749
5070 3.646393
5075 4.242137
5080 4.673494
5085 4.777279
5090 2.892550
5095 2.221271
5100 2.065225
5105 2.080676
5110 2.627824
5115 2.369113
5120 2.287699
5125 2.355877
5130 2.411694
5135 2.950583
5140 2.964229
5145 2.947191
5150 2.946316
5155 2.958596
5160 2.800881
5165 2.819942
5170 2.838484
5175 2.874146
5180 2.906361
5185 2.449762
5190 2.507821
5195 2.292622
5200 2.328228
5205 2.403079
5210 2.422523
5215 2.449188
5220 0.207597
5225 0.734125
5230 1.108653
5235 1.486025
5240 1.689247
5245 2.405678
5250 2.478040
5255 2.564103
5260 2.908030
5265 3.251163
5270 1.540830
5275 1.628589
5280 1.652054
5285 1.606821
5290 1.961795
5295 2.786031
5300 3.785538
5305 4.972543
5310 5.520757
5315 5.839742
5320 6.405814
5325 6.443253
5330 6.491932
5335 6.539709
5340 6.561751
5345 6.198573
5350 6.317973
5355 6.400536
5360 6.469288
5365 6.016791
5370 4.459443
5375 4.377181
5380 4.111278
5385 3.825603
5390 3.874720
5395 4.048597
5400 4.145217
5405 4.073976
5410 3.982279
5415 3.930701
5420 4.067850
5425 4.321118
5430 4.407592
5435 4.582864
5440 4.761034
5445 4.915195
5450 4.991796
5455 5.047777
5460 5.055051
5465 5.277334
5470 5.781190
5475 5.766778
5480 5.778865
5485 5.829541
5490 5.860171
5495 6.302522
5500 6.774846
5505 6.846606
5510 6.862139
5515 6.870426
5520 6.878330
5525 6.872614
5530 6.871574
5535 6.867719
5540 6.858804
5545 6.861757
5550 6.856534
5555 6.845649
5560 6.841192
5565 6.834874
5570 6.821555
5575 6.820681
5580 6.811601
5585 6.809140
5590 6.807499
5595 6.816250
5600 6.814964
5605 6.811382
5610 6.809249
5615 6.796970
5620 6.782120
5625 6.783378
5630 6.783733
5635 6.799541
5640 6.800935
5645 6.799951
5650 6.800334
5655 6.801482
5660 6.808073
5665 6.808648
5670 6.817891
5675 6.819860
5680 6.821802
5685 6.820270
5690 6.820626
5695 6.816770
5700 6.820927
5705 6.817262
5710 6.821473
5715 6.821172
5720 6.823251
5725 6.822021
5730 6.821692
5735 6.823306
CPU clock time taken: 252.911116
Wall clock time taken: 218.501012
