5 0.605056
10 0.790158
15 0.825889
20 0.839697
25 0.839131
30 0.855051
35 0.883328
40 0.882727
45 0.860534
50 0.849166
55 0.814427
60 0.790547
65 0.784144
70 0.796679
75 0.795323
80 0.796054
85 0.915002
90 1.088854
95 1.224936
100 1.277600
105 1.295052
110 1.337351
115 1.386488
120 1.445272
125 1.460119
130 1.408528
135 1.398175
140 1.358341
145 1.296385
150 1.261374
155 1.230584
160 1.195632
165 1.176104
170 1.182142
175 1.153888
180 1.137815
185 1.118747
190 1.101118
195 1.094514
200 1.091731
205 1.089703
210 1.089951
215 1.091861
220 1.135280
225 1.126766
230 1.116082
235 1.109396
240 1.109137
245 1.091955
250 1.096224
255 1.088241
260 1.082934
265 1.085092
270 1.086401
275 1.076130
280 1.078654
285 1.084727
290 1.075376
295 1.072251
300 1.067817
305 1.068229
310 1.070116
315 1.069173
320 1.087675
325 1.081048
330 1.079727
335 1.078866
340 1.090788
345 1.178144
350 1.228756
355 1.234747
360 1.230997
365 1.218827
370 1.210691
375 1.199158
380 1.184217
385 1.183757
390 1.208993
395 1.236987
400 1.251562
405 1.270017
410 1.312846
415 1.412219
420 1.552923
425 1.645386
430 1.756904
435 1.854944
440 1.928009
445 2.008927
450 2.055612
455 2.087439
460 2.140056
465 2.165208
470 2.201859
475 2.208427
480 2.205479
485 2.200172
490 2.195609
495 2.176140
500 2.207542
505 2.254805
510 2.285477
515 2.319828
520 2.502583
525 2.647827
530 2.725997
535 2.760572
540 2.773791
545 2.860664
550 2.861465
555 2.861430
560 2.862503
565 2.861713
570 2.844261
575 2.844390
580 2.847846
585 2.850758
590 2.859213
595 2.901854
600 2.915733
605 2.923551
610 2.932997
615 2.932620
620 2.943185
625 2.941900
630 2.944081
635 2.946511
640 2.948503
645 2.946982
650 2.945850
655 2.943162
660 2.941558
665 2.943445
670 2.943964
675 2.942926
680 2.943574
685 2.943563
690 2.943256
695 2.943327
700 2.941181
705 2.941169
710 2.943067
715 2.942926
720 2.940166
725 2.940520
730 2.939117
735 2.938704
740 2.938551
745 2.938020
750 2.937501
755 2.937631
760 2.937478
765 2.938445
770 2.938433
775 2.938563
780 2.938610
785 2.938127
790 2.936546
795 2.935497
800 2.931499
805 2.931169
810 2.930650
815 2.930238
820 2.927584
825 2.925863
830 2.925332
835 2.928657
840 2.928445
845 2.928622
850 2.928716
855 2.928445
860 2.927454
865 2.928457
870 2.927914
875 2.928327
880 2.928410
885 2.928174
890 2.929790
895 2.929518
900 2.928964
905 2.926558
910 2.928634
915 2.928575
920 2.928103
925 2.928551
930 2.928292
935 2.928669
940 2.928929
945 2.928469
950 2.929341
955 2.928787
960 2.928929
965 2.929023
970 2.929707
975 2.928693
980 2.926971
985 2.928398
990 2.929141
995 2.929306
1000 2.929789
1005 2.929424
1010 2.926075
1015 2.925556
1020 2.927065
1025 2.926629
1030 2.927006
1035 2.929530
1040 2.929176
1045 2.929046
1050 2.929341
1055 2.928775
1060 2.928327
1065 2.927372
1070 2.927985
1075 2.927938
1080 2.928586
1085 2.929554
1090 2.930014
1095 2.930497
1100 2.929306
1105 2.929495
1110 2.927938
1115 2.928752
1120 2.929188
1125 2.930108
1130 2.929719
1135 2.930061
1140 2.931499
1145 2.930745
1150 2.930874
1155 2.930320
1160 2.930898
1165 2.930332
1170 2.930686
1175 2.932372
1180 2.931428
1185 2.927855
1190 2.928304
1195 2.929235
1200 2.930073
1205 2.930025
1210 2.927985
1215 2.927183
1220 2.927266
1225 2.928398
1230 2.928657
1235 2.928221
1240 2.929070
1245 2.929176
1250 2.928917
1255 2.928457
1260 2.927207
1265 2.928716
1270 2.929035
1275 2.929730
1280 2.929011
1285 2.928421
1290 2.928858
1295 2.928398
1300 2.929707
1305 2.929070
1310 2.929506
1315 2.930167
1320 2.930757
1325 2.930874
1330 2.930815
1335 2.930450
1340 2.932337
1345 2.931039
1350 2.932101
1355 2.932454
1360 2.931051
1365 2.932006
1370 2.932348
1375 2.932042
1380 2.931688
1385 2.930296
1390 2.930980
1395 2.931641
1400 2.932785
1405 2.933044
1410 2.930792
1415 2.933115
1420 2.933622
1425 2.935320
1430 2.935096
1435 2.931405
1440 2.930025
1445 2.929188
1450 2.930308
1455 2.931464
1460 2.929436
1465 2.934093
1470 2.939329
1475 2.939270
1480 2.938020
1485 2.936959
1490 2.941405
1495 2.940355
1500 2.947419
1505 2.952572
1510 2.957147
1515 2.958598
1520 2.962454
1525 2.963338
1530 2.963279
1535 2.965862
1540 2.962855
1545 2.959541
1550 2.959293
1555 2.960520
1560 2.963739
1565 2.958515
1570 2.954848
1575 2.952690
1580 2.955437
1585 2.949565
1590 2.947395
1595 2.952218
1600 2.952301
1605 2.954836
1610 2.962466
1615 2.965071
1620 2.966027
1625 2.967135
1630 2.967088
1635 2.968244
1640 2.971711
1645 2.970791
1650 2.973314
1655 2.968267
1660 2.965508
1665 2.961003
1670 2.960921
1675 2.960355
1680 2.946393
1685 2.931936
1690 2.920261
1695 2.922915
1700 2.929718
1705 2.932891
1710 2.917549
1715 2.913493
1720 2.893151
1725 2.915934
1730 2.912785
1735 2.791573
1740 2.789380
1745 2.657308
1750 2.284710
1755 2.113724
1760 2.111448
1765 2.058642
1770 2.197778
1775 2.427431
1780 2.557405
1785 2.449388
1790 2.394814
1795 2.258744
1800 2.259192
1805 2.316691
1810 2.205832
1815 2.217613
1820 2.195774
1825 2.165303
1830 2.139678
1835 1.956970
1840 1.877126
1845 1.748921
1850 1.646636
1855 1.673050
1860 1.781927
1865 1.865675
1870 2.014021
1875 2.182036
1880 2.257576
1885 1.941298
1890 1.935497
1895 2.026662
1900 1.979434
1905 2.242813
1910 2.452973
1915 2.548159
1920 2.601542
1925 2.255076
1930 1.872963
1935 1.298472
1940 1.116129
1945 1.032275
1950 0.885073
1955 0.688156
1960 0.431605
1965 0.358034
1970 0.309710
1975 0.291833
1980 0.279144
1985 0.231445
1990 0.221221
1995 0.220856
2000 0.309049
2005 0.606872
2010 1.224346
2015 1.573784
2020 2.196411
2025 2.543914
2030 2.692826
2035 2.850617
2040 2.699748
2045 1.660433
2050 1.337292
2055 1.013302
2060 0.718096
2065 0.543619
2070 0.364496
2075 0.278956
2080 0.255666
2085 0.234664
2090 0.229712
2095 0.230832
2100 0.246751
2105 0.341938
2110 0.550730
2115 1.103016
2120 2.635810
2125 2.872244
2130 2.961086
2135 2.975413
2140 2.979918
2145 2.981345
2150 2.982052
2155 2.978833
2160 2.838660
2165 2.818554
2170 2.820181
2175 2.630469
2180 1.176906
2185 0.427478
2190 0.328164
2195 0.280512
2200 0.254416
2205 0.258461
2210 0.314544
2215 0.305689
2220 0.304167
2225 0.309922
2230 0.318495
2235 0.297434
2240 0.294899
2245 0.300488
2250 0.315028
2255 0.323790
2260 0.308731
2265 0.320016
2270 0.447041
2275 0.638806
2280 0.787894
2285 0.988597
2290 1.009717
2295 0.948008
2300 0.909071
2305 0.824957
2310 0.746846
2315 0.733402
2320 0.637780
2325 0.534987
2330 0.477831
2335 0.520613
2340 0.444754
2345 0.422490
2350 0.456699
2355 0.516379
2360 0.468043
2365 0.438056
2370 0.419224
2375 0.374413
2380 0.337822
2385 0.683958
2390 0.891429
2395 1.249640
2400 1.818259
2405 2.060741
2410 1.439341
2415 0.522122
2420 0.233733
2425 0.233815
2430 0.253520
2435 0.664701
2440 0.758461
2445 0.745112
2450 0.703391
2455 0.608523
2460 0.452985
2465 0.398387
2470 0.355900
2475 0.398127
2480 0.504929
2485 0.512995
2490 0.466534
2495 0.438209
2500 0.433905
2505 0.401665
2510 0.578501
2515 0.779463
2520 0.870263
2525 0.938622
2530 0.962949
2535 0.915851
2540 0.705785
2545 0.483774
2550 0.388305
2555 0.360440
2560 0.504481
2565 0.513278
2570 0.518337
2575 0.531756
2580 0.547393
2585 0.553584
2590 0.556060
2595 0.567663
2600 0.582274
2605 0.603465
2610 0.661965
2615 0.667366
2620 0.682083
2625 0.766114
2630 0.949199
2635 0.932124
2640 1.080871
2645 1.375781
2650 1.632485
2655 2.150327
2660 2.303483
2665 2.268189
2670 2.134962
2675 1.983739
2680 1.516886
2685 0.769923
2690 0.764534
2695 0.752836
2700 0.722247
2705 0.691517
2710 0.667944
2715 0.658546
2720 0.564373
2725 0.536733
2730 0.645480
2735 0.783107
2740 0.850570
2745 0.870074
2750 0.926782
2755 0.964116
2760 1.089727
2765 1.097462
2770 1.097804
2775 1.092663
2780 1.123877
2785 1.259416
2790 1.260678
2795 1.271090
2800 1.281408
2805 1.305948
2810 1.366678
2815 1.371324
2820 1.380816
2825 1.399342
2830 1.416158
2835 1.360876
2840 1.360522
2845 1.370215
2850 1.381960
2855 1.419247
2860 1.467501
2865 1.476416
2870 1.488609
2875 1.481982
2880 1.501285
2885 1.502134
2890 1.472760
2895 1.452760
2900 1.438893
2905 1.434211
2910 1.452831
2915 1.446994
2920 1.461888
2925 1.492253
2930 1.524422
2935 1.599821
2940 1.592333
2945 1.589373
2950 1.617108
2955 1.607462
2960 1.366713
2965 1.836042
2970 2.639820
2975 2.868270
2980 2.899991
2985 2.964954
2990 2.965472
2995 2.966864
3000 2.971581
3005 2.970260
3010 2.973644
3015 2.969694
3020 2.964930
3025 2.959871
3030 2.960567
3035 2.955980
3040 2.957701
3045 2.955520
3050 2.955838
3055 2.953598
3060 2.946440
3065 2.941004
3070 2.941381
3075 2.941098
3080 2.939294
3085 2.933209
3090 2.930792
3095 2.929023
3100 2.927561
3105 2.932478
3110 2.932042
3115 2.930332
3120 2.928303
3125 2.922820
3130 2.918540
3135 2.917125
3140 2.907266
3145 2.893234
3150 2.886760
3155 2.885887
3160 2.887054
3165 2.882845
3170 2.881099
3175 2.879979
3180 2.878222
3185 2.880875
3190 2.877916
3195 2.877998
3200 2.877798
3205 2.874590
3210 2.875286
3215 2.876984
3220 2.879295
3225 2.879472
3230 2.879696
3235 2.874826
3240 2.876913
3245 2.877538
3250 2.876347
3255 2.877078
3260 2.877149
3265 2.878729
3270 2.879708
3275 2.878104
3280 2.876218
3285 2.872350
3290 2.871925
3295 2.872397
3300 2.871984
3305 2.871607
3310 2.875604
3315 2.876052
3320 2.874944
3325 2.872892
3330 2.872986
3335 2.874142
3340 2.873765
3345 2.873600
3350 2.871135
3355 2.870722
3360 2.872762
3365 2.873293
3370 2.873529
3375 2.874036
3380 2.874036
3385 2.874272
3390 2.873505
3395 2.872267
3400 2.871784
3405 2.872031
3410 2.872845
3415 2.873093
3420 2.872444
3425 2.872244
3430 2.872350
3435 2.877503
3440 2.877409
3445 2.875675
3450 2.875109
3455 2.874743
3460 2.875864
3465 2.875121
3470 2.875758
3475 2.874897
3480 2.875793
3485 2.876725
3490 2.877208
3495 2.876512
3500 2.876477
3505 2.876854
3510 2.879130
3515 2.879708
3520 2.877975
3525 2.878045
3530 2.877963
3535 2.878364
3540 2.877668
3545 2.877114
3550 2.875781
3555 2.875380
3560 2.873352
3565 2.873140
3570 2.875097
3575 2.874826
3580 2.874885
3585 2.875121
3590 2.875239
3595 2.872951
3600 2.871607
3605 2.872857
3610 2.872715
3615 2.873529
3620 2.874001
3625 2.874402
3630 2.873871
3635 2.873836
3640 2.874142
3645 2.882361
3650 2.882196
3655 2.882114
3660 2.879743
3665 2.879307
3670 2.878953
3675 2.878364
3680 2.877562
3685 2.876218
3690 2.874036
3695 2.874001
3700 2.873234
3705 2.875015
3710 2.875604
3715 2.878352
3720 2.877786
3725 2.877031
3730 2.874873
3735 2.874873
3740 2.872833
3745 2.872397
3750 2.872668
3755 2.872774
3760 2.873246
3765 2.873175
3770 2.877184
3775 2.876618
3780 2.877232
3785 2.876842
3790 2.877692
3795 2.875038
3800 2.871854
3805 2.871218
3810 2.871512
3815 2.870404
3820 2.881772
3825 2.880923
3830 2.881111
3835 2.882078
3840 2.882291
3845 2.881571
3850 2.882751
3855 2.883246
3860 2.883423
3865 2.883800
3870 2.885309
3875 2.885734
3880 2.885309
3885 2.886406
3890 2.885581
3895 2.882574
3900 2.884838
3905 2.885309
3910 2.884873
3915 2.883411
3920 2.891677
3925 2.891335
3930 2.891677
3935 2.891017
3940 2.890675
3945 2.887066
3950 2.886005
3955 2.886653
3960 2.886854
3965 2.886713
3970 2.885640
3975 2.885038
3980 2.885722
3985 2.885451
3990 2.884743
3995 2.887715
4000 2.886559
4005 2.887043
4010 2.887668
4015 2.887845
4020 2.887609
4025 2.887939
4030 2.888375
4035 2.887137
4040 2.886866
4045 2.884602
4050 2.884673
4055 2.884578
4060 2.885121
4065 2.884861
4070 2.882397
4075 2.882762
4080 2.882833
4085 2.883187
4090 2.883706
4095 2.892373
4100 2.892090
4105 2.891311
4110 2.890663
4115 2.890451
4120 2.894814
4125 2.894708
4130 2.893741
4135 2.893245
4140 2.894106
4145 2.899083
4150 2.901229
4155 2.901158
4160 2.899967
4165 2.897856
4170 2.895262
4175 2.893929
4180 2.893021
4185 2.891583
4190 2.896040
4195 2.911252
4200 2.913658
4205 2.912974
4210 2.918375
4215 2.922561
4220 2.921924
4225 2.925473
4230 2.924990
4235 2.930686
4240 2.935603
4245 2.921936
4250 2.926393
4255 2.928268
4260 2.935791
4265 2.940969
4270 2.950402
4275 2.953503
4280 2.955956
4285 2.956864
4290 2.956286
4295 2.962194
4300 2.963857
4305 2.969506
4310 2.967866
4315 2.965673
4320 2.965932
4325 2.968762
4330 2.963739
4335 2.964211
4340 2.963810
4345 2.962584
4350 2.957595
4355 2.957595
4360 2.962807
4365 2.959246
4370 2.956758
4375 2.957442
4380 2.948279
4385 2.921464
4390 2.897514
4395 2.815264
4400 2.733167
4405 2.643086
4410 2.488349
4415 2.573701
4420 2.946027
4425 2.954836
4430 2.951275
4435 2.945685
4440 2.941216
4445 2.935072
4450 2.917879
4455 2.900627
4460 2.886359
4465 2.867220
4470 2.866088
4475 2.895946
4480 2.913882
4485 2.873246
4490 2.768885
4495 2.777788
4500 2.825959
4505 2.910309
4510 2.940166
4515 2.949730
4520 2.945060
4525 2.951888
4530 2.954235
4535 2.950803
4540 2.948622
4545 2.955237
4550 2.947619
4555 2.940980
4560 2.944742
4565 2.943834
4570 2.948362
4575 2.950508
4580 2.953928
4585 2.948975
4590 2.940001
4595 2.943032
4600 2.935839
4605 2.924388
4610 2.931075
4615 2.936983
4620 2.938799
4625 2.938457
4630 2.945355
4635 2.948174
4640 2.950426
4645 2.940662
4650 2.947147
4655 2.948150
4660 2.955355
4665 2.961416
4670 2.963244
4675 2.953315
4680 2.938350
4685 2.927796
4690 2.877845
4695 2.846501
4700 2.869555
4705 2.886394
4710 2.907585
4715 2.951982
4720 2.968314
4725 2.964458
4730 2.951652
4735 2.946593
4740 2.959977
4745 2.956440
4750 2.824874
4755 2.177177
4760 1.109290
4765 0.764899
4770 0.497583
4775 0.376383
4780 0.257022
4785 0.199429
4790 0.193899
4795 0.178050
4800 0.176022
4805 0.169571
4810 0.170786
4815 0.189984
4820 0.263072
4825 0.263178
4830 0.270689
4835 0.283048
4840 0.292929
4845 0.306443
4850 0.324992
4855 0.342020
4860 0.302741
4865 0.312858
4870 0.329190
4875 0.345464
4880 0.357975
4885 0.312622
4890 0.319096
4895 0.331254
4900 0.349874
4905 0.353423
4910 0.292800
4915 0.305535
4920 0.572935
4925 0.655055
4930 0.839308
4935 1.162272
4940 1.710915
4945 2.073831
4950 2.178557
4955 1.966722
4960 0.661282
4965 0.285642
4970 0.532464
4975 0.865640
4980 0.995767
4985 0.982725
4990 0.920037
4995 0.762541
5000 0.636070
5005 0.446334
5010 0.370640
5015 0.311467
5020 0.331737
5025 0.411016
5030 0.398705
5035 0.348565
5040 0.339721
5045 0.306349
5050 0.349461
5055 0.513537
5060 0.792033
5065 1.119396
5070 1.569810
5075 1.825676
5080 2.011014
5085 2.050718
5090 1.241516
5095 0.955025
5100 0.888045
5105 0.894708
5110 1.128429
5115 1.017028
5120 0.981864
5125 1.011108
5130 1.035129
5135 1.266609
5140 1.272340
5145 1.264699
5150 1.264357
5155 1.269675
5160 1.202177
5165 1.210372
5170 1.218627
5175 1.234334
5180 1.248249
5185 1.050529
5190 1.075552
5195 0.984045
5200 0.999587
5205 1.031921
5210 1.040235
5215 1.051780
5220 0.088618
5225 0.314733
5230 0.475284
5235 0.637674
5240 0.725136
5245 1.032075
5250 1.063088
5255 1.100139
5260 1.248084
5265 1.396005
5270 0.662791
5275 0.700667
5280 0.710797
5285 0.691363
5290 0.843824
5295 1.197118
5300 1.626518
5305 2.133959
5310 2.367562
5315 2.504186
5320 2.746209
5325 2.762223
5330 2.783519
5335 2.803873
5340 2.813000
5345 2.656871
5350 2.708085
5355 2.743461
5360 2.772482
5365 2.578064
5370 1.911394
5375 1.875156
5380 1.759923
5385 1.636954
5390 1.659371
5395 1.736457
5400 1.778354
5405 1.747777
5410 1.708474
5415 1.686163
5420 1.746445
5425 1.855676
5430 1.892998
5435 1.968515
5440 2.045412
5445 2.111413
5450 2.144042
5455 2.168003
5460 2.170928
5465 2.266220
5470 2.479198
5475 2.472772
5480 2.477760
5485 2.499670
5490 2.512830
5495 2.702696
5500 2.905120
5505 2.934648
5510 2.941275
5515 2.944648
5520 2.948032
5525 2.945497
5530 2.944942
5535 2.943244
5540 2.939365
5545 2.940638
5550 2.938374
5555 2.933752
5560 2.931900
5565 2.929105
5570 2.923374
5575 2.923044
5580 2.919094
5585 2.917985
5590 2.917254
5595 2.921464
5600 2.920792
5605 2.919082
5610 2.918210
5615 2.912809
5620 2.906405
5625 2.906936
5630 2.907113
5635 2.913893
5640 2.914507
5645 2.914377
5650 2.914577
5655 2.915014
5660 2.917867
5665 2.918162
5670 2.921759
5675 2.922667
5680 2.923504
5685 2.922808
5690 2.922950
5695 2.921606
5700 2.923351
5705 2.921735
5710 2.923575
5715 2.923398
5720 2.924165
5725 2.923646
5730 2.923587
5735 2.924283
CPU clock time taken: 262.525274
Wall clock time taken: 220.500609
