5 2.428211
10 3.175045
15 3.320147
20 3.376702
25 3.367086
30 3.420642
35 3.528183
40 3.518328
45 3.429306
50 3.379177
55 3.239693
60 3.142626
65 3.116967
70 3.166524
75 3.160002
80 3.165667
85 3.640769
90 4.329525
95 4.875464
100 5.080548
105 5.146863
110 5.310388
115 5.508284
120 5.762545
125 5.821146
130 5.616348
135 5.577311
140 5.418547
145 5.172474
150 5.032991
155 4.908645
160 4.768542
165 4.689898
170 4.713558
175 4.600257
180 4.535942
185 4.459630
190 4.388556
195 4.360040
200 4.349281
205 4.341807
210 4.343092
215 4.350900
220 4.523375
225 4.490003
230 4.447967
235 4.421117
240 4.420499
245 4.350043
250 4.367610
255 4.335713
260 4.315100
265 4.324146
270 4.327811
275 4.286918
280 4.297248
285 4.321622
290 4.283871
295 4.270970
300 4.253213
305 4.254737
310 4.262496
315 4.258736
320 4.333381
325 4.306341
330 4.300724
335 4.298153
340 4.346472
345 4.693230
350 4.898220
355 4.917404
360 4.896554
365 4.838474
370 4.804341
375 4.758831
380 4.702895
385 4.703752
390 4.810102
395 4.925735
400 4.986052
405 5.061553
410 5.234600
415 5.636104
420 6.202941
425 6.576501
430 7.027421
435 7.423260
440 7.718413
445 8.043130
450 8.232171
455 8.361230
460 8.574074
465 8.675664
470 8.824242
475 8.850710
480 8.839236
485 8.817957
490 8.799438
495 8.718985
500 8.846091
505 9.037133
510 9.161573
515 9.299771
520 10.024898
525 10.604304
530 10.915024
535 11.051510
540 11.103780
545 11.445826
550 11.449347
555 11.448872
560 11.453489
565 11.450490
570 11.380653
575 11.381748
580 11.394888
585 11.406218
590 11.438873
595 11.606256
600 11.661051
605 11.692373
610 11.730078
615 11.728648
620 11.771445
625 11.766256
630 11.774827
635 11.784728
640 11.792583
645 11.786536
650 11.782110
655 11.770923
660 11.764592
665 11.772541
670 11.776777
675 11.775159
680 11.778824
685 11.778349
690 11.779112
695 11.777588
700 11.768827
705 11.767115
710 11.773446
715 11.773254
720 11.762830
725 11.763401
730 11.758021
735 11.756260
740 11.755879
745 11.754260
750 11.752499
755 11.753261
760 11.752689
765 11.756497
770 11.757212
775 11.757592
780 11.757974
785 11.755307
790 11.749024
795 11.744264
800 11.728365
805 11.726506
810 11.725412
815 11.723364
820 11.712320
825 11.705323
830 11.702942
835 11.716699
840 11.716462
845 11.716081
850 11.716271
855 11.715652
860 11.711607
865 11.715843
870 11.714225
875 11.716129
880 11.715842
885 11.714652
890 11.721032
895 11.719557
900 11.717176
905 11.708417
910 11.716510
915 11.716557
920 11.714461
925 11.716271
930 11.715272
935 11.716701
940 11.717605
945 11.715890
950 11.719223
955 11.716462
960 11.717557
965 11.717748
970 11.720509
975 11.716557
980 11.710035
985 11.715558
990 11.718367
995 11.718984
1000 11.720936
1005 11.719938
1010 11.706798
1015 11.704370
1020 11.710511
1025 11.708845
1030 11.709893
1035 11.719937
1040 11.718319
1045 11.718462
1050 11.719652
1055 11.716843
1060 11.714986
1065 11.711368
1070 11.714225
1075 11.713606
1080 11.715938
1085 11.719080
1090 11.721032
1095 11.723126
1100 11.718318
1105 11.719223
1110 11.712845
1115 11.715986
1120 11.718319
1125 11.721794
1130 11.719890
1135 11.721698
1140 11.727268
1145 11.724222
1150 11.724555
1155 11.722460
1160 11.725080
1165 11.722650
1170 11.724031
1175 11.730600
1180 11.727268
1185 11.712702
1190 11.714987
1195 11.718365
1200 11.721984
1205 11.721793
1210 11.714747
1215 11.711320
1220 11.711843
1225 11.716605
1230 11.717795
1235 11.714652
1240 11.717842
1245 11.718555
1250 11.716938
1255 11.715701
1260 11.710559
1265 11.716557
1270 11.717699
1275 11.720938
1280 11.717984
1285 11.715177
1290 11.716843
1295 11.715034
1300 11.720318
1305 11.717700
1310 11.719271
1315 11.721841
1320 11.724079
1325 11.724698
1330 11.724411
1335 11.723556
1340 11.730838
1345 11.725459
1350 11.729696
1355 11.731410
1360 11.725649
1365 11.729412
1370 11.730695
1375 11.729936
1380 11.728555
1385 11.722746
1390 11.724936
1395 11.728030
1400 11.732315
1405 11.733220
1410 11.724745
1415 11.733458
1420 11.735410
1425 11.742501
1430 11.741741
1435 11.727030
1440 11.721555
1445 11.718129
1450 11.722698
1455 11.727696
1460 11.719556
1465 11.738599
1470 11.759878
1475 11.759355
1480 11.754974
1485 11.749356
1490 11.767399
1495 11.763450
1500 11.792439
1505 11.812531
1510 11.830001
1515 11.834904
1520 11.851089
1525 11.853947
1530 11.853472
1535 11.863562
1540 11.851423
1545 11.837903
1550 11.836571
1555 11.842141
1560 11.855137
1565 11.836712
1570 11.822098
1575 11.812292
1580 11.823384
1585 11.798201
1590 11.789869
1595 11.809673
1600 11.809673
1605 11.818718
1610 11.849139
1615 11.859373
1620 11.862849
1625 11.867325
1630 11.867133
1635 11.871845
1640 11.885842
1645 11.882129
1650 11.892316
1655 11.871942
1660 11.860849
1665 11.842665
1670 11.842330
1675 11.840046
1680 11.783680
1685 11.725317
1690 11.678186
1695 11.688898
1700 11.716367
1705 11.729173
1710 11.667191
1715 11.650767
1720 11.568743
1725 11.660669
1730 11.647958
1735 11.158669
1740 11.150481
1745 10.618253
1750 9.136390
1755 8.467295
1760 8.474103
1765 8.262782
1770 8.821289
1775 9.729601
1780 10.233028
1785 9.785061
1790 9.562649
1795 9.014138
1800 9.017186
1805 9.250404
1810 8.809958
1815 8.857708
1820 8.768114
1825 8.644483
1830 8.538845
1835 7.810768
1840 7.484814
1845 6.966153
1850 6.554651
1855 6.657764
1860 7.099114
1865 7.438637
1870 8.034562
1875 8.710416
1880 9.015996
1885 7.789013
1890 7.765972
1895 8.134913
1900 7.948872
1905 9.004093
1910 9.836047
1915 10.212177
1920 10.422023
1925 9.026564
1930 7.489431
1935 5.198610
1940 4.466057
1945 4.124250
1950 3.530087
1955 2.739551
1960 1.710226
1965 1.413644
1970 1.220889
1975 1.149672
1980 1.098876
1985 0.911882
1990 0.871037
1995 0.869942
2000 1.226697
2005 2.427402
2010 4.919166
2015 6.327193
2020 8.805721
2025 10.197419
2030 10.788679
2035 11.404837
2040 10.796391
2045 6.630630
2050 5.343379
2055 4.040750
2060 2.871799
2065 2.165429
2070 1.440874
2075 1.096496
2080 1.003047
2085 0.920308
2090 0.899315
2095 0.902742
2100 0.966771
2105 1.350043
2110 2.188375
2115 4.408264
2120 10.548796
2125 11.491003
2130 11.843522
2135 11.900887
2140 11.919070
2145 11.925022
2150 11.927734
2155 11.915262
2160 11.356422
2165 11.274921
2170 11.281681
2175 10.515711
2180 4.661287
2185 1.683614
2190 1.287537
2195 1.097972
2200 0.991050
2205 1.007141
2210 1.237884
2215 1.201323
2220 1.194183
2225 1.217795
2230 1.251881
2235 1.170666
2240 1.160430
2245 1.180901
2250 1.234980
2255 1.268590
2260 1.208607
2265 1.254308
2270 1.767828
2275 2.543130
2280 3.148291
2285 3.960059
2290 4.045464
2295 3.797439
2300 3.641007
2305 3.301771
2310 2.990527
2315 2.938113
2320 2.553508
2325 2.138580
2330 1.910787
2335 2.084214
2340 1.779349
2345 1.688803
2350 1.829287
2355 2.070075
2360 1.874560
2365 1.754118
2370 1.680091
2375 1.499524
2380 1.352852
2385 2.747786
2390 3.582833
2395 5.013139
2400 7.296820
2405 8.266875
2410 5.730315
2415 2.045654
2420 0.916214
2425 0.929496
2430 1.010330
2435 2.670094
2440 3.048558
2445 2.994192
2450 2.827192
2455 2.443731
2460 1.816433
2465 1.596163
2470 1.424926
2475 1.596115
2480 2.026040
2485 2.058174
2490 1.870180
2495 1.756117
2500 1.737837
2505 1.609064
2510 2.315957
2515 3.128297
2520 3.495335
2525 3.767971
2530 3.865848
2535 3.666952
2540 2.819909
2545 1.930877
2550 1.553889
2555 1.441778
2560 2.022565
2565 2.058650
2570 2.078216
2575 2.132391
2580 2.194468
2585 2.211654
2590 2.220889
2595 2.267495
2600 2.326954
2605 2.412311
2610 2.654051
2615 2.675617
2620 2.734504
2625 3.073789
2630 3.812958
2635 3.745168
2640 4.342426
2645 5.534228
2650 6.572931
2655 8.649291
2660 9.230124
2665 9.090021
2670 8.548653
2675 7.930496
2680 6.047558
2685 3.065743
2690 3.036275
2695 2.983719
2700 2.854470
2705 2.732791
2710 2.652385
2715 2.613349
2720 2.235504
2725 2.129344
2730 2.568123
2735 3.133343
2740 3.406408
2745 3.483481
2750 3.715509
2755 3.865229
2760 4.369228
2765 4.401028
2770 4.401790
2775 4.381225
2780 4.507998
2785 5.052319
2790 5.057222
2795 5.098114
2800 5.138960
2805 5.237503
2810 5.483480
2815 5.502476
2820 5.540608
2825 5.615824
2830 5.683805
2835 5.458440
2840 5.458631
2845 5.497715
2850 5.544559
2855 5.695278
2860 5.883986
2865 5.919166
2870 5.968009
2875 5.941398
2880 6.019423
2885 6.028372
2890 5.909311
2895 5.827335
2900 5.771493
2905 5.752023
2910 5.827621
2915 5.805151
2920 5.865229
2925 5.986765
2930 6.116824
2935 6.420641
2940 6.390507
2945 6.377178
2950 6.489098
2955 6.450252
2960 5.475531
2965 7.359612
2970 10.573979
2975 11.478292
2980 11.602304
2985 11.859612
2990 11.861516
2995 11.866896
3000 11.885556
3005 11.880224
3010 11.893983
3015 11.878273
3020 11.858850
3025 11.838330
3030 11.841093
3035 11.822622
3040 11.829573
3045 11.820765
3050 11.822004
3055 11.812862
3060 11.784110
3065 11.762164
3070 11.763544
3075 11.762401
3080 11.755165
3085 11.730459
3090 11.720794
3095 11.713701
3100 11.707798
3105 11.727649
3110 11.725887
3115 11.719080
3120 11.710891
3125 11.688709
3130 11.671427
3135 11.665476
3140 11.625774
3145 11.569170
3150 11.542988
3155 11.539559
3160 11.544084
3165 11.527088
3170 11.520090
3175 11.515614
3180 11.508664
3185 11.519233
3190 11.507188
3195 11.507665
3200 11.506950
3205 11.493906
3210 11.496858
3215 11.503715
3220 11.512997
3225 11.513710
3230 11.514663
3235 11.494763
3240 11.503238
3245 11.505664
3250 11.500904
3255 11.503856
3260 11.504189
3265 11.510521
3270 11.514614
3275 11.508093
3280 11.500524
3285 11.484861
3290 11.483052
3295 11.485004
3300 11.483480
3305 11.482006
3310 11.497952
3315 11.499762
3320 11.495575
3325 11.487288
3330 11.487670
3335 11.492050
3340 11.490527
3345 11.490052
3350 11.480101
3355 11.478386
3360 11.486432
3365 11.488669
3370 11.489670
3375 11.491765
3380 11.491812
3385 11.492574
3390 11.489574
3395 11.484672
3400 11.482720
3405 11.483671
3410 11.486956
3415 11.488004
3420 11.485291
3425 11.484575
3430 11.484957
3435 11.505665
3440 11.505331
3445 11.498382
3450 11.496049
3455 11.494430
3460 11.499001
3465 11.496238
3470 11.498619
3475 11.495191
3480 11.498809
3485 11.502379
3490 11.504332
3495 11.501618
3500 11.501571
3505 11.503141
3510 11.512187
3515 11.514472
3520 11.507521
3525 11.507760
3530 11.507474
3535 11.508997
3540 11.506237
3545 11.504143
3550 11.498857
3555 11.497190
3560 11.488861
3565 11.488004
3570 11.496002
3575 11.494859
3580 11.495144
3585 11.496048
3590 11.496572
3595 11.487195
3600 11.481769
3605 11.486860
3610 11.486291
3615 11.489574
3620 11.491527
3625 11.493050
3630 11.491097
3635 11.490859
3640 11.492099
3645 11.525373
3650 11.524708
3655 11.524280
3660 11.514662
3665 11.513043
3670 11.511379
3675 11.509140
3680 11.505999
3685 11.500668
3690 11.491764
3695 11.491621
3700 11.488432
3705 11.495716
3710 11.498144
3715 11.509141
3720 11.506712
3725 11.503903
3730 11.495097
3735 11.495097
3740 11.486908
3745 11.484957
3750 11.486100
3755 11.486622
3760 11.488527
3765 11.488289
3770 11.504475
3775 11.502238
3780 11.504569
3785 11.503046
3790 11.506474
3795 11.495525
3800 11.482909
3805 11.480434
3810 11.481578
3815 11.477148
3820 11.522756
3825 11.519327
3830 11.520137
3835 11.523993
3840 11.524898
3845 11.522089
3850 11.526801
3855 11.528801
3860 11.529421
3865 11.530944
3870 11.536989
3875 11.538703
3880 11.536990
3885 11.541512
3890 11.538275
3895 11.526041
3900 11.535228
3905 11.537133
3910 11.535371
3915 11.529469
3920 11.562696
3925 11.561364
3930 11.562743
3935 11.560079
3940 11.558745
3945 11.544177
3950 11.539893
3955 11.542512
3960 11.543225
3965 11.542655
3970 11.538512
3975 11.536276
3980 11.538988
3985 11.537751
3990 11.534703
3995 11.546844
4000 11.542130
4005 11.544654
4010 11.546987
4015 11.547509
4020 11.546653
4025 11.547938
4030 11.549653
4035 11.544749
4040 11.543892
4045 11.534228
4050 11.534562
4055 11.534275
4060 11.536227
4065 11.535179
4070 11.525373
4075 11.526850
4080 11.527184
4085 11.528563
4090 11.530659
4095 11.565647
4100 11.564649
4105 11.561411
4110 11.558791
4115 11.557936
4120 11.575360
4125 11.575073
4130 11.571122
4135 11.569122
4140 11.572647
4145 11.592688
4150 11.601399
4155 11.601114
4160 11.596307
4165 11.587784
4170 11.577169
4175 11.571790
4180 11.568123
4185 11.562316
4190 11.580310
4195 11.641722
4200 11.651433
4205 11.648670
4210 11.670475
4215 11.687374
4220 11.685328
4225 11.700086
4230 11.697896
4235 11.720889
4240 11.740693
4245 11.685184
4250 11.702895
4255 11.710464
4260 11.740836
4265 11.762210
4270 11.800676
4275 11.813100
4280 11.822861
4285 11.826051
4290 11.823907
4295 11.847901
4300 11.854565
4305 11.877226
4310 11.871371
4315 11.861897
4320 11.862706
4325 11.874369
4330 11.854375
4335 11.856183
4340 11.854328
4345 11.849138
4350 11.829334
4355 11.829192
4360 11.850234
4365 11.835903
4370 11.826432
4375 11.828858
4380 11.792011
4385 11.683995
4390 11.587785
4395 11.257594
4400 10.927926
4405 10.564124
4410 9.941827
4415 10.286442
4420 11.784300
4425 11.818290
4430 11.803627
4435 11.781157
4440 11.763259
4445 11.738742
4450 11.669333
4455 11.599591
4460 11.541893
4465 11.464392
4470 11.459965
4475 11.580596
4480 11.654003
4485 11.490623
4490 11.076027
4495 11.124393
4500 11.321004
4505 11.656431
4510 11.763971
4515 11.799201
4520 11.778586
4525 11.805913
4530 11.815481
4535 11.801677
4540 11.792773
4545 11.819337
4550 11.788678
4555 11.762258
4560 11.777540
4565 11.774112
4570 11.792202
4575 11.801201
4580 11.814672
4585 11.794868
4590 11.759307
4595 11.770922
4600 11.741502
4605 11.695374
4610 11.721937
4615 11.745692
4620 11.753262
4625 11.752308
4630 11.780111
4635 11.791059
4640 11.800105
4645 11.760686
4650 11.786870
4655 11.791012
4660 11.819814
4665 11.844474
4670 11.851852
4675 11.811863
4680 11.751738
4685 11.708892
4690 11.507902
4695 11.383986
4700 11.477150
4705 11.545177
4710 11.630772
4715 11.809008
4720 11.872750
4725 11.857089
4730 11.805245
4735 11.784775
4740 11.838855
4745 11.824860
4750 11.295155
4755 8.684757
4760 4.400505
4765 3.032229
4770 1.979101
4775 1.490955
4780 1.010568
4785 0.778016
4790 0.756831
4795 0.693040
4800 0.685899
4805 0.659431
4810 0.663763
4815 0.742788
4820 1.039608
4825 1.034514
4830 1.067552
4835 1.114824
4840 1.155099
4845 1.210416
4850 1.287442
4855 1.357517
4860 1.205275
4865 1.246549
4870 1.313577
4875 1.378368
4880 1.429211
4885 1.248119
4890 1.273684
4895 1.323622
4900 1.398029
4905 1.412215
4910 1.172236
4915 1.224650
4920 2.304675
4925 2.634723
4930 3.378702
4935 4.680139
4940 6.868323
4945 8.316814
4950 8.730743
4955 7.871893
4960 2.626392
4965 1.131867
4970 2.140626
4975 3.485195
4980 4.011187
4985 3.961868
4990 3.708560
4995 3.073503
5000 2.562173
5005 1.795916
5010 1.486337
5015 1.247215
5020 1.328382
5025 1.648862
5030 1.599305
5035 1.396934
5040 1.362658
5045 1.226935
5050 1.400648
5055 2.063315
5060 3.185376
5065 4.505379
5070 6.319908
5075 7.345568
5080 8.089451
5085 8.222889
5090 4.984529
5095 3.847615
5100 3.577406
5105 3.599638
5110 4.528421
5115 4.076169
5120 3.932971
5125 4.050224
5130 4.145911
5135 5.084976
5140 5.107207
5145 5.072836
5150 5.071455
5155 5.093020
5160 4.824288
5165 4.857422
5170 4.888365
5175 4.950681
5180 5.006760
5185 4.209035
5190 4.307626
5195 3.945825
5200 4.006522
5205 4.137913
5210 4.171285
5215 4.219556
5220 0.352376
5225 1.259212
5230 1.900076
5235 2.551461
5240 2.903123
5245 4.134819
5250 4.261544
5255 4.408645
5260 5.005713
5265 5.600638
5270 2.670523
5275 2.822908
5280 2.863515
5285 2.784776
5290 3.396886
5295 4.807198
5300 6.525231
5305 8.552462
5310 9.480148
5315 10.025469
5320 10.986337
5325 11.050080
5330 11.137532
5335 11.218127
5340 11.253640
5345 10.628915
5350 10.833335
5355 10.975960
5360 11.093163
5365 10.314197
5370 7.648624
5375 7.497001
5380 7.029182
5385 6.536370
5390 6.633153
5395 6.954394
5400 7.127915
5405 7.005569
5410 6.847234
5415 6.757307
5420 7.002619
5425 7.443064
5430 7.594069
5435 7.899172
5440 8.209606
5445 8.475245
5450 8.604257
5455 8.701371
5460 8.713367
5465 9.091260
5470 9.927021
5475 9.900553
5480 9.920833
5485 10.009330
5490 10.062077
5495 10.815339
5500 11.626440
5505 11.739598
5510 11.765782
5515 11.778968
5520 11.791107
5525 11.781158
5530 11.778872
5535 11.771922
5540 11.756260
5545 11.761497
5550 11.752688
5555 11.734648
5560 11.726506
5565 11.714938
5570 11.691993
5575 11.690278
5580 11.674474
5585 11.669380
5590 11.666476
5595 11.684566
5600 11.681900
5605 11.675140
5610 11.671760
5615 11.649290
5620 11.624488
5625 11.626582
5630 11.627249
5635 11.654670
5640 11.657240
5645 11.658764
5650 11.659621
5655 11.661334
5660 11.672950
5665 11.673997
5670 11.687232
5675 11.691803
5680 11.695183
5685 11.692754
5690 11.693277
5695 11.686375
5700 11.693420
5705 11.686804
5710 11.694229
5715 11.693706
5720 11.695230
5725 11.693136
5730 11.692898
5735 11.695516
CPU clock time taken: 256.507617
Wall clock time taken: 219.224616
