5 0.806304
10 1.052245
15 1.099552
20 1.118064
25 1.117829
30 1.139993
35 1.178506
40 1.178444
45 1.149069
50 1.134773
55 1.088517
60 1.056775
65 1.048185
70 1.064800
75 1.063060
80 1.063703
85 1.222083
90 1.454276
95 1.635808
100 1.706502
105 1.730469
110 1.787479
115 1.852922
120 1.929494
125 1.949276
130 1.880259
135 1.866057
140 1.812998
145 1.729732
150 1.682942
155 1.642046
160 1.595476
165 1.569487
170 1.577779
175 1.540175
180 1.518732
185 1.493385
190 1.469779
195 1.461377
200 1.457537
205 1.454778
210 1.454982
215 1.457380
220 1.515455
225 1.504201
230 1.489733
235 1.480861
240 1.480438
245 1.457615
250 1.463399
255 1.452834
260 1.445812
265 1.448696
270 1.450451
275 1.436720
280 1.440184
285 1.448257
290 1.435811
295 1.431563
300 1.425560
305 1.426045
310 1.428569
315 1.427331
320 1.452129
325 1.443304
330 1.441485
335 1.440294
340 1.456220
345 1.572716
350 1.640181
355 1.648332
360 1.643614
365 1.628535
370 1.618205
375 1.603126
380 1.582748
385 1.581698
390 1.614929
395 1.651499
400 1.670920
405 1.695514
410 1.752445
415 1.884538
420 2.071619
425 2.194401
430 2.342607
435 2.472867
440 2.570051
445 2.677895
450 2.739937
455 2.782290
460 2.852107
465 2.885463
470 2.934181
475 2.942724
480 2.938758
485 2.931673
490 2.925622
495 2.899806
500 2.941595
505 3.004436
510 3.045144
515 3.090790
520 3.334990
525 3.528905
530 3.633316
535 3.679619
540 3.697160
545 3.813641
550 3.814800
555 3.814926
560 3.816383
565 3.815396
570 3.791742
575 3.791899
580 3.796555
585 3.800489
590 3.811775
595 3.869240
600 3.887815
605 3.898222
610 3.910794
615 3.910292
620 3.924353
625 3.922628
630 3.925544
635 3.928804
640 3.931453
645 3.929447
650 3.927895
655 3.924368
660 3.922205
665 3.924713
670 3.925231
675 3.923929
680 3.924729
685 3.924525
690 3.924023
695 3.923945
700 3.920873
705 3.920998
710 3.923663
715 3.923365
720 3.919791
725 3.920309
730 3.918380
735 3.917863
740 3.917581
745 3.916986
750 3.916249
755 3.916437
760 3.916280
765 3.917471
770 3.917440
775 3.917660
780 3.917659
785 3.917032
790 3.914963
795 3.913694
800 3.908427
805 3.907910
810 3.907141
815 3.906609
820 3.903082
825 3.900934
830 3.900244
835 3.904634
840 3.904226
845 3.904398
850 3.904586
855 3.904289
860 3.903050
865 3.904351
870 3.903599
875 3.904195
880 3.904163
885 3.903850
890 3.906013
895 3.905731
900 3.905010
905 3.901812
910 3.904571
915 3.904508
920 3.903928
925 3.904524
930 3.904163
935 3.904680
940 3.905057
945 3.904430
950 3.905605
955 3.904775
960 3.905010
965 3.905135
970 3.906029
975 3.904587
980 3.902517
985 3.904336
990 3.905292
995 3.905448
1000 3.906123
1005 3.905558
1010 3.901169
1015 3.900480
1020 3.902486
1025 3.901906
1030 3.902439
1035 3.905809
1040 3.905339
1045 3.905041
1050 3.905496
1055 3.904712
1060 3.904242
1065 3.903003
1070 3.903834
1075 3.903756
1080 3.904587
1085 3.905856
1090 3.906546
1095 3.907141
1100 3.905496
1105 3.905731
1110 3.903615
1115 3.904634
1120 3.905229
1125 3.906515
1130 3.906013
1135 3.906577
1140 3.908442
1145 3.907439
1150 3.907596
1155 3.906906
1160 3.907784
1165 3.906985
1170 3.907455
1175 3.909618
1180 3.908317
1185 3.903709
1190 3.904289
1195 3.905558
1200 3.906577
1205 3.906483
1210 3.903693
1215 3.902611
1220 3.902737
1225 3.904179
1230 3.904524
1235 3.904069
1240 3.905119
1245 3.905198
1250 3.904931
1255 3.904304
1260 3.902690
1265 3.904759
1270 3.905198
1275 3.906123
1280 3.905135
1285 3.904179
1290 3.904822
1295 3.904273
1300 3.906060
1305 3.905151
1310 3.905872
1315 3.906687
1320 3.907502
1325 3.907674
1330 3.907565
1335 3.907220
1340 3.909696
1345 3.907910
1350 3.909336
1355 3.909806
1360 3.907972
1365 3.909211
1370 3.909634
1375 3.909273
1380 3.908772
1385 3.906875
1390 3.907690
1395 3.908599
1400 3.910136
1405 3.910480
1410 3.907612
1415 3.910700
1420 3.911327
1425 3.913646
1430 3.913349
1435 3.908255
1440 3.906483
1445 3.905417
1450 3.906828
1455 3.908458
1460 3.905778
1465 3.911860
1470 3.918772
1475 3.918804
1480 3.917048
1485 3.915622
1490 3.921610
1495 3.920481
1500 3.929855
1505 3.936391
1510 3.942630
1515 3.944542
1520 3.949762
1525 3.951015
1530 3.951047
1535 3.954417
1540 3.950451
1545 3.946094
1550 3.945780
1555 3.947411
1560 3.951627
1565 3.944260
1570 3.939385
1575 3.936736
1580 3.940514
1585 3.932786
1590 3.929666
1595 3.936312
1600 3.936454
1605 3.939871
1610 3.950028
1615 3.953555
1620 3.954825
1625 3.956298
1630 3.956235
1635 3.957772
1640 3.962380
1645 3.961158
1650 3.964512
1655 3.957803
1660 3.954151
1665 3.948163
1670 3.948053
1675 3.947301
1680 3.928742
1685 3.909508
1690 3.893990
1695 3.897517
1700 3.906562
1705 3.910794
1710 3.890401
1715 3.885008
1720 3.857953
1725 3.888253
1730 3.884068
1735 3.722914
1740 3.719920
1745 3.544250
1750 3.046492
1755 2.817355
1760 2.811947
1765 2.741504
1770 2.927017
1775 3.234153
1780 3.409321
1785 3.266992
1790 3.194683
1795 3.013762
1800 3.014468
1805 3.091024
1810 2.942363
1815 2.958148
1820 2.929228
1825 2.888739
1830 2.855007
1835 2.610979
1840 2.505267
1845 2.335475
1850 2.199871
1855 2.234717
1860 2.378660
1865 2.490047
1870 2.687755
1875 2.911201
1880 3.011396
1885 2.585429
1890 2.577654
1895 2.698743
1900 2.635808
1905 2.986425
1910 3.268418
1915 3.396153
1920 3.467459
1925 3.006677
1930 2.498495
1935 1.730610
1940 1.488103
1945 1.376779
1950 1.181030
1955 0.919133
1960 0.577231
1965 0.479544
1970 0.415355
1975 0.391529
1980 0.374428
1985 0.310333
1990 0.296711
1995 0.296163
2000 0.413615
2005 0.809377
2010 1.630384
2015 2.094865
2020 2.926531
2025 3.389335
2030 3.588281
2035 3.800395
2040 3.599693
2045 2.215625
2050 1.783858
2055 1.352640
2060 0.958210
2065 0.726362
2070 0.488369
2075 0.374835
2080 0.343721
2085 0.315427
2090 0.308985
2095 0.310709
2100 0.332137
2105 0.458618
2110 0.736300
2115 1.471205
2120 3.513277
2125 3.829112
2130 3.948037
2135 3.967255
2140 3.973258
2145 3.975171
2150 3.976111
2155 3.971754
2160 3.784516
2165 3.757744
2170 3.760079
2175 3.507900
2180 1.574127
2185 0.572920
2190 0.440749
2195 0.377406
2200 0.342686
2205 0.348078
2210 0.422832
2215 0.410856
2220 0.408552
2225 0.416202
2230 0.427723
2235 0.399633
2240 0.396185
2245 0.404101
2250 0.423632
2255 0.435513
2260 0.415042
2265 0.429666
2270 0.598423
2275 0.853298
2280 1.051053
2285 1.317449
2290 1.345555
2295 1.263324
2300 1.211643
2305 1.099818
2310 0.995689
2315 0.977459
2320 0.850304
2325 0.713603
2330 0.637360
2335 0.693758
2340 0.593047
2345 0.563468
2350 0.608910
2355 0.688272
2360 0.623675
2365 0.583924
2370 0.558530
2375 0.499122
2380 0.450436
2385 0.911358
2390 1.186955
2395 1.664368
2400 2.421829
2405 2.745188
2410 1.921892
2415 0.701188
2420 0.314816
2425 0.313437
2430 0.339253
2435 0.885510
2440 1.010157
2445 0.992272
2450 0.936705
2455 0.810678
2460 0.603847
2465 0.531209
2470 0.474607
2475 0.530754
2480 0.673240
2485 0.683711
2490 0.621763
2495 0.584112
2500 0.578500
2505 0.535629
2510 0.771428
2515 1.038545
2520 1.159054
2525 1.250408
2530 1.282996
2535 1.220500
2540 0.941360
2545 0.645652
2550 0.517917
2555 0.480830
2560 0.672566
2565 0.684385
2570 0.691203
2575 0.708838
2580 0.729529
2585 0.738745
2590 0.742288
2595 0.757634
2600 0.777055
2605 0.805207
2610 0.882281
2615 0.889397
2620 0.909148
2625 1.020832
2630 1.264155
2635 1.241488
2640 1.439213
2645 1.831353
2650 2.172299
2655 2.861747
2660 3.070146
2665 3.022791
2670 2.845837
2675 2.645558
2680 2.024986
2685 1.028074
2690 1.022055
2695 1.007116
2700 0.967224
2705 0.925998
2710 0.892909
2715 0.880306
2720 0.755032
2725 0.717835
2730 0.862342
2735 1.044611
2740 1.134099
2745 1.160496
2750 1.235642
2755 1.285018
2760 1.451972
2765 1.462255
2770 1.462850
2775 1.456236
2780 1.497868
2785 1.677409
2790 1.679118
2795 1.693241
2800 1.706957
2805 1.739717
2810 1.820161
2815 1.826462
2820 1.839175
2825 1.863894
2830 1.886309
2835 1.812716
2840 1.812167
2845 1.824879
2850 1.840460
2855 1.890056
2860 1.955154
2865 1.967067
2870 1.983306
2875 1.974418
2880 2.000047
2885 2.001113
2890 1.961722
2895 1.935137
2900 1.916797
2905 1.910527
2910 1.935639
2915 1.927378
2920 1.947191
2925 1.987586
2930 2.030253
2935 2.130620
2940 2.120650
2945 2.116731
2950 2.153662
2955 2.140746
2960 1.821807
2965 2.446956
2970 3.517995
2975 3.823626
2980 3.866183
2985 3.953304
2990 3.953947
2995 3.955828
3000 3.962145
3005 3.960405
3010 3.964920
3015 3.959637
3020 3.953336
3025 3.946564
3030 3.947552
3035 3.941470
3040 3.943758
3045 3.940858
3050 3.941282
3055 3.938287
3060 3.928789
3065 3.921578
3070 3.922080
3075 3.921703
3080 3.919305
3085 3.911201
3090 3.908004
3095 3.905652
3100 3.903709
3105 3.910245
3110 3.909634
3115 3.907377
3120 3.904680
3125 3.897392
3130 3.891702
3135 3.889836
3140 3.876732
3145 3.858079
3150 3.849473
3155 3.848313
3160 3.849865
3165 3.844269
3170 3.841949
3175 3.840460
3180 3.838125
3185 3.841636
3190 3.837701
3195 3.837811
3200 3.837545
3205 3.833281
3210 3.834206
3215 3.836447
3220 3.839535
3225 3.839771
3230 3.840068
3235 3.833610
3240 3.836385
3245 3.837215
3250 3.835632
3255 3.836604
3260 3.836698
3265 3.838799
3270 3.840100
3275 3.837968
3280 3.835460
3285 3.830318
3290 3.829754
3295 3.830381
3300 3.829833
3305 3.829331
3310 3.834645
3315 3.835240
3320 3.833767
3325 3.831040
3330 3.831165
3335 3.832701
3340 3.832199
3345 3.831980
3350 3.828704
3355 3.828155
3360 3.830867
3365 3.831573
3370 3.831886
3375 3.832560
3380 3.832560
3385 3.832874
3390 3.831855
3395 3.830209
3400 3.829566
3405 3.829895
3410 3.830977
3415 3.831306
3420 3.830444
3425 3.830178
3430 3.830318
3435 3.837169
3440 3.837043
3445 3.834739
3450 3.833987
3455 3.833501
3460 3.834990
3465 3.834002
3470 3.834848
3475 3.833704
3480 3.834896
3485 3.836134
3490 3.836776
3495 3.835852
3500 3.835805
3505 3.836306
3510 3.839332
3515 3.840100
3520 3.837795
3525 3.837889
3530 3.837780
3535 3.838313
3540 3.837388
3545 3.836651
3550 3.834880
3555 3.834347
3560 3.831651
3565 3.831369
3570 3.833971
3575 3.833610
3580 3.833689
3585 3.834002
3590 3.834159
3595 3.831118
3600 3.829331
3605 3.830992
3610 3.830804
3615 3.831886
3620 3.832513
3625 3.833046
3630 3.832341
3635 3.832294
3640 3.832701
3645 3.843626
3650 3.843407
3655 3.843297
3660 3.840147
3665 3.839567
3670 3.839097
3675 3.838313
3680 3.837247
3685 3.835460
3690 3.832560
3695 3.832513
3700 3.831494
3705 3.833861
3710 3.834645
3715 3.838297
3720 3.837545
3725 3.836541
3730 3.833673
3735 3.833673
3740 3.830961
3745 3.830381
3750 3.830742
3755 3.830883
3760 3.831510
3765 3.831416
3770 3.836745
3775 3.835993
3780 3.836808
3785 3.836291
3790 3.837419
3795 3.833892
3800 3.829660
3805 3.828814
3810 3.829206
3815 3.827732
3820 3.842843
3825 3.841714
3830 3.841965
3835 3.843250
3840 3.843533
3845 3.842576
3850 3.844144
3855 3.844802
3860 3.845037
3865 3.845539
3870 3.847545
3875 3.848109
3880 3.847545
3885 3.849003
3890 3.847906
3895 3.843909
3900 3.846918
3905 3.847545
3910 3.846965
3915 3.845021
3920 3.856010
3925 3.855555
3930 3.856010
3935 3.855132
3940 3.854677
3945 3.849881
3950 3.848470
3955 3.849332
3960 3.849599
3965 3.849411
3970 3.847969
3975 3.847153
3980 3.848031
3985 3.847733
3990 3.846793
3995 3.850743
4000 3.849207
4005 3.849818
4010 3.850618
4015 3.850868
4020 3.850492
4025 3.851009
4030 3.851496
4035 3.849912
4040 3.849442
4045 3.846479
4050 3.846683
4055 3.846573
4060 3.847294
4065 3.846950
4070 3.843673
4075 3.844160
4080 3.844253
4085 3.844724
4090 3.845413
4095 3.856935
4100 3.856558
4105 3.855524
4110 3.854662
4115 3.854380
4120 3.860179
4125 3.860038
4130 3.858753
4135 3.858095
4140 3.859239
4145 3.865854
4150 3.868707
4155 3.868612
4160 3.867029
4165 3.864223
4170 3.860775
4175 3.859004
4180 3.857797
4185 3.855885
4190 3.861809
4195 3.882030
4200 3.885228
4205 3.884319
4210 3.891498
4215 3.897063
4220 3.896216
4225 3.900934
4230 3.900292
4235 3.907831
4240 3.914368
4245 3.896200
4250 3.902110
4255 3.904649
4260 3.914650
4265 3.921531
4270 3.934071
4275 3.938162
4280 3.941344
4285 3.942614
4290 3.941862
4295 3.949746
4300 3.951941
4305 3.959449
4310 3.957207
4315 3.954276
4320 3.954684
4325 3.958414
4330 3.951705
4335 3.952395
4340 3.951862
4345 3.950138
4350 3.943570
4355 3.943586
4360 3.950483
4365 3.945765
4370 3.942332
4375 3.943319
4380 3.931124
4385 3.895370
4390 3.863440
4395 3.753966
4400 3.644680
4405 3.524861
4410 3.319017
4415 3.432504
4420 3.928005
4425 3.939918
4430 3.935200
4435 3.927723
4440 3.921782
4445 3.913568
4450 3.890777
4455 3.867766
4460 3.848862
4465 3.823421
4470 3.821823
4475 3.861480
4480 3.885369
4485 3.831259
4490 3.691956
4495 3.701941
4500 3.765299
4505 3.878801
4510 3.919932
4515 3.933021
4520 3.926955
4525 3.936046
4530 3.939134
4535 3.934604
4540 3.931657
4545 3.940498
4550 3.930356
4555 3.921547
4560 3.926532
4565 3.925246
4570 3.931297
4575 3.934181
4580 3.938632
4585 3.932049
4590 3.920183
4595 3.924212
4600 3.914665
4605 3.899429
4610 3.908380
4615 3.916202
4620 3.918631
4625 3.918129
4630 3.927268
4635 3.931030
4640 3.934071
4645 3.921108
4650 3.929682
4655 3.931030
4660 3.940623
4665 3.948680
4670 3.951141
4675 3.937896
4680 3.917989
4685 3.903928
4690 3.837576
4695 3.795599
4700 3.826227
4705 3.848611
4710 3.876685
4715 3.935811
4720 3.957756
4725 3.952646
4730 3.935639
4735 3.928946
4740 3.946705
4745 3.942003
4750 3.766992
4755 2.905574
4760 1.483651
4765 1.023763
4770 0.665073
4775 0.504138
4780 0.345304
4785 0.268873
4790 0.261411
4795 0.240078
4800 0.237162
4805 0.228729
4810 0.230453
4815 0.255784
4820 0.352812
4825 0.353643
4830 0.363596
4835 0.379162
4840 0.392360
4845 0.410277
4850 0.434573
4855 0.456847
4860 0.404602
4865 0.418192
4870 0.439792
4875 0.461408
4880 0.478086
4885 0.416860
4890 0.425857
4895 0.441815
4900 0.466722
4905 0.471425
4910 0.390448
4915 0.407361
4920 0.762728
4925 0.871779
4930 1.116684
4935 1.546461
4940 2.278372
4945 2.762603
4950 2.902627
4955 2.621685
4960 0.884460
4965 0.382751
4970 0.709355
4975 1.152204
4980 1.325209
4985 1.307339
4990 1.223948
4995 1.014609
5000 0.846291
5005 0.594207
5010 0.494059
5015 0.415418
5020 0.442677
5025 0.548012
5030 0.531554
5035 0.464872
5040 0.453069
5045 0.408803
5050 0.466001
5055 0.684055
5060 1.054329
5065 1.489451
5070 2.088423
5075 2.429196
5080 2.675983
5085 2.732444
5090 1.654226
5095 1.271240
5100 1.182033
5105 1.190874
5110 1.503010
5115 1.354897
5120 1.308264
5125 1.347263
5130 1.379413
5135 1.687269
5140 1.695106
5145 1.685247
5150 1.684729
5155 1.691783
5160 1.601746
5165 1.612750
5170 1.623534
5175 1.644241
5180 1.662737
5185 1.400401
5190 1.433711
5195 1.310756
5200 1.331369
5205 1.374475
5210 1.385557
5215 1.400965
5220 0.118283
5225 0.419493
5230 0.633692
5235 0.849818
5240 0.966111
5245 1.375619
5250 1.416829
5255 1.466173
5260 1.663051
5265 1.859772
5270 0.881968
5275 0.932363
5280 0.945859
5285 0.919932
5290 1.123033
5295 1.594003
5300 2.166076
5305 2.843328
5310 3.155699
5315 3.337874
5320 3.661233
5325 3.682629
5330 3.710703
5335 3.737805
5340 3.750360
5345 3.542307
5350 3.610618
5355 3.657596
5360 3.696690
5365 3.437864
5370 2.548514
5375 2.500878
5380 2.348204
5385 2.184400
5390 2.213367
5395 2.314456
5400 2.369945
5405 2.329206
5410 2.276804
5415 2.247210
5420 2.326713
5425 2.471926
5430 2.521522
5435 2.621951
5440 2.724152
5445 2.811885
5450 2.855680
5455 2.887626
5460 2.891482
5465 3.018716
5470 3.304627
5475 3.296179
5480 3.302966
5485 3.331964
5490 3.349473
5495 3.602452
5500 3.872375
5505 3.912581
5510 3.921422
5515 3.926045
5520 3.930638
5525 3.927299
5530 3.926641
5535 3.924400
5540 3.919258
5545 3.920935
5550 3.917926
5555 3.911734
5560 3.909211
5565 3.905590
5570 3.897956
5575 3.897517
5580 3.892329
5585 3.890808
5590 3.889789
5595 3.895260
5600 3.894445
5605 3.892172
5610 3.890996
5615 3.883896
5620 3.875353
5625 3.876043
5630 3.876262
5635 3.885322
5640 3.886122
5645 3.885714
5650 3.886012
5655 3.886623
5660 3.890400
5665 3.890777
5670 3.895746
5675 3.896984
5680 3.898097
5685 3.897157
5690 3.897345
5695 3.895401
5700 3.897752
5705 3.895573
5710 3.898003
5715 3.897784
5720 3.898928
5725 3.898222
5730 3.898097
5735 3.899022
CPU clock time taken: 266.320178
Wall clock time taken: 221.457215
