5 1.214105
10 1.587523
15 1.660073
20 1.688351
25 1.683543
30 1.710321
35 1.764091
40 1.759164
45 1.714653
50 1.689589
55 1.619847
60 1.571313
65 1.558483
70 1.583262
75 1.580001
80 1.582834
85 1.820385
90 2.164762
95 2.437732
100 2.540274
105 2.573431
110 2.655194
115 2.754142
120 2.881272
125 2.910573
130 2.808174
135 2.788656
140 2.709274
145 2.586237
150 2.516495
155 2.454323
160 2.384271
165 2.344949
170 2.356779
175 2.300128
180 2.267971
185 2.229815
190 2.194278
195 2.180020
200 2.174641
205 2.170903
210 2.171546
215 2.175450
220 2.261687
225 2.245002
230 2.223984
235 2.210559
240 2.210249
245 2.175021
250 2.183805
255 2.167857
260 2.157550
265 2.162073
270 2.163906
275 2.143459
280 2.148624
285 2.160811
290 2.141936
295 2.135485
300 2.126607
305 2.127368
310 2.131248
315 2.129368
320 2.166690
325 2.153171
330 2.150362
335 2.149076
340 2.173236
345 2.346615
350 2.449110
355 2.458702
360 2.448277
365 2.419237
370 2.402171
375 2.379416
380 2.351447
385 2.351876
390 2.405051
395 2.462868
400 2.493026
405 2.530777
410 2.617300
415 2.818052
420 3.101471
425 3.288251
430 3.513710
435 3.711630
440 3.859207
445 4.021565
450 4.116086
455 4.180615
460 4.287037
465 4.337832
470 4.412120
475 4.425355
480 4.419618
485 4.408978
490 4.399719
495 4.359492
500 4.423046
505 4.518566
510 4.580786
515 4.649886
520 5.012449
525 5.302152
530 5.457512
535 5.525754
540 5.551890
545 5.722912
550 5.724674
555 5.724436
560 5.726745
565 5.725245
570 5.690327
575 5.690874
580 5.697443
585 5.703109
590 5.719437
595 5.803128
600 5.830524
605 5.846187
610 5.865039
615 5.864325
620 5.885723
625 5.883129
630 5.887413
635 5.892364
640 5.896292
645 5.893269
650 5.891055
655 5.885461
660 5.882296
665 5.886271
670 5.888389
675 5.887580
680 5.889413
685 5.889174
690 5.889555
695 5.888794
700 5.884414
705 5.883557
710 5.886723
715 5.886628
720 5.881414
725 5.881701
730 5.879011
735 5.878130
740 5.877939
745 5.877131
750 5.876250
755 5.876631
760 5.876345
765 5.878249
770 5.878606
775 5.878797
780 5.878987
785 5.877654
790 5.874512
795 5.872132
800 5.864182
805 5.863253
810 5.862706
815 5.861682
820 5.856161
825 5.852661
830 5.851471
835 5.858350
840 5.858231
845 5.858040
850 5.858136
855 5.857826
860 5.855803
865 5.857922
870 5.857112
875 5.858065
880 5.857922
885 5.857327
890 5.860516
895 5.859778
900 5.858588
905 5.854208
910 5.858254
915 5.858279
920 5.857231
925 5.858136
930 5.857636
935 5.858350
940 5.858802
945 5.857945
950 5.859612
955 5.858231
960 5.858778
965 5.858873
970 5.860254
975 5.858279
980 5.855018
985 5.857779
990 5.859183
995 5.859492
1000 5.860468
1005 5.859969
1010 5.853399
1015 5.852185
1020 5.855256
1025 5.854423
1030 5.854947
1035 5.859969
1040 5.859159
1045 5.859231
1050 5.859826
1055 5.858422
1060 5.857493
1065 5.855684
1070 5.857112
1075 5.856802
1080 5.857969
1085 5.859540
1090 5.860516
1095 5.861563
1100 5.859159
1105 5.859612
1110 5.856422
1115 5.857993
1120 5.859159
1125 5.860897
1130 5.859945
1135 5.860849
1140 5.863635
1145 5.862111
1150 5.862278
1155 5.861230
1160 5.862539
1165 5.861325
1170 5.862016
1175 5.865301
1180 5.863634
1185 5.856350
1190 5.857493
1195 5.859183
1200 5.860992
1205 5.860897
1210 5.857374
1215 5.855660
1220 5.855922
1225 5.858303
1230 5.858897
1235 5.857327
1240 5.858921
1245 5.859279
1250 5.858469
1255 5.857850
1260 5.855279
1265 5.858278
1270 5.858850
1275 5.860468
1280 5.858993
1285 5.857588
1290 5.858421
1295 5.857517
1300 5.860158
1305 5.858850
1310 5.859635
1315 5.860921
1320 5.862040
1325 5.862349
1330 5.862206
1335 5.861778
1340 5.865419
1345 5.862730
1350 5.864848
1355 5.865705
1360 5.862825
1365 5.864705
1370 5.865348
1375 5.864967
1380 5.864276
1385 5.861373
1390 5.862468
1395 5.864015
1400 5.866158
1405 5.866610
1410 5.862372
1415 5.866729
1420 5.867704
1425 5.871251
1430 5.870870
1435 5.863515
1440 5.860778
1445 5.859064
1450 5.861349
1455 5.863848
1460 5.859778
1465 5.869299
1470 5.879939
1475 5.879677
1480 5.877487
1485 5.874679
1490 5.883700
1495 5.881724
1500 5.896220
1505 5.906265
1510 5.915000
1515 5.917452
1520 5.925545
1525 5.926973
1530 5.926735
1535 5.931781
1540 5.925712
1545 5.918952
1550 5.918285
1555 5.921070
1560 5.927568
1565 5.918357
1570 5.911049
1575 5.906146
1580 5.911692
1585 5.899100
1590 5.894935
1595 5.904837
1600 5.904837
1605 5.909359
1610 5.924569
1615 5.929687
1620 5.931425
1625 5.933662
1630 5.933567
1635 5.935923
1640 5.942921
1645 5.941064
1650 5.946158
1655 5.935971
1660 5.930424
1665 5.921332
1670 5.921165
1675 5.920023
1680 5.891840
1685 5.862659
1690 5.839093
1695 5.844449
1700 5.858183
1705 5.864586
1710 5.833595
1715 5.825383
1720 5.784371
1725 5.830334
1730 5.823978
1735 5.579334
1740 5.575241
1745 5.309126
1750 4.568195
1755 4.233647
1760 4.237051
1765 4.131391
1770 4.410645
1775 4.864800
1780 5.116514
1785 4.892531
1790 4.781324
1795 4.507070
1800 4.508593
1805 4.625202
1810 4.404980
1815 4.428854
1820 4.384057
1825 4.322241
1830 4.269423
1835 3.905384
1840 3.742407
1845 3.483076
1850 3.277325
1855 3.328882
1860 3.549557
1865 3.719318
1870 4.017281
1875 4.355208
1880 4.507998
1885 3.894506
1890 3.882986
1895 4.067457
1900 3.974436
1905 4.502047
1910 4.918024
1915 5.106089
1920 5.211011
1925 4.513282
1930 3.744716
1935 2.599305
1940 2.233029
1945 2.062125
1950 1.765043
1955 1.369775
1960 0.855113
1965 0.706822
1970 0.610445
1975 0.574836
1980 0.549438
1985 0.455941
1990 0.435518
1995 0.434971
2000 0.613349
2005 1.213701
2010 2.459583
2015 3.163596
2020 4.402861
2025 5.098710
2030 5.394340
2035 5.702418
2040 5.398196
2045 3.315315
2050 2.671689
2055 2.020375
2060 1.435899
2065 1.082714
2070 0.720437
2075 0.548248
2080 0.501523
2085 0.460154
2090 0.449657
2095 0.451371
2100 0.483386
2105 0.675021
2110 1.094187
2115 2.204132
2120 5.274398
2125 5.745502
2130 5.921761
2135 5.950443
2140 5.959535
2145 5.962511
2150 5.963867
2155 5.957631
2160 5.678211
2165 5.637461
2170 5.640841
2175 5.257855
2180 2.330644
2185 0.841807
2190 0.643768
2195 0.548986
2200 0.495525
2205 0.503570
2210 0.618942
2215 0.600662
2220 0.597091
2225 0.608897
2230 0.625940
2235 0.585333
2240 0.580215
2245 0.590450
2250 0.617490
2255 0.634295
2260 0.604304
2265 0.627154
2270 0.883914
2275 1.271565
2280 1.574146
2285 1.980030
2290 2.022732
2295 1.898719
2300 1.820504
2305 1.650885
2310 1.495263
2315 1.469056
2320 1.276754
2325 1.069290
2330 0.955394
2335 1.042107
2340 0.889674
2345 0.844402
2350 0.914643
2355 1.035038
2360 0.937280
2365 0.877059
2370 0.840046
2375 0.749762
2380 0.676426
2385 1.373893
2390 1.791417
2395 2.506570
2400 3.648410
2405 4.133438
2410 2.865158
2415 1.022827
2420 0.458107
2425 0.464748
2430 0.505165
2435 1.335047
2440 1.524279
2445 1.497096
2450 1.413596
2455 1.221865
2460 0.908217
2465 0.798082
2470 0.712463
2475 0.798058
2480 1.013020
2485 1.029087
2490 0.935090
2495 0.878059
2500 0.868918
2505 0.804532
2510 1.157979
2515 1.564148
2520 1.747667
2525 1.883986
2530 1.932924
2535 1.833476
2540 1.409954
2545 0.965438
2550 0.776945
2555 0.720889
2560 1.011282
2565 1.029325
2570 1.039108
2575 1.066195
2580 1.097234
2585 1.105827
2590 1.110445
2595 1.133747
2600 1.163477
2605 1.206155
2610 1.327026
2615 1.337808
2620 1.367252
2625 1.536894
2630 1.906479
2635 1.872584
2640 2.171213
2645 2.767114
2650 3.286466
2655 4.324646
2660 4.615062
2665 4.545011
2670 4.274326
2675 3.965248
2680 3.023779
2685 1.532871
2690 1.518138
2695 1.491859
2700 1.427235
2705 1.366395
2710 1.326192
2715 1.306674
2720 1.117752
2725 1.064672
2730 1.284062
2735 1.566671
2740 1.703204
2745 1.741740
2750 1.857755
2755 1.932614
2760 2.184614
2765 2.200514
2770 2.200895
2775 2.190612
2780 2.253999
2785 2.526159
2790 2.528611
2795 2.549057
2800 2.569480
2805 2.618752
2810 2.741740
2815 2.751238
2820 2.770304
2825 2.807912
2830 2.841902
2835 2.729220
2840 2.729316
2845 2.748857
2850 2.772280
2855 2.847639
2860 2.941993
2865 2.959583
2870 2.984004
2875 2.970699
2880 3.009712
2885 3.014186
2890 2.954656
2895 2.913668
2900 2.885747
2905 2.876012
2910 2.913810
2915 2.902575
2920 2.932615
2925 2.993383
2930 3.058412
2935 3.210321
2940 3.195254
2945 3.188589
2950 3.244549
2955 3.225126
2960 2.737765
2965 3.679806
2970 5.286990
2975 5.739146
2980 5.801152
2985 5.929806
2990 5.930758
2995 5.933448
3000 5.942778
3005 5.940112
3010 5.946991
3015 5.939137
3020 5.929425
3025 5.919166
3030 5.920547
3035 5.911311
3040 5.914786
3045 5.910382
3050 5.911001
3055 5.906432
3060 5.892054
3065 5.881082
3070 5.881772
3075 5.881200
3080 5.877583
3085 5.865229
3090 5.860397
3095 5.856851
3100 5.853899
3105 5.863825
3110 5.862944
3115 5.859540
3120 5.855446
3125 5.844355
3130 5.835713
3135 5.832738
3140 5.812887
3145 5.784585
3150 5.771494
3155 5.769781
3160 5.772041
3165 5.763544
3170 5.760045
3175 5.757807
3180 5.754332
3185 5.759616
3190 5.753594
3195 5.753832
3200 5.753475
3205 5.746953
3210 5.748429
3215 5.751856
3220 5.756498
3225 5.756855
3230 5.757331
3235 5.747382
3240 5.751618
3245 5.752833
3250 5.750453
3255 5.751928
3260 5.752095
3265 5.755260
3270 5.757307
3275 5.754047
3280 5.750262
3285 5.742431
3290 5.741526
3295 5.742502
3300 5.741741
3305 5.741002
3310 5.748977
3315 5.749881
3320 5.747786
3325 5.743645
3330 5.743835
3335 5.746025
3340 5.745263
3345 5.745025
3350 5.740050
3355 5.739193
3360 5.743216
3365 5.744335
3370 5.744835
3375 5.745882
3380 5.745906
3385 5.746286
3390 5.744787
3395 5.742335
3400 5.741359
3405 5.741836
3410 5.743478
3415 5.744002
3420 5.742645
3425 5.742288
3430 5.742478
3435 5.752833
3440 5.752666
3445 5.749191
3450 5.748024
3455 5.747215
3460 5.749500
3465 5.748119
3470 5.749310
3475 5.747596
3480 5.749405
3485 5.751190
3490 5.752166
3495 5.750810
3500 5.750786
3505 5.751571
3510 5.756094
3515 5.757236
3520 5.753761
3525 5.753880
3530 5.753737
3535 5.754498
3540 5.753118
3545 5.752071
3550 5.749429
3555 5.748596
3560 5.744431
3565 5.744001
3570 5.748001
3575 5.747429
3580 5.747572
3585 5.748024
3590 5.748286
3595 5.743597
3600 5.740883
3605 5.743431
3610 5.743145
3615 5.744787
3620 5.745763
3625 5.746525
3630 5.745549
3635 5.745430
3640 5.746049
3645 5.762686
3650 5.762353
3655 5.762140
3660 5.757331
3665 5.756522
3670 5.755689
3675 5.754570
3680 5.752999
3685 5.750333
3690 5.745882
3695 5.745811
3700 5.744216
3705 5.747858
3710 5.749072
3715 5.754570
3720 5.753356
3725 5.751952
3730 5.747548
3735 5.747549
3740 5.743454
3745 5.742478
3750 5.743050
3755 5.743312
3760 5.744264
3765 5.744144
3770 5.752237
3775 5.751119
3780 5.752285
3785 5.751523
3790 5.753237
3795 5.747763
3800 5.741455
3805 5.740217
3810 5.740788
3815 5.738575
3820 5.761378
3825 5.759664
3830 5.760068
3835 5.761997
3840 5.762449
3845 5.761045
3850 5.763401
3855 5.764400
3860 5.764710
3865 5.765471
3870 5.768495
3875 5.769351
3880 5.768495
3885 5.770756
3890 5.769137
3895 5.763020
3900 5.767614
3905 5.768566
3910 5.767685
3915 5.764734
3920 5.781348
3925 5.780682
3930 5.781372
3935 5.780039
3940 5.779373
3945 5.772089
3950 5.769947
3955 5.771256
3960 5.771613
3965 5.771327
3970 5.769256
3975 5.768138
3980 5.769494
3985 5.768876
3990 5.767352
3995 5.773422
4000 5.771066
4005 5.772327
4010 5.773493
4015 5.773755
4020 5.773327
4025 5.773970
4030 5.774826
4035 5.772375
4040 5.771946
4045 5.767114
4050 5.767281
4055 5.767138
4060 5.768114
4065 5.767591
4070 5.762687
4075 5.763425
4080 5.763591
4085 5.764281
4090 5.765329
4095 5.782824
4100 5.782324
4105 5.780706
4110 5.779397
4115 5.778968
4120 5.787680
4125 5.787537
4130 5.785561
4135 5.784562
4140 5.786323
4145 5.796344
4150 5.800700
4155 5.800557
4160 5.798153
4165 5.793892
4170 5.788584
4175 5.785894
4180 5.784061
4185 5.781158
4190 5.790155
4195 5.820861
4200 5.825716
4205 5.824336
4210 5.835238
4215 5.843688
4220 5.842664
4225 5.850043
4230 5.848948
4235 5.860445
4240 5.870347
4245 5.842592
4250 5.851447
4255 5.855232
4260 5.870418
4265 5.881105
4270 5.900338
4275 5.906551
4280 5.911430
4285 5.913025
4290 5.911954
4295 5.923950
4300 5.927282
4305 5.938613
4310 5.935685
4315 5.930948
4320 5.931353
4325 5.937185
4330 5.927187
4335 5.928092
4340 5.927164
4345 5.924570
4350 5.914667
4355 5.914596
4360 5.925117
4365 5.917952
4370 5.913215
4375 5.914429
4380 5.896006
4385 5.841998
4390 5.793892
4395 5.628797
4400 5.463963
4405 5.282062
4410 4.970913
4415 5.143221
4420 5.892150
4425 5.909145
4430 5.901814
4435 5.890579
4440 5.881629
4445 5.869370
4450 5.834666
4455 5.799796
4460 5.770947
4465 5.732196
4470 5.729982
4475 5.790298
4480 5.827002
4485 5.745311
4490 5.538013
4495 5.562197
4500 5.660501
4505 5.828216
4510 5.881986
4515 5.899600
4520 5.889294
4525 5.902956
4530 5.907741
4535 5.900837
4540 5.896387
4545 5.909668
4550 5.894340
4555 5.881130
4560 5.888770
4565 5.887056
4570 5.896101
4575 5.900600
4580 5.907336
4585 5.897434
4590 5.879653
4595 5.885461
4600 5.870751
4605 5.847686
4610 5.860969
4615 5.872846
4620 5.876630
4625 5.876154
4630 5.890056
4635 5.895530
4640 5.900053
4645 5.880344
4650 5.893435
4655 5.895506
4660 5.909906
4665 5.922236
4670 5.925926
4675 5.905932
4680 5.875868
4685 5.854446
4690 5.753951
4695 5.691992
4700 5.738575
4705 5.772589
4710 5.815386
4715 5.904503
4720 5.936376
4725 5.928545
4730 5.902623
4735 5.892388
4740 5.919428
4745 5.912430
4750 5.647577
4755 4.342378
4760 2.200252
4765 1.516115
4770 0.989551
4775 0.745477
4780 0.505284
4785 0.389008
4790 0.378416
4795 0.346520
4800 0.342950
4805 0.329715
4810 0.331881
4815 0.371394
4820 0.519804
4825 0.517257
4830 0.533776
4835 0.557412
4840 0.577549
4845 0.605208
4850 0.643721
4855 0.678758
4860 0.602637
4865 0.623274
4870 0.656789
4875 0.689184
4880 0.714605
4885 0.624060
4890 0.636842
4895 0.661811
4900 0.699015
4905 0.706108
4910 0.586118
4915 0.612325
4920 1.152337
4925 1.317362
4930 1.689351
4935 2.340070
4940 3.434162
4945 4.158407
4950 4.365372
4955 3.935947
4960 1.313196
4965 0.565934
4970 1.070313
4975 1.742597
4980 2.005594
4985 1.980934
4990 1.854280
4995 1.536752
5000 1.281086
5005 0.897958
5010 0.743169
5015 0.623608
5020 0.664191
5025 0.824431
5030 0.799652
5035 0.698467
5040 0.681329
5045 0.613468
5050 0.700324
5055 1.031658
5060 1.592688
5065 2.252690
5070 3.159954
5075 3.672784
5080 4.044725
5085 4.111444
5090 2.492264
5095 1.923808
5100 1.788703
5105 1.799819
5110 2.264210
5115 2.038084
5120 1.966486
5125 2.025112
5130 2.072955
5135 2.542488
5140 2.553604
5145 2.536418
5150 2.535728
5155 2.546511
5160 2.412144
5165 2.428711
5170 2.444183
5175 2.475340
5180 2.503380
5185 2.104518
5190 2.153813
5195 1.972913
5200 2.003261
5205 2.068956
5210 2.085642
5215 2.109778
5220 0.176188
5225 0.629606
5230 0.950038
5235 1.275731
5240 1.451561
5245 2.067409
5250 2.130772
5255 2.204323
5260 2.502856
5265 2.800319
5270 1.335261
5275 1.411454
5280 1.431758
5285 1.392388
5290 1.698443
5295 2.403599
5300 3.262615
5305 4.276230
5310 4.740074
5315 5.012734
5320 5.493168
5325 5.525040
5330 5.568766
5335 5.609064
5340 5.626821
5345 5.314458
5350 5.416667
5355 5.487979
5360 5.546582
5365 5.157098
5370 3.824312
5375 3.748500
5380 3.514591
5385 3.268185
5390 3.316576
5395 3.477197
5400 3.563958
5405 3.502785
5410 3.423617
5415 3.378654
5420 3.501309
5425 3.721532
5430 3.797034
5435 3.949586
5440 4.104803
5445 4.237622
5450 4.302128
5455 4.350686
5460 4.356684
5465 4.545630
5470 4.963511
5475 4.950276
5480 4.960416
5485 5.004665
5490 5.031039
5495 5.407669
5500 5.813220
5505 5.869799
5510 5.882891
5515 5.889484
5520 5.895554
5525 5.890579
5530 5.889436
5535 5.885961
5540 5.878130
5545 5.880748
5550 5.876345
5555 5.867324
5560 5.863254
5565 5.857470
5570 5.845996
5575 5.845140
5580 5.837237
5585 5.834690
5590 5.833238
5595 5.842283
5600 5.840950
5605 5.837570
5610 5.835880
5615 5.824646
5620 5.812244
5625 5.813292
5630 5.813624
5635 5.827335
5640 5.828621
5645 5.829382
5650 5.829811
5655 5.830668
5660 5.836475
5665 5.836999
5670 5.843616
5675 5.845901
5680 5.847591
5685 5.846377
5690 5.846639
5695 5.843187
5700 5.846710
5705 5.843402
5710 5.847116
5715 5.846853
5720 5.847615
5725 5.846568
5730 5.846449
5735 5.847758
CPU clock time taken: 265.194415
Wall clock time taken: 221.038724
