5 2.041131
10 2.671273
15 2.794947
20 2.840296
25 2.824912
30 2.856483
35 2.938223
40 2.924807
45 2.850619
50 2.807078
55 2.689950
60 2.606242
65 2.580254
70 2.622389
75 2.617288
80 2.624960
85 3.016067
90 3.581298
95 4.035628
100 4.199470
105 4.248916
110 4.382913
115 4.549486
120 4.780045
125 4.830495
130 4.664163
135 4.634480
140 4.501366
145 4.299526
150 4.182680
155 4.078848
160 3.960234
165 3.893758
170 3.914163
175 3.818846
180 3.764580
185 3.700394
190 3.641147
195 3.615882
200 3.606844
205 3.600579
210 3.602145
215 3.608853
220 3.753334
225 3.725659
230 3.690231
235 3.667738
240 3.667015
245 3.606523
250 3.621666
255 3.594634
260 3.577442
265 3.584793
270 3.588247
275 3.554426
280 3.563022
285 3.583547
290 3.551534
295 3.541452
300 3.525948
305 3.527153
310 3.533258
315 3.530085
320 3.592826
325 3.570613
330 3.565552
335 3.563544
340 3.604434
345 3.890986
350 4.059407
355 4.068887
360 4.041653
365 3.985500
370 3.961359
375 3.926213
380 3.883837
385 3.888536
390 3.982849
395 4.083146
400 4.135403
405 4.199068
410 4.346040
415 4.684809
420 5.164243
425 5.479274
430 5.859616
435 6.193926
440 6.443043
445 6.715978
450 6.875562
455 6.983893
460 7.163922
465 7.249759
470 7.375964
475 7.398337
480 7.389259
485 7.370944
490 7.355238
495 7.285066
500 7.392432
505 7.553584
510 7.658258
515 7.774863
520 8.376205
525 8.857246
530 9.112468
535 9.224294
540 9.265625
545 9.542858
550 9.545831
555 9.545549
560 9.548683
565 9.546392
570 9.488391
575 9.488834
580 9.499719
585 9.508958
590 9.535989
595 9.669104
600 9.714773
605 9.741003
610 9.772775
615 9.771570
620 9.807519
625 9.803141
630 9.810492
635 9.818766
640 9.825555
645 9.820171
650 9.816678
655 9.807360
660 9.802258
665 9.810894
670 9.817160
675 9.816477
680 9.820092
685 9.817240
690 9.816798
695 9.815030
700 9.808202
705 9.806716
710 9.810814
715 9.810653
720 9.802819
725 9.803061
730 9.798643
735 9.797437
740 9.797277
745 9.796835
750 9.795670
755 9.796072
760 9.795469
765 9.799245
770 9.800932
775 9.801615
780 9.801896
785 9.798965
790 9.793742
795 9.788680
800 9.775145
805 9.773820
810 9.773136
815 9.771249
820 9.762895
825 9.756829
830 9.754739
835 9.766147
840 9.765905
845 9.765745
850 9.765504
855 9.764701
860 9.761327
865 9.764782
870 9.763657
875 9.765184
880 9.764982
885 9.764179
890 9.768999
895 9.768115
900 9.765945
905 9.758917
910 9.766068
915 9.766389
920 9.764460
925 9.765706
930 9.765022
935 9.766026
940 9.766951
945 9.765425
950 9.767955
955 9.765304
960 9.766026
965 9.766548
970 9.768678
975 9.765224
980 9.759921
985 9.764701
990 9.767071
995 9.767834
1000 9.769361
1005 9.768598
1010 9.757270
1015 9.755383
1020 9.760484
1025 9.759359
1030 9.760444
1035 9.767875
1040 9.766870
1045 9.766870
1050 9.767915
1055 9.765664
1060 9.764500
1065 9.761368
1070 9.763536
1075 9.763216
1080 9.765143
1085 9.767232
1090 9.768959
1095 9.770927
1100 9.767152
1105 9.767915
1110 9.762412
1115 9.765062
1120 9.767071
1125 9.769602
1130 9.767914
1135 9.770003
1140 9.775145
1145 9.772092
1150 9.772735
1155 9.771328
1160 9.772493
1165 9.770565
1170 9.772132
1175 9.777435
1180 9.774663
1185 9.762011
1190 9.764782
1195 9.766870
1200 9.770285
1205 9.769962
1210 9.765143
1215 9.762291
1220 9.762854
1225 9.766710
1230 9.767512
1235 9.764702
1240 9.767111
1245 9.767714
1250 9.766549
1255 9.765505
1260 9.760844
1265 9.765986
1270 9.767152
1275 9.769401
1280 9.767432
1285 9.764782
1290 9.766468
1295 9.765304
1300 9.769521
1305 9.767473
1310 9.767834
1315 9.769803
1320 9.771730
1325 9.772414
1330 9.772453
1335 9.772012
1340 9.778117
1345 9.773779
1350 9.776993
1355 9.778560
1360 9.773820
1365 9.777073
1370 9.778197
1375 9.778036
1380 9.776070
1385 9.770645
1390 9.772573
1395 9.775225
1400 9.778520
1405 9.779483
1410 9.772694
1415 9.780326
1420 9.781733
1425 9.787636
1430 9.786954
1435 9.775146
1440 9.770404
1445 9.767915
1450 9.771569
1455 9.775827
1460 9.769200
1465 9.784704
1470 9.803583
1475 9.804106
1480 9.799003
1485 9.792779
1490 9.808684
1495 9.805470
1500 9.830053
1505 9.847365
1510 9.862347
1515 9.865922
1520 9.878776
1525 9.879619
1530 9.878454
1535 9.887814
1540 9.877571
1545 9.866525
1550 9.864436
1555 9.869096
1560 9.881989
1565 9.865963
1570 9.852748
1575 9.843147
1580 9.852386
1585 9.830816
1590 9.824069
1595 9.840939
1600 9.841219
1605 9.848047
1610 9.873714
1615 9.882069
1620 9.884681
1625 9.888335
1630 9.887933
1635 9.891910
1640 9.903679
1645 9.900587
1650 9.909142
1655 9.891951
1660 9.882672
1665 9.867328
1670 9.867046
1675 9.865119
1680 9.817481
1685 9.768356
1690 9.728510
1695 9.737588
1700 9.760765
1705 9.771570
1710 9.719593
1715 9.705615
1720 9.636689
1725 9.713689
1730 9.703005
1735 9.290448
1740 9.285748
1745 8.842063
1750 7.624036
1755 7.084833
1760 7.095236
1765 6.919787
1770 7.384921
1775 8.128575
1780 8.534704
1785 8.150506
1790 7.960637
1795 7.496104
1800 7.498152
1805 7.695613
1810 7.337845
1815 7.380544
1820 7.300169
1825 7.194770
1830 7.103993
1835 6.495260
1840 6.212725
1845 5.775506
1850 5.428784
1855 5.514420
1860 5.898900
1865 6.183443
1870 6.681355
1875 7.249156
1880 7.510966
1885 6.529603
1890 6.513577
1895 6.826317
1900 6.675731
1905 7.556756
1910 8.240320
1915 8.546595
1920 8.705856
1925 7.537676
1930 6.251205
1935 4.347084
1940 3.728912
1945 3.438343
1950 2.935411
1955 2.276591
1960 1.417698
1965 1.168581
1970 1.006507
1975 0.946015
1980 0.903278
1985 0.748112
1990 0.713769
1995 0.713609
2000 1.013898
2005 2.023940
2010 4.124919
2015 5.310371
2020 7.368011
2025 8.517914
2030 9.001406
2035 9.506226
2040 8.994618
2045 5.535347
2050 4.464613
2055 3.366243
2060 2.397694
2065 1.799807
2070 1.188183
2075 0.897012
2080 0.817722
2085 0.750442
2090 0.731885
2095 0.733491
2100 0.787315
2105 1.109134
2110 1.815071
2115 3.675169
2120 8.789685
2125 9.573867
2130 9.868734
2135 9.916934
2140 9.932037
2145 9.937057
2150 9.939227
2155 9.929467
2160 9.464170
2165 9.393718
2170 9.401389
2175 8.754741
2180 3.837082
2185 1.382431
2190 1.053382
2195 0.900145
2200 0.807720
2205 0.818164
2210 1.017714
2215 0.983853
2220 0.981764
2225 1.002129
2230 1.027032
2235 0.959632
2240 0.951518
2245 0.968348
2250 1.010684
2255 1.036191
2260 0.987870
2265 1.025345
2270 1.457985
2275 2.110540
2280 2.622751
2285 3.308845
2290 3.381628
2295 3.173682
2300 3.042256
2305 2.757030
2310 2.500643
2315 2.456740
2320 2.132712
2325 1.784584
2330 1.592545
2335 1.740079
2340 1.482768
2345 1.406290
2350 1.526470
2355 1.730921
2360 1.564508
2365 1.465697
2370 1.407616
2375 1.256748
2380 1.134078
2385 2.308925
2390 3.016147
2395 4.206780
2400 6.113793
2405 6.917617
2410 4.755985
2415 1.675570
2420 0.755342
2425 0.778358
2430 0.846963
2435 2.238793
2440 2.557961
2445 2.512693
2450 2.373916
2455 2.049928
2460 1.521851
2465 1.336640
2470 1.190914
2475 1.335355
2480 1.697341
2485 1.725378
2490 1.566677
2495 1.469232
2500 1.454491
2505 1.345879
2510 1.942722
2515 2.627530
2520 2.937581
2525 3.164645
2530 3.246345
2535 3.067802
2540 2.354595
2545 1.609214
2550 1.298120
2555 1.204651
2560 1.695292
2565 1.726060
2570 1.740681
2575 1.785428
2580 1.836881
2585 1.841139
2590 1.850096
2595 1.888777
2600 1.940432
2605 2.011006
2610 2.222164
2615 2.240079
2620 2.288119
2625 2.573988
2630 3.197180
2635 3.142071
2640 3.645485
2645 4.652313
2650 5.528358
2655 7.263134
2660 7.717665
2665 7.596039
2670 7.137050
2675 6.606643
2680 5.020205
2685 2.543381
2690 2.508516
2695 2.459833
2700 2.347164
2705 2.246345
2710 2.189468
2715 2.153719
2720 1.837645
2725 1.755945
2730 2.125803
2735 2.612066
2740 2.844111
2745 2.909061
2750 3.103109
2755 3.230720
2760 3.651751
2765 3.679386
2770 3.678944
2775 3.662235
2780 3.769361
2785 4.225659
2790 4.229515
2795 4.263938
2800 4.299727
2805 4.380985
2810 4.591702
2815 4.607568
2820 4.639380
2825 4.701278
2830 4.758274
2835 4.562821
2840 4.567521
2845 4.600016
2850 4.639541
2855 4.766629
2860 4.915528
2865 4.946337
2870 4.988030
2875 4.966661
2880 5.031331
2885 5.039645
2890 4.939749
2895 4.869899
2900 4.822863
2905 4.806234
2910 4.873474
2915 4.856322
2920 4.906692
2925 5.009600
2930 5.117569
2935 5.370019
2940 5.344553
2945 5.333105
2950 5.426333
2955 5.393517
2960 4.581660
2965 6.157776
2970 8.823546
2975 9.568686
2980 9.670952
2985 9.881708
2990 9.883193
2995 9.887934
3000 9.903600
3005 9.899100
3010 9.910588
3015 9.897412
3020 9.880945
3025 9.863793
3030 9.866243
3035 9.850378
3040 9.856323
3045 9.848770
3050 9.849976
3055 9.842304
3060 9.818164
3065 9.799526
3070 9.801013
3075 9.799887
3080 9.793541
3085 9.772936
3090 9.764982
3095 9.759078
3100 9.754057
3105 9.770927
3110 9.769039
3115 9.763336
3120 9.756508
3125 9.737869
3130 9.723128
3135 9.718268
3140 9.684608
3145 9.636769
3150 9.614676
3155 9.611664
3160 9.615922
3165 9.601743
3170 9.595598
3175 9.591662
3180 9.585796
3185 9.594754
3190 9.584752
3195 9.585154
3200 9.584551
3205 9.573305
3210 9.575714
3215 9.581660
3220 9.589412
3225 9.590055
3230 9.590818
3235 9.574148
3240 9.581379
3245 9.583467
3250 9.579491
3255 9.581942
3260 9.582302
3265 9.587363
3270 9.590858
3275 9.585556
3280 9.579090
3285 9.566034
3290 9.564347
3295 9.565994
3300 9.564790
3305 9.563584
3310 9.577081
3315 9.578406
3320 9.574751
3325 9.567600
3330 9.567923
3335 9.571738
3340 9.570453
3345 9.570011
3350 9.561656
3355 9.560291
3360 9.567240
3365 9.569008
3370 9.569971
3375 9.571698
3380 9.571738
3385 9.572181
3390 9.569690
3395 9.565554
3400 9.563947
3405 9.564749
3410 9.567761
3415 9.568605
3420 9.566397
3425 9.565673
3430 9.565834
3435 9.583467
3440 9.583105
3445 9.577120
3450 9.574992
3455 9.573667
3460 9.578004
3465 9.575674
3470 9.577683
3475 9.574631
3480 9.577603
3485 9.580455
3490 9.582142
3495 9.579933
3500 9.579812
3505 9.581258
3510 9.589090
3515 9.590858
3520 9.584993
3525 9.585074
3530 9.584832
3535 9.586440
3540 9.583990
3545 9.582182
3550 9.577482
3555 9.576036
3560 9.569690
3565 9.568928
3570 9.575515
3575 9.574268
3580 9.574470
3585 9.575152
3590 9.575635
3595 9.568124
3600 9.563544
3605 9.567762
3610 9.566959
3615 9.569850
3620 9.571657
3625 9.572582
3630 9.570895
3635 9.570654
3640 9.571778
3645 9.599815
3650 9.599293
3655 9.598891
3660 9.590817
3665 9.589413
3670 9.588046
3675 9.586239
3680 9.583507
3685 9.579049
3690 9.571578
3695 9.571417
3700 9.568847
3705 9.575032
3710 9.577041
3715 9.586318
3720 9.584149
3725 9.581779
3730 9.574309
3735 9.574349
3740 9.567440
3745 9.565914
3750 9.566837
3755 9.567281
3760 9.568726
3765 9.568605
3770 9.582503
3775 9.580456
3780 9.582463
3785 9.581179
3790 9.584029
3795 9.574791
3800 9.564107
3805 9.561977
3810 9.562943
3815 9.559527
3820 9.598007
3825 9.595076
3830 9.595879
3835 9.599092
3840 9.599575
3845 9.597245
3850 9.601462
3855 9.603189
3860 9.603511
3865 9.604876
3870 9.609817
3875 9.611423
3880 9.609977
3885 9.613793
3890 9.611182
3895 9.600497
3900 9.608292
3905 9.609897
3910 9.608571
3915 9.603791
3920 9.631668
3925 9.630664
3930 9.631708
3935 9.629499
3940 9.628454
3945 9.616002
3950 9.612348
3955 9.614396
3960 9.615079
3965 9.614676
3970 9.611382
3975 9.609456
3980 9.611626
3985 9.610499
3990 9.607969
3995 9.618212
4000 9.614235
4005 9.616525
4010 9.618773
4015 9.619096
4020 9.618413
4025 9.619417
4030 9.620743
4035 9.616686
4040 9.616003
4045 9.607408
4050 9.607849
4055 9.607689
4060 9.608974
4065 9.608210
4070 9.600217
4075 9.601462
4080 9.601824
4085 9.603068
4090 9.604836
4095 9.634278
4100 9.633435
4105 9.630784
4110 9.628574
4115 9.627851
4120 9.642391
4125 9.642311
4130 9.639139
4135 9.637371
4140 9.640344
4145 9.657174
4150 9.664606
4155 9.664284
4160 9.660307
4165 9.653117
4170 9.643999
4175 9.639541
4180 9.636568
4185 9.631588
4190 9.646610
4195 9.698425
4200 9.707222
4205 9.704851
4210 9.723971
4215 9.738352
4220 9.736223
4225 9.748152
4230 9.746064
4235 9.765625
4240 9.781652
4245 9.734937
4250 9.749880
4255 9.756467
4260 9.781652
4265 9.800892
4270 9.833508
4275 9.844031
4280 9.851141
4285 9.853590
4290 9.851823
4295 9.872590
4300 9.878053
4305 9.896891
4310 9.891910
4315 9.884118
4320 9.884841
4325 9.894601
4330 9.877852
4335 9.879459
4340 9.877651
4345 9.872791
4350 9.856121
4355 9.856121
4360 9.873996
4365 9.861985
4370 9.854635
4375 9.856684
4380 9.825192
4385 9.734256
4390 9.653680
4395 9.379740
4400 9.102547
4405 8.797236
4410 8.278961
4415 8.567601
4420 9.819008
4425 9.846883
4430 9.834552
4435 9.815593
4440 9.801012
4445 9.780327
4450 9.721602
4455 9.662758
4460 9.614596
4465 9.549004
4470 9.545349
4475 9.647373
4480 9.709953
4485 9.574268
4490 9.239234
4495 9.288079
4500 9.456218
4505 9.739035
4510 9.805511
4515 9.832342
4520 9.813745
4525 9.836520
4530 9.844514
4535 9.832865
4540 9.825475
4545 9.847766
4550 9.821939
4555 9.799807
4560 9.812580
4565 9.809769
4570 9.825474
4575 9.834149
4580 9.846280
4585 9.829330
4590 9.798803
4595 9.807640
4600 9.782817
4605 9.743935
4610 9.766789
4615 9.786350
4620 9.792818
4625 9.792055
4630 9.815191
4635 9.824269
4640 9.831941
4645 9.798161
4650 9.820454
4655 9.823827
4660 9.848370
4665 9.868855
4670 9.875000
4675 9.841501
4680 9.790649
4685 9.754619
4690 9.585436
4695 9.485500
4700 9.563664
4705 9.620823
4710 9.693084
4715 9.840939
4720 9.892795
4725 9.879539
4730 9.835917
4735 9.818685
4740 9.864315
4745 9.852386
4750 9.408901
4755 7.220758
4760 3.644079
4765 2.513296
4770 1.647453
4775 1.235460
4780 0.831539
4785 0.635042
4790 0.617609
4795 0.563343
4800 0.557841
4805 0.536191
4810 0.540127
4815 0.604836
4820 0.856603
4825 0.850056
4830 0.875843
4835 0.911351
4840 0.946056
4845 0.992449
4850 1.060010
4855 1.119336
4860 0.997148
4865 1.032214
4870 1.088649
4875 1.143678
4880 1.188585
4885 1.036351
4890 1.059970
4895 1.102747
4900 1.165729
4905 1.179708
4910 0.980037
4915 1.024944
4920 1.938183
4925 2.216822
4930 2.844714
4935 3.944288
4940 5.750803
4945 6.944770
4950 7.278559
4955 6.550128
4960 2.178342
4965 0.943887
4970 1.801976
4975 2.932760
4980 3.377972
4985 3.336921
4990 3.123313
4995 2.586882
5000 2.156571
5005 1.511086
5010 1.245180
5015 1.042818
5020 1.111303
5025 1.381065
5030 1.340376
5035 1.167095
5040 1.138817
5045 1.025426
5050 1.171955
5055 1.731001
5060 2.680069
5065 3.795590
5070 5.318003
5075 6.178101
5080 6.799847
5085 6.886167
5090 4.188987
5095 3.240802
5100 3.009881
5105 3.024462
5110 3.792979
5115 3.413480
5120 3.288801
5125 3.385524
5130 3.464613
5135 4.257511
5140 4.274703
5145 4.245742
5150 4.244216
5155 4.261487
5160 4.038640
5165 4.065191
5170 4.091300
5175 4.143677
5180 4.190553
5185 3.521088
5190 3.600418
5195 3.295188
5200 3.344754
5205 3.455013
5210 3.484576
5215 3.526711
5220 0.295951
5225 1.055350
5230 1.584431
5235 2.130744
5240 2.427619
5245 3.454732
5250 3.561094
5255 3.682158
5260 4.185371
5265 4.685452
5270 2.248072
5275 2.378294
5280 2.413038
5285 2.346602
5290 2.859295
5295 4.025024
5300 5.456861
5305 7.144320
5310 7.908459
5315 8.359495
5320 9.155447
5325 9.206138
5330 9.281371
5335 9.349012
5340 9.377450
5345 8.859335
5350 9.031973
5355 9.153037
5360 9.251165
5365 8.599976
5370 6.380864
5375 6.248152
5380 5.850698
5385 5.440392
5390 5.529362
5395 5.807680
5400 5.956901
5405 5.855559
5410 5.722526
5415 5.647052
5420 5.855157
5425 6.227105
5430 6.354675
5435 6.611825
5440 6.873714
5445 7.098169
5450 7.205816
5455 7.286310
5460 7.296794
5465 7.610178
5470 8.293502
5475 8.270686
5480 8.286592
5485 8.361343
5490 8.405406
5495 9.023819
5500 9.694449
5505 9.783420
5510 9.804749
5515 9.815030
5520 9.826036
5525 9.817039
5530 9.814950
5535 9.809246
5540 9.796071
5545 9.800248
5550 9.792898
5555 9.777796
5560 9.770686
5565 9.761046
5570 9.741162
5575 9.739878
5580 9.726583
5585 9.722243
5590 9.719674
5595 9.737226
5600 9.735298
5605 9.729515
5610 9.728069
5615 9.706861
5620 9.685612
5625 9.687862
5630 9.688503
5635 9.711761
5640 9.713969
5645 9.714573
5650 9.715456
5655 9.716982
5660 9.726864
5665 9.727746
5670 9.738030
5675 9.741966
5680 9.744739
5685 9.742849
5690 9.743733
5695 9.737830
5700 9.743613
5705 9.738110
5710 9.744416
5715 9.743976
5720 9.744617
5725 9.743132
5730 9.742689
5735 9.744739
CPU clock time taken: 266.254832
Wall clock time taken: 221.638654
