5 1.010243
10 1.320368
15 1.380463
20 1.403876
25 1.400989
30 1.424896
35 1.470397
40 1.467471
45 1.430473
50 1.410164
55 1.351948
60 1.311766
65 1.301088
70 1.321831
75 1.319300
80 1.321416
85 1.519577
90 1.807574
95 2.034843
100 2.120822
105 2.149259
110 2.218034
115 2.300573
120 2.403540
125 2.428199
130 2.342476
135 2.325845
140 2.259561
145 2.156812
150 2.098873
155 2.047182
160 1.988966
165 1.956219
170 1.965869
175 1.918726
180 1.892031
185 1.860194
190 1.830670
195 1.819122
200 1.814574
205 1.811489
210 1.811964
215 1.815128
220 1.887107
225 1.873047
230 1.855586
235 1.844433
240 1.844117
245 1.814969
250 1.822167
255 1.808918
260 1.800237
265 1.803955
270 1.805715
275 1.788511
280 1.792940
285 1.803184
290 1.787443
295 1.782064
300 1.774728
305 1.775420
310 1.778643
315 1.777081
320 1.808068
325 1.796836
330 1.794483
335 1.793257
340 1.813348
345 1.958236
350 2.043425
355 2.052126
360 2.044611
365 2.021495
370 2.007356
375 1.988116
380 1.964188
385 1.964070
390 2.007514
395 2.055606
400 2.080384
405 2.111588
410 2.183370
415 2.350148
420 2.585644
425 2.740696
430 2.927882
435 3.092347
440 3.214930
445 3.349990
450 3.428476
455 3.482005
460 3.570417
465 3.612577
470 3.674273
475 3.685287
480 3.680502
485 3.671683
490 3.663990
495 3.630690
500 3.683508
505 3.762903
510 3.814514
515 3.871999
520 4.175143
525 4.416729
530 4.546549
535 4.603698
540 4.625588
545 4.768974
550 4.770279
555 4.770101
560 4.771980
565 4.770832
570 4.741665
575 4.742061
580 4.747598
585 4.752304
590 4.766027
595 4.836267
600 4.859107
605 4.872078
610 4.887819
615 4.887186
620 4.904904
625 4.902788
630 4.906348
635 4.910500
640 4.913743
645 4.911291
650 4.909413
655 4.904805
660 4.902116
665 4.905398
670 4.906822
675 4.905517
680 4.907099
685 4.907099
690 4.907119
695 4.906842
700 4.903085
705 4.902689
710 4.905418
715 4.905221
720 4.900850
725 4.901186
730 4.898813
735 4.898161
740 4.897904
745 4.897251
750 4.896421
755 4.896718
760 4.896520
765 4.898141
770 4.898398
775 4.898596
780 4.898695
785 4.897805
790 4.895175
795 4.893217
800 4.886514
805 4.885782
810 4.885149
815 4.884398
820 4.879889
825 4.877042
830 4.876132
835 4.881768
840 4.881511
845 4.881491
850 4.881491
855 4.881234
860 4.879592
865 4.881333
870 4.880641
875 4.881352
880 4.881273
885 4.880838
890 4.883567
895 4.883014
900 4.882124
905 4.878228
910 4.881669
915 4.881531
920 4.880779
925 4.881530
930 4.881155
935 4.881788
940 4.882203
945 4.881452
950 4.882776
955 4.881689
960 4.882143
965 4.882243
970 4.883310
975 4.881649
980 4.878802
985 4.881115
990 4.882381
995 4.882578
1000 4.883350
1005 4.883093
1010 4.877556
1015 4.876528
1020 4.879138
1025 4.878366
1030 4.878921
1035 4.883093
1040 4.882341
1045 4.882262
1050 4.882796
1055 4.881728
1060 4.880997
1065 4.879494
1070 4.880621
1075 4.880364
1080 4.881372
1085 4.882855
1090 4.883627
1095 4.884438
1100 4.882480
1105 4.882816
1110 4.880305
1115 4.881550
1120 4.882401
1125 4.883824
1130 4.883132
1135 4.883864
1140 4.886118
1145 4.884892
1150 4.885011
1155 4.884161
1160 4.885248
1165 4.884239
1170 4.884833
1175 4.887641
1180 4.886118
1185 4.880226
1190 4.881036
1195 4.882519
1200 4.883765
1205 4.883765
1210 4.880838
1215 4.879434
1220 4.879593
1225 4.881511
1230 4.881946
1235 4.880838
1240 4.882203
1245 4.882519
1250 4.881827
1255 4.881155
1260 4.879217
1265 4.881748
1270 4.882164
1275 4.883488
1280 4.882262
1285 4.881175
1290 4.881847
1295 4.881135
1300 4.883350
1305 4.882302
1310 4.882915
1315 4.884002
1320 4.884932
1325 4.885130
1330 4.885070
1335 4.884556
1340 4.887641
1345 4.885466
1350 4.887186
1355 4.887819
1360 4.885545
1365 4.887048
1370 4.887601
1375 4.887206
1380 4.886612
1385 4.884279
1390 4.885327
1395 4.886494
1400 4.888353
1405 4.888709
1410 4.885110
1415 4.888828
1420 4.889618
1425 4.892525
1430 4.892209
1435 4.886059
1440 4.883804
1445 4.882341
1450 4.884358
1455 4.886395
1460 4.882955
1465 4.890924
1470 4.899704
1475 4.899604
1480 4.897489
1485 4.895432
1490 4.902887
1495 4.901206
1500 4.913111
1505 4.921594
1510 4.928713
1515 4.931046
1520 4.937789
1525 4.939173
1530 4.938857
1535 4.943148
1540 4.938106
1545 4.932470
1550 4.931995
1555 4.934151
1560 4.939609
1565 4.931639
1570 4.925667
1575 4.921653
1580 4.926320
1585 4.916057
1590 4.912438
1595 4.920645
1600 4.920506
1605 4.924540
1610 4.937196
1615 4.941487
1620 4.943029
1625 4.944888
1630 4.944809
1635 4.946767
1640 4.952580
1645 4.951038
1650 4.955270
1655 4.946806
1660 4.942199
1665 4.934645
1670 4.934506
1675 4.933558
1680 4.910144
1685 4.885900
1690 4.866324
1695 4.870773
1700 4.882183
1705 4.887503
1710 4.861756
1715 4.854934
1720 4.820862
1725 4.859047
1730 4.853767
1735 4.650524
1740 4.647044
1745 4.425885
1750 3.806961
1755 3.525984
1760 3.527071
1765 3.439015
1770 3.671287
1775 4.051414
1780 4.263516
1785 4.078861
1790 3.986712
1795 3.758711
1800 3.759838
1805 3.856318
1810 3.672513
1815 3.692308
1820 3.655369
1825 3.603994
1830 3.560253
1835 3.256891
1840 3.121930
1845 2.906288
1850 2.735060
1855 2.778624
1860 2.961973
1865 3.102353
1870 3.350307
1875 3.631797
1880 3.758691
1885 3.242061
1890 3.232292
1895 3.385406
1900 3.307198
1905 3.746925
1910 4.094245
1915 4.251631
1920 4.340122
1925 3.759680
1930 3.120091
1935 2.165197
1940 1.860451
1945 1.719023
1950 1.472078
1955 1.142891
1960 0.714653
1965 0.591260
1970 0.510836
1975 0.481194
1980 0.460036
1985 0.381570
1990 0.364604
1995 0.364168
2000 0.512240
2005 1.011331
2010 2.046866
2015 2.632153
2020 3.666067
2025 4.245837
2030 4.493059
2035 4.751631
2040 4.498834
2045 2.763536
2050 2.226557
2055 1.684991
2060 1.196440
2065 0.903362
2070 0.602571
2075 0.459126
2080 0.420091
2085 0.385881
2090 0.377259
2095 0.378703
2100 0.405260
2105 0.564623
2110 0.913486
2115 1.836741
2120 4.395056
2125 4.787918
2130 4.934922
2135 4.958829
2140 4.966383
2145 4.968855
2150 4.969982
2155 4.964683
2160 4.731936
2165 4.698181
2170 4.700771
2175 4.382559
2180 1.948586
2185 0.705023
2190 0.539648
2195 0.460095
2200 0.416097
2205 0.422859
2210 0.518212
2215 0.503223
2220 0.500494
2225 0.510204
2230 0.524342
2235 0.489777
2240 0.485861
2245 0.494582
2250 0.517777
2255 0.531798
2260 0.506822
2265 0.525845
2270 0.739055
2275 1.061044
2280 1.312122
2285 1.649219
2290 1.684556
2295 1.581550
2300 1.516275
2305 1.375381
2310 1.245482
2315 1.223611
2320 1.063635
2325 0.891260
2330 0.795946
2335 0.868005
2340 0.741408
2345 0.703975
2350 0.761776
2355 0.861697
2360 0.780522
2365 0.730453
2370 0.699308
2375 0.624204
2380 0.563219
2385 1.142772
2390 1.490093
2395 2.086692
2400 3.037137
2405 3.441289
2410 2.391378
2415 0.857524
2420 0.383607
2425 0.387364
2430 0.420902
2435 1.110678
2440 1.267827
2445 1.245264
2450 1.175796
2455 1.016472
2460 0.755903
2465 0.664426
2470 0.593356
2475 0.664366
2480 0.843049
2485 0.856239
2490 0.778307
2495 0.731007
2500 0.723650
2505 0.670022
2510 0.964386
2515 1.301424
2520 1.453747
2525 1.567491
2530 1.608503
2535 1.527190
2540 1.175025
2545 0.804785
2550 0.647063
2555 0.600633
2560 0.841566
2565 0.856536
2570 0.864841
2575 0.887404
2580 0.913387
2585 0.921495
2590 0.925450
2595 0.944987
2600 0.969666
2605 1.005220
2610 1.105102
2615 1.114079
2620 1.138481
2625 1.279573
2630 1.586632
2635 1.558058
2640 1.806605
2645 2.301503
2650 2.732569
2655 3.597331
2660 3.843623
2665 3.785110
2670 3.560688
2675 3.305161
2680 2.522761
2685 1.279118
2690 1.267866
2695 1.246549
2700 1.193573
2705 1.142634
2710 1.107376
2715 1.091734
2720 0.934408
2725 0.889500
2730 1.071920
2735 1.305300
2740 1.418430
2745 1.450722
2750 1.546787
2755 1.608899
2760 1.818984
2765 1.832074
2770 1.832589
2775 1.824046
2780 1.876587
2785 2.102946
2790 2.105102
2795 2.122167
2800 2.139332
2805 2.180423
2810 2.282341
2815 2.290409
2820 2.306328
2825 2.337591
2830 2.365790
2835 2.272217
2840 2.272138
2845 2.288471
2850 2.308068
2855 2.370655
2860 2.449515
2865 2.464129
2870 2.484556
2875 2.473502
2880 2.506031
2885 2.508918
2890 2.459798
2895 2.425984
2900 2.402848
2905 2.394958
2910 2.425905
2915 2.416433
2920 2.441388
2925 2.491952
2930 2.546134
2935 2.672750
2940 2.660213
2945 2.654974
2950 2.701483
2955 2.685426
2960 2.279711
2965 3.063852
2970 4.404034
2975 4.782045
2980 4.833992
2985 4.941626
2990 4.942416
2995 4.944651
3000 4.952422
3005 4.950188
3010 4.955942
3015 4.949377
3020 4.941309
3025 4.932806
3030 4.933953
3035 4.926241
3040 4.929128
3045 4.925529
3050 4.926043
3055 4.922246
3060 4.910263
3065 4.901167
3070 4.901760
3075 4.901285
3080 4.898280
3085 4.888036
3090 4.884003
3095 4.881036
3100 4.878584
3105 4.886830
3110 4.886138
3115 4.883251
3120 4.879849
3125 4.870655
3130 4.863476
3135 4.861044
3140 4.844552
3145 4.821020
3150 4.810144
3155 4.808701
3160 4.810619
3165 4.803559
3170 4.800653
3175 4.798774
3180 4.795847
3185 4.800277
3190 4.795294
3195 4.795472
3200 4.795135
3205 4.789737
3210 4.790944
3215 4.793791
3220 4.797667
3225 4.797963
3230 4.798339
3235 4.790113
3240 4.793612
3245 4.794641
3250 4.792664
3255 4.793890
3260 4.794028
3265 4.796658
3270 4.798339
3275 4.795610
3280 4.792486
3285 4.786000
3290 4.785268
3295 4.786079
3300 4.785406
3305 4.784754
3310 4.791438
3315 4.792189
3320 4.790390
3325 4.786949
3330 4.787107
3335 4.788966
3340 4.788333
3345 4.788116
3350 4.783982
3355 4.783290
3360 4.786653
3365 4.787542
3370 4.787957
3375 4.788807
3380 4.788827
3385 4.789203
3390 4.787918
3395 4.785861
3400 4.785050
3405 4.785466
3410 4.786810
3415 4.787226
3420 4.786138
3425 4.785802
3430 4.785980
3435 4.794601
3440 4.794444
3445 4.791556
3450 4.790627
3455 4.789974
3460 4.791853
3465 4.790666
3470 4.791695
3475 4.790271
3480 4.791774
3485 4.793296
3490 4.794087
3495 4.792940
3500 4.792901
3505 4.793553
3510 4.797311
3515 4.798280
3520 4.795372
3525 4.795491
3530 4.795353
3535 4.796045
3540 4.794899
3545 4.793988
3550 4.791774
3555 4.791081
3560 4.787661
3565 4.787305
3570 4.790607
3575 4.790153
3580 4.790251
3585 4.790627
3590 4.790824
3595 4.786969
3600 4.784714
3605 4.786810
3610 4.786573
3615 4.787937
3620 4.788768
3625 4.789381
3630 4.788550
3635 4.788471
3640 4.788985
3645 4.802788
3650 4.802511
3655 4.802353
3660 4.798359
3665 4.797667
3670 4.797014
3675 4.796065
3680 4.794740
3685 4.792505
3690 4.788827
3695 4.788748
3700 4.787463
3705 4.790469
3710 4.791457
3715 4.796025
3720 4.795096
3725 4.793890
3730 4.790271
3735 4.790212
3740 4.786810
3745 4.786019
3750 4.786494
3755 4.786692
3760 4.787502
3765 4.787384
3770 4.794107
3775 4.793178
3780 4.794186
3785 4.793553
3790 4.794957
3795 4.790449
3800 4.785150
3805 4.784101
3810 4.784616
3815 4.782737
3820 4.801760
3825 4.800336
3830 4.800653
3835 4.802274
3840 4.802630
3845 4.801444
3850 4.803401
3855 4.804212
3860 4.804509
3865 4.805141
3870 4.807673
3875 4.808384
3880 4.807673
3885 4.809531
3890 4.808167
3895 4.803124
3900 4.806921
3905 4.807712
3910 4.806980
3915 4.804529
3920 4.818351
3925 4.817777
3930 4.818351
3935 4.817244
3940 4.816670
3945 4.810658
3950 4.808879
3955 4.809966
3960 4.810263
3965 4.810026
3970 4.808285
3975 4.807376
3980 4.808503
3985 4.807989
3990 4.806724
3995 4.811746
4000 4.809788
4005 4.810758
4010 4.811746
4015 4.812023
4020 4.811667
4025 4.812201
4030 4.812913
4035 4.810876
4040 4.810520
4045 4.806526
4050 4.806664
4055 4.806545
4060 4.807356
4065 4.806921
4070 4.802828
4075 4.803441
4080 4.803559
4085 4.804152
4090 4.805023
4095 4.819577
4100 4.819122
4105 4.817797
4110 4.816710
4115 4.816354
4120 4.823611
4125 4.823472
4130 4.821812
4135 4.820981
4140 4.822424
4145 4.830789
4150 4.834408
4155 4.834289
4160 4.832292
4165 4.828753
4170 4.824362
4175 4.822128
4180 4.820605
4185 4.818192
4190 4.825667
4195 4.851177
4200 4.855211
4205 4.854064
4210 4.863121
4215 4.870140
4220 4.869072
4225 4.875144
4230 4.874432
4235 4.883963
4240 4.892209
4245 4.869132
4250 4.876567
4255 4.879731
4260 4.892327
4265 4.901226
4270 4.917164
4275 4.922167
4280 4.926320
4285 4.927744
4290 4.926795
4295 4.936662
4300 4.939470
4305 4.948962
4310 4.946451
4315 4.942555
4320 4.942950
4325 4.947756
4330 4.939411
4335 4.940103
4340 4.939430
4345 4.937334
4350 4.929069
4355 4.928989
4360 4.937730
4365 4.931758
4370 4.927783
4375 4.928792
4380 4.913486
4385 4.868638
4390 4.828495
4395 4.691220
4400 4.554005
4405 4.402986
4410 4.144018
4415 4.287048
4420 4.910204
4425 4.924422
4430 4.918370
4435 4.909037
4440 4.901523
4445 4.891378
4450 4.862527
4455 4.833577
4460 4.809630
4465 4.777477
4470 4.775638
4475 4.825747
4480 4.856041
4485 4.788155
4490 4.614871
4495 4.633202
4500 4.715048
4505 4.854281
4510 4.901186
4515 4.916314
4520 4.907969
4525 4.919379
4530 4.923334
4535 4.917560
4540 4.913901
4545 4.924956
4550 4.912181
4555 4.901127
4560 4.907515
4565 4.906071
4570 4.913625
4575 4.917263
4580 4.922820
4585 4.914732
4590 4.899841
4595 4.904647
4600 4.892565
4605 4.873403
4610 4.884477
4615 4.894364
4620 4.897429
4625 4.896994
4630 4.908602
4635 4.913170
4640 4.916946
4645 4.900554
4650 4.911430
4655 4.913091
4660 4.925153
4665 4.935337
4670 4.938461
4675 4.921851
4680 4.896856
4685 4.879058
4690 4.795531
4695 4.743761
4700 4.782519
4705 4.810718
4710 4.846312
4715 4.920526
4720 4.947083
4725 4.940558
4730 4.919043
4735 4.910560
4740 4.933023
4745 4.927170
4750 4.706981
4755 3.621851
4760 1.838244
4765 1.266482
4770 0.825865
4775 0.622998
4780 0.423018
4785 0.326241
4790 0.317382
4795 0.290943
4800 0.287839
4805 0.276745
4810 0.278624
4815 0.311647
4820 0.434526
4825 0.433281
4830 0.446648
4835 0.466759
4840 0.483627
4845 0.506684
4850 0.538224
4855 0.567194
4860 0.502749
4865 0.519755
4870 0.547578
4875 0.574590
4880 0.595551
4885 0.520210
4890 0.530888
4895 0.551631
4900 0.582598
4905 0.588511
4910 0.488313
4915 0.510065
4920 0.958513
4925 1.095709
4930 1.404766
4935 1.945660
4940 2.858474
4945 3.462784
4950 3.636286
4955 3.279751
4960 1.096223
4965 0.472849
4970 0.890053
4975 1.448804
4980 1.667115
4985 1.646253
4990 1.541111
4995 1.277398
5000 1.064979
5005 0.746707
5010 0.618509
5015 0.519300
5020 0.552976
5025 0.686000
5030 0.665572
5035 0.581392
5040 0.566937
5045 0.510639
5050 0.582855
5055 0.858137
5060 1.324520
5065 1.873008
5070 2.627526
5075 3.054775
5080 3.364702
5085 3.423393
5090 2.073957
5095 1.599169
5100 1.486988
5105 1.496915
5110 1.884773
5115 1.697291
5120 1.637750
5125 1.686474
5130 1.726577
5135 2.115978
5140 2.125371
5145 2.111450
5150 2.111113
5155 2.119972
5160 2.007910
5165 2.021811
5170 2.035041
5175 2.061103
5180 2.084457
5185 1.752502
5190 1.793810
5195 1.643148
5200 1.668697
5205 1.723037
5210 1.736840
5215 1.756654
5220 0.146984
5225 0.524560
5230 0.792031
5235 1.062943
5240 1.209136
5245 1.721693
5250 1.774036
5255 1.835515
5260 2.083706
5265 2.331283
5270 1.109808
5275 1.173126
5280 1.190073
5285 1.157425
5290 1.412102
5295 2.000534
5300 2.716413
5305 3.561519
5310 3.948705
5315 4.176132
5320 4.577833
5325 4.604390
5330 4.640637
5335 4.674333
5340 4.689223
5345 4.428614
5350 4.513763
5355 4.572928
5360 4.621594
5365 4.297172
5370 3.186336
5375 3.124145
5380 2.929879
5385 2.724778
5390 2.764327
5395 2.896322
5400 2.967767
5405 2.916907
5410 2.851078
5415 2.813763
5420 2.915325
5425 3.098299
5430 3.161005
5435 3.287740
5440 3.416650
5445 3.527091
5450 3.580957
5455 3.621258
5460 3.626122
5465 3.784141
5470 4.135298
5475 4.124264
5480 4.132766
5485 4.169389
5490 4.191339
5495 4.506011
5500 4.843801
5505 4.891438
5510 4.902392
5515 4.907890
5520 4.913130
5525 4.908938
5530 4.907989
5535 4.905121
5540 4.898616
5545 4.900831
5550 4.897133
5555 4.889500
5560 4.886296
5565 4.881550
5570 4.871821
5575 4.871307
5580 4.864683
5585 4.862607
5590 4.861381
5595 4.868776
5600 4.867669
5605 4.864900
5610 4.863397
5615 4.854123
5620 4.843741
5625 4.844512
5630 4.844829
5635 4.856219
5640 4.857267
5645 4.857682
5650 4.858058
5655 4.858750
5660 4.863556
5665 4.863991
5670 4.869686
5675 4.871446
5680 4.872849
5685 4.871821
5690 4.872019
5695 4.869329
5700 4.872236
5705 4.869527
5710 4.872632
5715 4.872375
5720 4.873245
5725 4.872335
5730 4.872276
5735 4.873363
CPU clock time taken: 268.197407
Wall clock time taken: 221.979283
