5 2.250864
10 2.945883
15 3.082572
20 3.132568
25 3.112313
30 3.143604
35 3.232072
40 3.216426
45 3.134829
50 3.085808
55 2.956475
60 2.864108
65 2.833481
70 2.879754
75 2.874745
80 2.883743
85 3.312073
90 3.931478
95 4.430635
100 4.609565
105 4.662619
110 4.809769
115 4.993441
120 5.251352
125 5.307863
130 5.126186
135 5.093786
140 4.947523
145 4.726354
150 4.597686
155 4.483689
160 4.352629
165 4.279452
170 4.302101
175 4.197057
180 4.137266
185 4.066350
190 4.001108
195 3.972830
200 3.962725
205 3.955944
210 3.957672
215 3.965074
220 4.124546
225 4.094141
230 4.055048
235 4.030095
240 4.029208
245 3.961794
250 3.978770
255 3.949162
260 3.930369
265 3.938437
270 3.941805
275 3.904796
280 3.914281
285 3.936929
290 3.901605
295 3.890834
300 3.873105
305 3.874568
310 3.881216
315 3.877715
320 3.946902
325 3.922480
330 3.916541
335 3.914458
340 3.959711
345 4.274178
350 4.457850
355 4.466714
360 4.433428
365 4.370401
370 4.345625
375 4.307952
380 4.262476
385 4.268904
390 4.374346
395 4.485507
400 4.543613
405 4.613731
410 4.776128
415 5.149942
420 5.678796
425 6.026726
430 6.446547
435 6.815619
440 7.090683
445 7.391410
450 7.567546
455 7.686774
460 7.885560
465 7.980321
470 8.119360
475 8.144269
480 8.134163
485 8.114129
490 8.096932
495 8.018926
500 8.137532
505 8.315531
510 8.431124
515 8.559658
520 9.221346
525 9.748782
530 10.028055
535 10.150252
540 10.195150
545 10.499423
550 10.502526
555 10.502128
560 10.505319
565 10.502659
570 10.438968
575 10.439545
580 10.450758
585 10.460554
590 10.490560
595 10.635449
600 10.685444
605 10.714432
610 10.749357
615 10.748072
620 10.787741
625 10.782908
630 10.791019
635 10.800105
640 10.807685
645 10.801614
650 10.797713
655 10.787562
660 10.782245
665 10.792084
670 10.799841
675 10.798244
680 10.802101
685 10.798909
690 10.798423
695 10.796294
700 10.788582
705 10.787165
710 10.791374
715 10.791464
720 10.783043
725 10.783307
730 10.778255
735 10.777103
740 10.776793
745 10.776349
750 10.775242
755 10.775596
760 10.774975
765 10.779408
770 10.781359
775 10.782111
780 10.782465
785 10.779364
790 10.773558
795 10.767707
800 10.752726
805 10.751219
810 10.750509
815 10.748604
820 10.739783
825 10.732914
830 10.730609
835 10.743284
840 10.743108
845 10.743330
850 10.742843
855 10.742044
860 10.738188
865 10.742088
870 10.741202
875 10.742576
880 10.742620
885 10.741512
890 10.746787
895 10.745811
900 10.743330
905 10.735441
910 10.743330
915 10.743773
920 10.741556
925 10.742887
930 10.741956
935 10.743419
940 10.744481
945 10.742931
950 10.745635
955 10.742488
960 10.743109
965 10.743506
970 10.745856
975 10.742132
980 10.736326
985 10.741690
990 10.744083
995 10.744925
1000 10.746566
1005 10.746121
1010 10.733801
1015 10.731584
1020 10.737347
1025 10.735929
1030 10.737123
1035 10.745192
1040 10.744083
1045 10.744305
1050 10.745412
1055 10.743108
1060 10.742088
1065 10.738498
1070 10.740581
1075 10.740493
1080 10.742576
1085 10.744614
1090 10.746388
1095 10.748737
1100 10.744748
1105 10.745590
1110 10.739473
1115 10.742133
1120 10.744438
1125 10.747407
1130 10.745368
1135 10.747540
1140 10.753390
1145 10.750023
1150 10.750998
1155 10.749490
1160 10.750644
1165 10.748205
1170 10.749977
1175 10.755873
1180 10.752858
1185 10.739030
1190 10.741823
1195 10.744216
1200 10.747806
1205 10.747673
1210 10.742620
1215 10.739340
1220 10.739872
1225 10.744127
1230 10.745102
1235 10.742177
1240 10.744615
1245 10.745058
1250 10.743773
1255 10.742798
1260 10.737612
1265 10.743240
1270 10.744571
1275 10.747007
1280 10.745103
1285 10.742043
1290 10.743816
1295 10.742532
1300 10.746964
1305 10.744748
1310 10.745279
1315 10.747453
1320 10.749490
1325 10.750333
1330 10.750377
1335 10.749712
1340 10.756405
1345 10.751574
1350 10.755430
1355 10.757203
1360 10.751928
1365 10.755384
1370 10.756670
1375 10.756494
1380 10.754322
1385 10.748383
1390 10.750554
1395 10.753435
1400 10.757025
1405 10.758088
1410 10.750688
1415 10.758930
1420 10.760571
1425 10.766954
1430 10.766334
1435 10.753303
1440 10.748293
1445 10.745722
1450 10.749313
1455 10.754099
1460 10.747230
1465 10.763540
1470 10.784195
1475 10.785436
1480 10.779276
1485 10.772937
1490 10.790090
1495 10.786589
1500 10.813935
1505 10.832417
1510 10.849259
1515 10.853382
1520 10.867875
1525 10.868052
1530 10.866679
1535 10.876740
1540 10.865704
1545 10.853691
1550 10.851431
1555 10.856307
1560 10.870092
1565 10.852540
1570 10.838179
1575 10.827364
1580 10.837426
1585 10.814245
1590 10.806223
1595 10.824794
1600 10.824971
1605 10.832683
1610 10.861006
1615 10.870091
1620 10.872751
1625 10.876829
1630 10.876341
1635 10.880729
1640 10.893714
1645 10.890303
1650 10.899744
1655 10.880774
1660 10.870534
1665 10.853604
1670 10.853293
1675 10.851165
1680 10.798599
1685 10.744526
1690 10.700559
1695 10.710442
1700 10.736061
1705 10.747982
1710 10.690808
1715 10.675205
1720 10.599105
1725 10.684159
1730 10.672325
1735 10.217090
1740 10.212748
1745 9.724271
1750 8.389151
1755 7.802056
1760 7.814157
1765 7.621398
1770 8.132701
1775 8.946548
1780 9.390834
1785 8.964941
1790 8.754366
1795 8.242310
1800 8.244881
1805 8.462236
1810 8.070429
1815 8.118784
1820 8.028987
1825 7.912065
1830 7.810035
1835 7.140723
1840 6.826788
1845 6.343542
1850 5.961351
1855 6.056511
1860 6.483512
1865 6.796117
1870 7.345138
1875 7.972653
1880 8.262654
1885 7.192935
1890 7.175826
1895 7.520611
1900 7.358877
1905 8.327320
1910 9.075304
1915 9.410690
1920 9.581775
1925 8.294078
1930 6.876829
1935 4.784992
1940 4.102739
1945 3.782554
1950 3.228215
1955 2.504344
1960 1.557397
1965 1.283308
1970 1.104335
1975 1.037674
1980 0.990692
1985 0.819874
1990 0.782245
1995 0.781979
2000 1.112490
2005 2.226532
2010 4.545165
2015 5.851166
2020 8.113243
2025 9.372928
2030 9.903510
2035 10.457185
2040 9.893804
2045 6.093875
2050 4.916320
2055 3.705345
2060 2.638950
2065 1.978725
2070 1.303431
2075 0.982448
2080 0.894867
2085 0.821647
2090 0.800727
2095 0.802500
2100 0.861537
2105 1.216027
2110 1.994017
2115 4.042505
2120 9.668380
2125 10.530139
2130 10.855289
2135 10.908430
2140 10.925097
2145 10.930681
2150 10.933029
2155 10.922347
2160 10.410513
2165 10.332950
2170 10.341326
2175 9.628225
2180 4.208226
2185 1.516089
2190 1.154153
2195 0.986748
2200 0.884319
2205 0.895133
2210 1.116656
2215 1.079248
2220 1.077564
2225 1.099814
2230 1.125920
2235 1.052034
2240 1.042993
2245 1.061475
2250 1.108368
2255 1.135272
2260 1.083326
2265 1.123127
2270 1.599681
2275 2.319608
2280 2.885117
2285 3.642762
2290 3.723429
2295 3.493618
2300 3.348994
2305 3.034926
2310 2.752770
2315 2.704592
2320 2.347841
2325 1.964232
2330 1.751706
2335 1.914281
2340 1.630928
2345 1.546450
2350 1.679860
2355 1.905771
2360 1.722232
2365 1.613332
2370 1.550616
2375 1.384806
2380 1.249446
2385 2.545563
2390 3.326478
2395 4.635360
2400 6.733003
2405 7.616479
2410 5.224802
2415 1.835343
2420 0.830245
2425 0.858080
2430 0.933694
2435 2.468177
2440 2.820140
2445 2.769967
2450 2.616701
2455 2.258975
2460 1.676225
2465 1.471988
2470 1.311010
2475 1.470791
2480 1.869692
2485 1.901338
2490 1.726266
2495 1.618784
2500 1.602606
2505 1.482138
2510 2.140856
2515 2.896109
2520 3.238321
2525 3.487900
2530 3.578185
2535 3.377493
2540 2.591260
2545 1.770366
2550 1.428552
2555 1.325503
2560 1.867033
2565 1.901294
2570 1.916763
2575 1.966271
2580 2.023047
2585 2.025751
2590 2.035901
2595 2.078007
2600 2.134075
2605 2.212304
2610 2.447611
2615 2.467600
2620 2.520255
2625 2.835475
2630 3.522427
2635 3.462636
2640 4.018527
2645 5.130131
2650 6.095913
2655 8.003813
2660 8.496498
2665 8.361138
2670 7.853337
2675 7.266599
2680 5.516843
2685 2.792705
2690 2.751795
2695 2.696392
2700 2.571713
2705 2.460066
2710 2.399211
2715 2.360163
2720 2.011612
2725 1.924253
2730 2.332772
2735 2.871332
2740 3.127560
2745 3.199051
2750 3.413661
2755 3.554738
2760 4.018217
2765 4.048799
2770 4.048400
2775 4.030095
2780 4.148391
2785 4.651804
2790 4.655881
2795 4.693556
2800 4.733578
2805 4.823331
2810 5.056821
2815 5.074328
2820 5.109299
2825 5.177068
2830 5.239208
2835 5.023402
2840 5.028499
2845 5.064622
2850 5.108367
2855 5.248515
2860 5.409450
2865 5.444331
2870 5.490958
2875 5.467556
2880 5.538738
2885 5.546849
2890 5.436708
2895 5.359365
2900 5.307465
2905 5.288849
2910 5.365039
2915 5.346024
2920 5.400673
2925 5.514228
2930 5.633366
2935 5.911976
2940 5.883964
2945 5.871067
2950 5.973717
2955 5.937372
2960 5.044588
2965 6.778034
2970 9.706675
2975 10.525131
2980 10.637356
2985 10.869471
2990 10.871199
2995 10.876429
3000 10.893671
3005 10.888707
3010 10.901427
3015 10.886801
3020 10.868629
3025 10.849703
3030 10.852407
3035 10.834900
3040 10.841458
3045 10.833126
3050 10.834723
3055 10.826433
3060 10.799708
3065 10.779319
3070 10.780781
3075 10.779364
3080 10.772582
3085 10.749801
3090 10.741158
3095 10.734467
3100 10.729013
3105 10.747673
3110 10.745944
3115 10.739252
3120 10.731716
3125 10.711241
3130 10.695062
3135 10.689700
3140 10.652600
3145 10.600257
3150 10.575614
3155 10.572334
3160 10.576810
3165 10.560854
3170 10.554206
3175 10.549907
3180 10.543259
3185 10.553276
3190 10.542372
3195 10.542815
3200 10.542239
3205 10.529696
3210 10.532133
3215 10.538781
3220 10.547379
3225 10.548045
3230 10.548755
3235 10.530405
3240 10.538517
3245 10.540732
3250 10.536389
3255 10.539226
3260 10.539623
3265 10.545208
3270 10.549153
3275 10.543303
3280 10.536211
3285 10.521984
3290 10.520035
3295 10.521851
3300 10.520433
3305 10.519148
3310 10.534394
3315 10.535856
3320 10.531868
3325 10.523890
3330 10.524288
3335 10.527835
3340 10.526238
3345 10.525750
3350 10.516576
3355 10.515070
3360 10.523091
3365 10.524953
3370 10.526017
3375 10.528011
3380 10.528101
3385 10.528411
3390 10.525619
3395 10.521009
3400 10.519192
3405 10.520077
3410 10.523668
3415 10.524466
3420 10.522073
3425 10.521276
3430 10.521451
3435 10.541176
3440 10.540689
3445 10.533995
3450 10.531602
3455 10.530272
3460 10.535235
3465 10.532665
3470 10.534925
3475 10.531468
3480 10.534704
3485 10.537984
3490 10.539758
3495 10.537319
3500 10.537230
3505 10.539137
3510 10.547380
3515 10.549376
3520 10.542993
3525 10.542949
3530 10.542727
3535 10.544411
3540 10.541442
3545 10.539447
3550 10.534217
3555 10.532578
3560 10.525928
3565 10.525219
3570 10.532400
3575 10.530937
3580 10.531026
3585 10.531691
3590 10.532266
3595 10.524333
3600 10.519102
3605 10.523801
3610 10.522738
3615 10.525796
3620 10.528233
3625 10.529076
3630 10.527125
3635 10.526905
3640 10.528055
3645 10.558727
3650 10.558372
3655 10.557885
3660 10.548978
3665 10.547380
3670 10.546051
3675 10.544012
3680 10.540998
3685 10.536035
3690 10.527878
3695 10.527880
3700 10.524908
3705 10.531734
3710 10.534083
3715 10.544188
3720 10.542062
3725 10.539358
3730 10.531247
3735 10.531291
3740 10.523712
3745 10.521763
3750 10.522516
3755 10.523314
3760 10.524953
3765 10.524864
3770 10.540289
3775 10.537896
3780 10.540245
3785 10.538604
3790 10.541618
3795 10.531158
3800 10.519368
3805 10.516976
3810 10.518085
3815 10.514405
3820 10.556911
3825 10.553719
3830 10.554649
3835 10.558240
3840 10.559170
3845 10.556511
3850 10.561209
3855 10.563115
3860 10.563514
3865 10.564977
3870 10.570295
3875 10.572023
3880 10.570650
3885 10.574683
3890 10.571891
3895 10.559703
3900 10.568389
3905 10.570163
3910 10.568655
3915 10.563469
3920 10.594495
3925 10.593476
3930 10.594805
3935 10.592323
3940 10.591215
3945 10.577076
3950 10.573132
3955 10.575613
3960 10.576368
3965 10.576014
3970 10.571936
3975 10.569763
3980 10.572111
3985 10.571226
3990 10.568479
3995 10.579558
4000 10.575259
4005 10.577829
4010 10.580134
4015 10.580489
4020 10.580180
4025 10.581110
4030 10.582750
4035 10.578274
4040 10.577476
4045 10.567370
4050 10.567946
4055 10.567902
4060 10.569497
4065 10.568700
4070 10.559658
4075 10.560987
4080 10.561697
4085 10.563115
4090 10.565022
4095 10.597553
4100 10.596578
4105 10.593699
4110 10.591171
4115 10.590284
4120 10.606330
4125 10.606329
4130 10.603004
4135 10.601055
4140 10.604424
4145 10.622773
4150 10.631017
4155 10.630750
4160 10.626230
4165 10.618252
4170 10.608278
4175 10.603182
4180 10.599902
4185 10.594584
4190 10.610938
4195 10.668070
4200 10.677643
4205 10.675251
4210 10.695993
4215 10.711639
4220 10.708981
4225 10.722365
4230 10.720504
4235 10.741777
4240 10.759729
4245 10.707784
4250 10.724403
4255 10.731451
4260 10.759596
4265 10.780915
4270 10.816949
4275 10.828383
4280 10.836008
4285 10.838622
4290 10.836629
4295 10.859454
4300 10.865482
4305 10.886357
4310 10.880817
4315 10.872264
4320 10.873194
4325 10.883788
4330 10.865348
4335 10.867077
4340 10.865260
4345 10.859676
4350 10.841237
4355 10.841414
4360 10.861094
4365 10.847841
4370 10.839774
4375 10.841947
4380 10.807286
4385 10.707030
4390 10.618119
4395 10.317791
4400 10.011702
4405 9.676358
4410 9.106284
4415 9.423012
4420 10.800682
4425 10.831088
4430 10.817480
4435 10.796560
4440 10.780472
4445 10.757779
4450 10.692801
4455 10.628092
4460 10.575126
4465 10.502748
4470 10.498405
4475 10.611205
4480 10.680215
4485 10.531115
4490 10.165500
4495 10.221878
4500 10.407809
4505 10.717402
4510 10.786279
4515 10.815310
4520 10.794610
4525 10.819875
4530 10.828471
4535 10.815662
4540 10.807641
4545 10.832195
4550 10.803741
4555 10.779364
4560 10.793324
4565 10.790356
4570 10.808350
4575 10.818189
4580 10.831399
4585 10.812471
4590 10.778831
4595 10.787786
4600 10.760793
4605 10.718200
4610 10.743330
4615 10.765712
4620 10.772005
4625 10.771297
4630 10.796249
4635 10.806178
4640 10.814733
4645 10.777325
4650 10.801968
4655 10.805603
4660 10.832684
4665 10.855289
4670 10.862290
4675 10.825459
4680 10.769036
4685 10.729280
4690 10.542861
4695 10.434049
4700 10.520433
4705 10.583548
4710 10.663196
4715 10.824616
4720 10.881747
4725 10.867123
4730 10.818988
4735 10.799930
4740 10.850323
4745 10.837337
4750 10.349128
4755 7.938924
4760 4.001374
4765 2.759685
4770 1.811763
4775 1.356174
4780 0.911621
4785 0.695018
4790 0.676137
4795 0.615991
4800 0.610141
4805 0.586561
4810 0.590861
4815 0.662264
4820 0.940032
4825 0.932541
4830 0.960908
4835 0.998626
4840 1.036344
4845 1.088113
4850 1.162707
4855 1.228083
4860 1.094983
4865 1.133898
4870 1.195905
4875 1.256183
4880 1.306046
4885 1.137931
4890 1.164524
4895 1.212570
4900 1.281713
4905 1.297624
4910 1.079603
4915 1.129510
4920 2.137621
4925 2.444730
4930 3.137753
4935 4.351121
4940 6.333348
4945 7.641920
4950 8.005717
4955 7.200603
4960 2.394557
4965 1.038782
4970 1.986748
4975 3.233623
4980 3.725246
4985 3.680879
4990 3.444730
4995 2.853160
5000 2.378025
5005 1.666386
5010 1.372618
5015 1.149056
5020 1.224404
5025 1.521629
5030 1.477130
5035 1.285480
5040 1.254100
5045 1.128756
5050 1.290577
5055 1.907366
5060 2.955323
5065 4.185578
5070 5.862380
5075 6.810390
5080 7.494283
5085 7.585807
5090 4.618031
5095 3.574639
5100 3.319076
5105 3.333747
5110 4.177555
5115 3.759020
5120 3.620601
5125 3.726487
5130 3.813846
5135 4.689478
5140 4.708404
5145 4.675871
5150 4.674231
5155 4.693556
5160 4.449073
5165 4.477795
5170 4.506294
5175 4.563159
5180 4.614529
5185 3.876341
5190 3.963611
5195 3.626496
5200 3.681899
5205 3.802899
5210 3.836849
5215 3.882945
5220 0.326434
5225 1.162840
5230 1.743196
5235 2.344473
5240 2.671705
5245 3.802544
5250 3.920707
5255 4.053054
5260 4.607482
5265 5.158629
5270 2.479213
5275 2.623127
5280 2.661644
5285 2.588290
5290 3.152380
5295 4.432408
5300 6.007313
5305 7.862512
5310 8.701844
5315 9.197190
5320 10.071536
5325 10.126629
5330 10.210132
5335 10.284948
5340 10.315973
5345 9.746698
5350 9.936264
5355 10.069408
5360 10.177334
5365 9.459268
5370 7.019369
5375 6.872573
5380 6.433295
5385 5.981961
5390 6.082750
5395 6.390080
5400 6.555934
5405 6.445041
5410 6.297979
5415 6.214919
5420 6.445306
5425 6.855952
5430 6.996675
5435 7.280472
5440 7.569365
5445 7.817436
5450 7.935511
5455 8.024821
5460 8.035148
5465 8.379266
5470 9.129775
5475 9.104467
5480 9.121443
5485 9.204060
5490 9.252150
5495 9.930326
5500 10.665588
5505 10.761546
5510 10.784993
5515 10.796560
5520 10.809193
5525 10.798999
5530 10.796650
5535 10.790356
5540 10.775818
5545 10.780428
5550 10.772316
5555 10.755739
5560 10.747763
5565 10.737124
5570 10.714653
5575 10.713324
5580 10.698786
5585 10.693911
5590 10.691561
5595 10.711063
5600 10.709466
5605 10.702818
5610 10.701888
5615 10.677866
5620 10.654153
5625 10.656768
5630 10.657655
5635 10.683272
5640 10.685577
5645 10.685888
5650 10.686686
5655 10.688282
5660 10.699140
5665 10.700070
5670 10.711639
5675 10.715849
5680 10.718996
5685 10.716868
5690 10.717933
5695 10.711240
5700 10.717667
5705 10.711639
5710 10.718952
5715 10.718243
5720 10.718731
5725 10.717002
5730 10.716425
5735 10.718731
CPU clock time taken: 267.481787
Wall clock time taken: 221.952466
