5 0.403152
10 0.526122
15 0.549776
20 0.559032
25 0.558914
30 0.569997
35 0.589253
40 0.589222
45 0.574534
50 0.567387
55 0.544258
60 0.528387
65 0.524092
70 0.532400
75 0.531530
80 0.531852
85 0.611041
90 0.727138
95 0.817904
100 0.853251
105 0.865234
110 0.893739
115 0.926461
120 0.964747
125 0.974638
130 0.940130
135 0.933029
140 0.906499
145 0.864866
150 0.841471
155 0.821023
160 0.797738
165 0.784744
170 0.788890
175 0.770087
180 0.759366
185 0.746693
190 0.734889
195 0.730688
200 0.728768
205 0.727389
210 0.727491
215 0.728690
220 0.757728
225 0.752100
230 0.744866
235 0.740430
240 0.740219
245 0.728807
250 0.731699
255 0.726417
260 0.722906
265 0.724348
270 0.725226
275 0.718360
280 0.720092
285 0.724128
290 0.717906
295 0.715782
300 0.712780
305 0.713023
310 0.714285
315 0.713665
320 0.726064
325 0.721652
330 0.720743
335 0.720147
340 0.728110
345 0.786358
350 0.820091
355 0.824166
360 0.821807
365 0.814267
370 0.809102
375 0.801563
380 0.791374
385 0.790849
390 0.807464
395 0.825749
400 0.835460
405 0.847757
410 0.876223
415 0.942269
420 1.035810
425 1.097200
430 1.171304
435 1.236433
440 1.285026
445 1.338948
450 1.369968
455 1.391145
460 1.426053
465 1.442731
470 1.467090
475 1.471362
480 1.469379
485 1.465836
490 1.462811
495 1.449903
500 1.470798
505 1.502218
510 1.522572
515 1.545395
520 1.667495
525 1.764452
530 1.816658
535 1.839810
540 1.848580
545 1.906820
550 1.907400
555 1.907463
560 1.908192
565 1.907698
570 1.895871
575 1.895950
580 1.898277
585 1.900244
590 1.905887
595 1.934620
600 1.943907
605 1.949111
610 1.955397
615 1.955146
620 1.962176
625 1.961314
630 1.962772
635 1.964402
640 1.965727
645 1.964723
650 1.963948
655 1.962184
660 1.961103
665 1.962357
670 1.962615
675 1.961965
680 1.962364
685 1.962263
690 1.962012
695 1.961972
700 1.960436
705 1.960499
710 1.961831
715 1.961683
720 1.959896
725 1.960154
730 1.959190
735 1.958932
740 1.958791
745 1.958493
750 1.958124
755 1.958218
760 1.958140
765 1.958736
770 1.958720
775 1.958830
780 1.958830
785 1.958516
790 1.957482
795 1.956847
800 1.954213
805 1.953955
810 1.953571
815 1.953304
820 1.951541
825 1.950467
830 1.950122
835 1.952317
840 1.952113
845 1.952199
850 1.952293
855 1.952144
860 1.951525
865 1.952176
870 1.951800
875 1.952097
880 1.952082
885 1.951925
890 1.953007
895 1.952865
900 1.952505
905 1.950906
910 1.952285
915 1.952254
920 1.951964
925 1.952262
930 1.952082
935 1.952340
940 1.952528
945 1.952215
950 1.952803
955 1.952387
960 1.952505
965 1.952568
970 1.953014
975 1.952293
980 1.951259
985 1.952168
990 1.952646
995 1.952724
1000 1.953061
1005 1.952779
1010 1.950585
1015 1.950240
1020 1.951243
1025 1.950953
1030 1.951220
1035 1.952905
1040 1.952669
1045 1.952520
1050 1.952748
1055 1.952356
1060 1.952121
1065 1.951502
1070 1.951917
1075 1.951878
1080 1.952293
1085 1.952928
1090 1.953273
1095 1.953571
1100 1.952748
1105 1.952865
1110 1.951807
1115 1.952317
1120 1.952615
1125 1.953257
1130 1.953007
1135 1.953289
1140 1.954221
1145 1.953720
1150 1.953798
1155 1.953453
1160 1.953892
1165 1.953492
1170 1.953727
1175 1.954809
1180 1.954159
1185 1.951854
1190 1.952144
1195 1.952779
1200 1.953289
1205 1.953242
1210 1.951847
1215 1.951306
1220 1.951368
1225 1.952090
1230 1.952262
1235 1.952035
1240 1.952560
1245 1.952599
1250 1.952466
1255 1.952152
1260 1.951345
1265 1.952379
1270 1.952599
1275 1.953061
1280 1.952568
1285 1.952090
1290 1.952411
1295 1.952137
1300 1.953030
1305 1.952575
1310 1.952936
1315 1.953343
1320 1.953751
1325 1.953837
1330 1.953782
1335 1.953610
1340 1.954848
1345 1.953955
1350 1.954668
1355 1.954903
1360 1.953986
1365 1.954605
1370 1.954817
1375 1.954637
1380 1.954386
1385 1.953438
1390 1.953845
1395 1.954300
1400 1.955068
1405 1.955240
1410 1.953806
1415 1.955350
1420 1.955663
1425 1.956823
1430 1.956674
1435 1.954127
1440 1.953242
1445 1.952709
1450 1.953414
1455 1.954229
1460 1.952889
1465 1.955930
1470 1.959386
1475 1.959402
1480 1.958524
1485 1.957811
1490 1.960805
1495 1.960240
1500 1.964927
1505 1.968195
1510 1.971315
1515 1.972271
1520 1.974881
1525 1.975508
1530 1.975523
1535 1.977209
1540 1.975226
1545 1.973047
1550 1.972890
1555 1.973705
1560 1.975814
1565 1.972130
1570 1.969692
1575 1.968368
1580 1.970257
1585 1.966393
1590 1.964833
1595 1.968156
1600 1.968227
1605 1.969935
1610 1.975014
1615 1.976778
1620 1.977412
1625 1.978149
1630 1.978118
1635 1.978886
1640 1.981190
1645 1.980579
1650 1.982256
1655 1.978901
1660 1.977075
1665 1.974082
1670 1.974027
1675 1.973650
1680 1.964371
1685 1.954754
1690 1.946995
1695 1.948759
1700 1.953281
1705 1.955397
1710 1.945200
1715 1.942504
1720 1.928977
1725 1.944127
1730 1.942034
1735 1.861457
1740 1.859960
1745 1.772125
1750 1.523246
1755 1.408678
1760 1.405974
1765 1.370752
1770 1.463509
1775 1.617076
1780 1.704660
1785 1.633496
1790 1.597342
1795 1.506881
1800 1.507234
1805 1.545512
1810 1.471182
1815 1.479074
1820 1.464614
1825 1.444370
1830 1.427503
1835 1.305489
1840 1.252633
1845 1.167738
1850 1.099936
1855 1.117358
1860 1.189330
1865 1.245023
1870 1.343877
1875 1.455601
1880 1.505698
1885 1.292714
1890 1.288827
1895 1.349371
1900 1.317904
1905 1.493213
1910 1.634209
1915 1.698077
1920 1.733729
1925 1.503339
1930 1.249248
1935 0.865305
1940 0.744051
1945 0.688390
1950 0.590515
1955 0.459566
1960 0.288615
1965 0.239772
1970 0.207678
1975 0.195765
1980 0.187214
1985 0.155166
1990 0.148356
1995 0.148081
2000 0.206808
2005 0.404688
2010 0.815192
2015 1.047432
2020 1.463266
2025 1.694667
2030 1.794141
2035 1.900198
2040 1.799846
2045 1.107812
2050 0.891929
2055 0.676320
2060 0.479105
2065 0.363181
2070 0.244185
2075 0.187418
2080 0.171860
2085 0.157714
2090 0.154492
2095 0.155355
2100 0.166068
2105 0.229309
2110 0.368150
2115 0.735603
2120 1.756638
2125 1.914556
2130 1.974019
2135 1.983628
2140 1.986629
2145 1.987585
2150 1.988056
2155 1.985877
2160 1.892258
2165 1.878872
2170 1.880039
2175 1.753950
2180 0.787063
2185 0.286460
2190 0.220374
2195 0.188703
2200 0.171343
2205 0.174039
2210 0.211416
2215 0.205428
2220 0.204276
2225 0.208101
2230 0.213861
2235 0.199817
2240 0.198092
2245 0.202050
2250 0.211816
2255 0.217757
2260 0.207521
2265 0.214833
2270 0.299212
2275 0.426649
2280 0.525527
2285 0.658725
2290 0.672777
2295 0.631662
2300 0.605822
2305 0.549909
2310 0.497845
2315 0.488730
2320 0.425152
2325 0.356801
2330 0.318680
2335 0.346879
2340 0.296523
2345 0.281734
2350 0.304455
2355 0.344136
2360 0.311838
2365 0.291962
2370 0.279265
2375 0.249561
2380 0.225218
2385 0.455679
2390 0.593478
2395 0.832184
2400 1.210914
2405 1.372594
2410 0.960946
2415 0.350594
2420 0.157408
2425 0.156718
2430 0.169627
2435 0.442755
2440 0.505079
2445 0.496136
2450 0.468352
2455 0.405339
2460 0.301923
2465 0.265604
2470 0.237303
2475 0.265377
2480 0.336620
2485 0.341855
2490 0.310882
2495 0.292056
2500 0.289250
2505 0.267815
2510 0.385714
2515 0.519272
2520 0.579527
2525 0.625204
2530 0.641498
2535 0.610250
2540 0.470680
2545 0.322826
2550 0.258958
2555 0.240415
2560 0.336283
2565 0.342192
2570 0.345602
2575 0.354419
2580 0.364764
2585 0.369373
2590 0.371144
2595 0.378817
2600 0.388528
2605 0.402604
2610 0.441141
2615 0.444699
2620 0.454574
2625 0.510416
2630 0.632077
2635 0.620744
2640 0.719606
2645 0.915677
2650 1.086150
2655 1.430873
2660 1.535073
2665 1.511396
2670 1.422918
2675 1.322779
2680 1.012493
2685 0.514037
2690 0.511027
2695 0.503558
2700 0.483612
2705 0.462999
2710 0.446454
2715 0.440153
2720 0.377516
2725 0.358918
2730 0.431171
2735 0.522305
2740 0.567050
2745 0.580248
2750 0.617821
2755 0.642509
2760 0.725986
2765 0.731127
2770 0.731425
2775 0.728118
2780 0.748934
2785 0.838705
2790 0.839559
2795 0.846620
2800 0.853478
2805 0.869859
2810 0.910081
2815 0.913231
2820 0.919587
2825 0.931947
2830 0.943155
2835 0.906358
2840 0.906083
2845 0.912440
2850 0.920230
2855 0.945028
2860 0.977577
2865 0.983533
2870 0.991653
2875 0.987209
2880 1.000023
2885 1.000556
2890 0.980861
2895 0.967569
2900 0.958399
2905 0.955264
2910 0.967819
2915 0.963689
2920 0.973595
2925 0.993793
2930 1.015126
2935 1.065310
2940 1.060325
2945 1.058366
2950 1.076831
2955 1.070373
2960 0.910904
2965 1.223478
2970 1.758997
2975 1.911813
2980 1.933091
2985 1.976652
2990 1.976974
2995 1.977914
3000 1.981072
3005 1.980203
3010 1.982460
3015 1.979818
3020 1.976668
3025 1.973282
3030 1.973776
3035 1.970735
3040 1.971879
3045 1.970429
3050 1.970641
3055 1.969144
3060 1.964394
3065 1.960789
3070 1.961040
3075 1.960852
3080 1.959653
3085 1.955601
3090 1.954002
3095 1.952826
3100 1.951854
3105 1.955123
3110 1.954817
3115 1.953688
3120 1.952340
3125 1.948696
3130 1.945851
3135 1.944918
3140 1.938366
3145 1.929039
3150 1.924737
3155 1.924157
3160 1.924933
3165 1.922135
3170 1.920975
3175 1.920230
3180 1.919062
3185 1.920818
3190 1.918851
3195 1.918905
3200 1.918772
3205 1.916641
3210 1.917103
3215 1.918224
3220 1.919768
3225 1.919885
3230 1.920034
3235 1.916805
3240 1.918192
3245 1.918608
3250 1.917816
3255 1.918302
3260 1.918349
3265 1.919399
3270 1.920050
3275 1.918984
3280 1.917730
3285 1.915159
3290 1.914877
3295 1.915191
3300 1.914916
3305 1.914665
3310 1.917322
3315 1.917620
3320 1.916883
3325 1.915520
3330 1.915582
3335 1.916351
3340 1.916100
3345 1.915990
3350 1.914352
3355 1.914078
3360 1.915434
3365 1.915786
3370 1.915943
3375 1.916280
3380 1.916280
3385 1.916437
3390 1.915927
3395 1.915104
3400 1.914783
3405 1.914948
3410 1.915488
3415 1.915653
3420 1.915222
3425 1.915089
3430 1.915159
3435 1.918584
3440 1.918522
3445 1.917369
3450 1.916993
3455 1.916750
3460 1.917495
3465 1.917001
3470 1.917424
3475 1.916852
3480 1.917448
3485 1.918067
3490 1.918388
3495 1.917926
3500 1.917902
3505 1.918153
3510 1.919666
3515 1.920050
3520 1.918898
3525 1.918945
3530 1.918890
3535 1.919156
3540 1.918694
3545 1.918326
3550 1.917440
3555 1.917174
3560 1.915825
3565 1.915684
3570 1.916985
3575 1.916805
3580 1.916844
3585 1.917001
3590 1.917079
3595 1.915559
3600 1.914665
3605 1.915496
3610 1.915402
3615 1.915943
3620 1.916257
3625 1.916523
3630 1.916170
3635 1.916147
3640 1.916351
3645 1.921813
3650 1.921704
3655 1.921649
3660 1.920073
3665 1.919783
3670 1.919548
3675 1.919156
3680 1.918623
3685 1.917730
3690 1.916280
3695 1.916257
3700 1.915747
3705 1.916930
3710 1.917322
3715 1.919148
3720 1.918772
3725 1.918271
3730 1.916837
3735 1.916837
3740 1.915481
3745 1.915191
3750 1.915371
3755 1.915441
3760 1.915755
3765 1.915708
3770 1.918373
3775 1.917996
3780 1.918404
3785 1.918145
3790 1.918710
3795 1.916946
3800 1.914830
3805 1.914407
3810 1.914603
3815 1.913866
3820 1.921421
3825 1.920857
3830 1.920982
3835 1.921625
3840 1.921766
3845 1.921288
3850 1.922072
3855 1.922401
3860 1.922519
3865 1.922770
3870 1.923773
3875 1.924055
3880 1.923773
3885 1.924502
3890 1.923953
3895 1.921954
3900 1.923459
3905 1.923773
3910 1.923483
3915 1.922511
3920 1.928005
3925 1.927778
3930 1.928005
3935 1.927566
3940 1.927339
3945 1.924940
3950 1.924235
3955 1.924666
3960 1.924799
3965 1.924705
3970 1.923984
3975 1.923577
3980 1.924016
3985 1.923867
3990 1.923396
3995 1.925372
4000 1.924603
4005 1.924909
4010 1.925309
4015 1.925434
4020 1.925246
4025 1.925505
4030 1.925748
4035 1.924956
4040 1.924721
4045 1.923240
4050 1.923342
4055 1.923287
4060 1.923647
4065 1.923475
4070 1.921837
4075 1.922080
4080 1.922127
4085 1.922362
4090 1.922707
4095 1.928467
4100 1.928279
4105 1.927762
4110 1.927331
4115 1.927190
4120 1.930090
4125 1.930019
4130 1.929376
4135 1.929047
4140 1.929619
4145 1.932927
4150 1.934353
4155 1.934306
4160 1.933515
4165 1.932112
4170 1.930387
4175 1.929502
4180 1.928898
4185 1.927942
4190 1.930905
4195 1.941015
4200 1.942614
4205 1.942159
4210 1.945749
4215 1.948531
4220 1.948108
4225 1.950467
4230 1.950146
4235 1.953916
4240 1.957184
4245 1.948100
4250 1.951055
4255 1.952325
4260 1.957325
4265 1.960766
4270 1.967036
4275 1.969081
4280 1.970672
4285 1.971307
4290 1.970931
4295 1.974873
4300 1.975970
4305 1.979724
4310 1.978604
4315 1.977138
4320 1.977342
4325 1.979207
4330 1.975853
4335 1.976197
4340 1.975931
4345 1.975069
4350 1.971785
4355 1.971793
4360 1.975241
4365 1.972882
4370 1.971166
4375 1.971660
4380 1.965562
4385 1.947685
4390 1.931720
4395 1.876983
4400 1.822340
4405 1.762430
4410 1.659508
4415 1.716252
4420 1.964002
4425 1.969959
4430 1.967600
4435 1.963861
4440 1.960891
4445 1.956784
4450 1.945388
4455 1.933883
4460 1.924431
4465 1.911711
4470 1.910911
4475 1.930740
4480 1.942685
4485 1.915630
4490 1.845978
4495 1.850970
4500 1.882649
4505 1.939401
4510 1.959966
4515 1.966511
4520 1.963477
4525 1.968023
4530 1.969567
4535 1.967302
4540 1.965829
4545 1.970249
4550 1.965178
4555 1.960773
4560 1.963266
4565 1.962623
4570 1.965648
4575 1.967090
4580 1.969316
4585 1.966025
4590 1.960092
4595 1.962106
4600 1.957333
4605 1.949715
4610 1.954190
4615 1.958101
4620 1.959316
4625 1.959065
4630 1.963634
4635 1.965515
4640 1.967036
4645 1.960554
4650 1.964841
4655 1.965515
4660 1.970312
4665 1.974340
4670 1.975571
4675 1.968948
4680 1.958994
4685 1.951964
4690 1.918788
4695 1.897799
4700 1.913114
4705 1.924306
4710 1.938343
4715 1.967906
4720 1.978878
4725 1.976323
4730 1.967819
4735 1.964473
4740 1.973353
4745 1.971001
4750 1.883496
4755 1.452787
4760 0.741825
4765 0.511882
4770 0.332537
4775 0.252069
4780 0.172652
4785 0.134436
4790 0.130706
4795 0.120039
4800 0.118581
4805 0.114365
4810 0.115227
4815 0.127892
4820 0.176406
4825 0.176821
4830 0.181798
4835 0.189581
4840 0.196180
4845 0.205138
4850 0.217286
4855 0.228423
4860 0.202301
4865 0.209096
4870 0.219896
4875 0.230704
4880 0.239043
4885 0.208430
4890 0.212929
4895 0.220907
4900 0.233361
4905 0.235712
4910 0.195224
4915 0.203680
4920 0.381364
4925 0.435889
4930 0.558342
4935 0.773230
4940 1.139186
4945 1.381301
4950 1.451313
4955 1.310842
4960 0.442230
4965 0.191376
4970 0.354677
4975 0.576102
4980 0.662604
4985 0.653669
4990 0.611974
4995 0.507305
5000 0.423146
5005 0.297103
5010 0.247030
5015 0.207709
5020 0.221338
5025 0.274006
5030 0.265777
5035 0.232436
5040 0.226535
5045 0.204402
5050 0.233001
5055 0.342028
5060 0.527165
5065 0.744725
5070 1.044211
5075 1.214598
5080 1.337991
5085 1.366222
5090 0.827113
5095 0.635620
5100 0.591017
5105 0.595437
5110 0.751505
5115 0.677448
5120 0.654132
5125 0.673632
5130 0.689706
5135 0.843634
5140 0.847553
5145 0.842623
5150 0.842365
5155 0.845892
5160 0.800873
5165 0.806375
5170 0.811767
5175 0.822121
5180 0.831369
5185 0.700201
5190 0.716855
5195 0.655378
5200 0.665684
5205 0.687237
5210 0.692779
5215 0.700483
5220 0.059142
5225 0.209747
5230 0.316846
5235 0.424909
5240 0.483055
5245 0.687810
5250 0.708414
5255 0.733087
5260 0.831525
5265 0.929886
5270 0.440984
5275 0.466181
5280 0.472929
5285 0.459966
5290 0.561516
5295 0.797001
5300 1.083038
5305 1.421664
5310 1.577850
5315 1.668937
5320 1.830616
5325 1.841315
5330 1.855351
5335 1.868902
5340 1.875180
5345 1.771153
5350 1.805309
5355 1.828798
5360 1.848345
5365 1.718932
5370 1.274257
5375 1.250439
5380 1.174102
5385 1.092200
5390 1.106684
5395 1.157228
5400 1.184972
5405 1.164603
5410 1.138402
5415 1.123605
5420 1.163357
5425 1.235963
5430 1.260761
5435 1.310976
5440 1.362076
5445 1.405942
5450 1.427840
5455 1.443813
5460 1.445741
5465 1.509358
5470 1.652314
5475 1.648089
5480 1.651483
5485 1.665982
5490 1.674737
5495 1.801226
5500 1.936187
5505 1.956290
5510 1.960711
5515 1.963023
5520 1.965319
5525 1.963650
5530 1.963321
5535 1.962200
5540 1.959629
5545 1.960468
5550 1.958963
5555 1.955867
5560 1.954605
5565 1.952795
5570 1.948978
5575 1.948759
5580 1.946164
5585 1.945404
5590 1.944895
5595 1.947630
5600 1.947222
5605 1.946086
5610 1.945498
5615 1.941948
5620 1.937676
5625 1.938021
5630 1.938131
5635 1.942661
5640 1.943061
5645 1.942857
5650 1.943006
5655 1.943311
5660 1.945200
5665 1.945388
5670 1.947873
5675 1.948492
5680 1.949049
5685 1.948578
5690 1.948672
5695 1.947701
5700 1.948876
5705 1.947787
5710 1.949002
5715 1.948892
5720 1.949464
5725 1.949111
5730 1.949049
5735 1.949511
CPU clock time taken: 264.136480
Wall clock time taken: 220.690353
