5 0.201381
10 0.262652
15 0.274455
20 0.279104
25 0.279139
30 0.284976
35 0.294766
40 0.294888
45 0.287734
50 0.284238
55 0.272740
60 0.264922
65 0.262742
70 0.266852
75 0.266426
80 0.266473
85 0.305920
90 0.364148
95 0.409573
100 0.427372
105 0.433443
110 0.447820
115 0.464108
120 0.482810
125 0.487811
130 0.470558
135 0.466976
140 0.453720
145 0.432697
150 0.420992
155 0.410823
160 0.399251
165 0.392746
170 0.394840
175 0.385479
180 0.380084
185 0.373751
190 0.367859
195 0.365796
200 0.364812
205 0.364117
210 0.364167
215 0.364746
220 0.379267
225 0.376443
230 0.372840
235 0.370625
240 0.370528
245 0.364882
250 0.366304
255 0.363644
260 0.361870
265 0.362589
270 0.363101
275 0.359635
280 0.360499
285 0.362503
290 0.359397
295 0.358385
300 0.356846
305 0.356963
310 0.357588
315 0.357284
320 0.363511
325 0.361296
330 0.360831
335 0.360499
340 0.364453
345 0.393617
350 0.410440
355 0.412581
360 0.411495
365 0.407955
370 0.405459
375 0.401771
380 0.396586
385 0.396246
390 0.404482
395 0.413448
400 0.418250
405 0.424383
410 0.438561
415 0.471488
420 0.518093
425 0.548695
430 0.585634
435 0.618060
440 0.642271
445 0.669295
450 0.684734
455 0.695275
460 0.712676
465 0.721005
470 0.733124
475 0.735246
480 0.734242
485 0.732472
490 0.730960
495 0.724568
500 0.734976
505 0.750615
510 0.760750
515 0.772103
520 0.833237
525 0.881713
530 0.907920
535 0.919566
540 0.923934
545 0.953263
550 0.953556
555 0.953599
560 0.953989
565 0.953747
570 0.947734
575 0.947801
580 0.948992
585 0.949973
590 0.952845
595 0.967300
600 0.971949
605 0.974555
610 0.977712
615 0.977587
620 0.981071
625 0.980661
630 0.981407
635 0.982216
640 0.982892
645 0.982380
650 0.981982
655 0.981107
660 0.980548
665 0.981193
670 0.981321
675 0.980989
680 0.981169
685 0.981095
690 0.980907
695 0.980837
700 0.980063
705 0.980122
710 0.980747
715 0.980630
720 0.979782
725 0.979911
730 0.979446
735 0.979348
740 0.979302
745 0.979173
750 0.979005
755 0.979040
760 0.979020
765 0.979341
770 0.979329
775 0.979403
780 0.979399
785 0.979247
790 0.978723
795 0.978403
800 0.977067
805 0.976922
810 0.976754
815 0.976614
820 0.975774
825 0.975219
830 0.975047
835 0.976141
840 0.976008
845 0.976059
850 0.976121
855 0.976047
860 0.975743
865 0.976067
870 0.975852
875 0.976012
880 0.976008
885 0.975930
890 0.976450
895 0.976399
900 0.976215
905 0.975434
910 0.976114
915 0.976094
920 0.975953
925 0.976102
930 0.976008
935 0.976145
940 0.976219
945 0.976067
950 0.976375
955 0.976164
960 0.976211
965 0.976246
970 0.976469
975 0.976106
980 0.975614
985 0.976063
990 0.976274
995 0.976289
1000 0.976485
1005 0.976356
1010 0.975258
1015 0.975110
1020 0.975602
1025 0.975477
1030 0.975614
1035 0.976461
1040 0.976328
1045 0.976274
1050 0.976348
1055 0.976176
1060 0.976051
1065 0.975762
1070 0.975957
1075 0.975938
1080 0.976141
1085 0.976473
1090 0.976637
1095 0.976782
1100 0.976340
1105 0.976411
1110 0.975887
1115 0.976137
1120 0.976289
1125 0.976598
1130 0.976493
1135 0.976641
1140 0.977110
1145 0.976829
1150 0.976868
1155 0.976700
1160 0.976922
1165 0.976723
1170 0.976825
1175 0.977364
1180 0.977036
1185 0.975918
1190 0.976075
1195 0.976387
1200 0.976614
1205 0.976594
1210 0.975910
1215 0.975637
1220 0.975660
1225 0.976024
1230 0.976098
1235 0.975989
1240 0.976250
1245 0.976250
1250 0.976188
1255 0.976039
1260 0.975664
1265 0.976164
1270 0.976274
1275 0.976512
1280 0.976262
1285 0.975993
1290 0.976153
1295 0.976028
1300 0.976473
1305 0.976235
1310 0.976457
1315 0.976645
1320 0.976836
1325 0.976879
1330 0.976833
1335 0.976809
1340 0.977415
1345 0.976961
1350 0.977317
1355 0.977450
1360 0.976977
1365 0.977286
1370 0.977368
1375 0.977278
1380 0.977169
1385 0.976692
1390 0.976907
1395 0.977129
1400 0.977516
1405 0.977610
1410 0.976868
1415 0.977637
1420 0.977790
1425 0.978368
1430 0.978290
1435 0.977055
1440 0.976614
1445 0.976344
1450 0.976711
1455 0.977129
1460 0.976442
1465 0.977969
1470 0.979665
1475 0.979704
1480 0.979231
1485 0.978856
1490 0.980349
1495 0.980060
1500 0.982431
1505 0.984127
1510 0.985615
1515 0.986057
1520 0.987408
1525 0.987736
1530 0.987772
1535 0.988616
1540 0.987631
1545 0.986553
1550 0.986475
1555 0.986865
1560 0.987897
1565 0.985947
1570 0.984748
1575 0.984103
1580 0.985115
1585 0.983208
1590 0.982431
1595 0.984056
1600 0.984123
1605 0.984959
1610 0.987541
1615 0.988416
1620 0.988737
1625 0.989108
1630 0.989088
1635 0.989475
1640 0.990624
1645 0.990319
1650 0.991155
1655 0.989483
1660 0.988569
1665 0.987076
1670 0.987049
1675 0.986861
1680 0.982236
1685 0.977442
1690 0.973578
1695 0.974453
1700 0.976707
1705 0.977762
1710 0.972680
1715 0.971340
1720 0.964596
1725 0.972148
1730 0.971101
1735 0.930931
1740 0.930177
1745 0.886331
1750 0.761629
1755 0.704151
1760 0.702143
1765 0.684523
1770 0.730921
1775 0.807944
1780 0.852080
1785 0.816996
1790 0.799025
1795 0.753889
1800 0.754077
1805 0.773310
1810 0.735730
1815 0.739680
1820 0.732566
1825 0.722517
1830 0.714231
1835 0.653199
1840 0.626906
1845 0.584661
1850 0.550863
1855 0.559536
1860 0.595229
1865 0.623116
1870 0.672463
1875 0.728190
1880 0.753143
1885 0.645619
1890 0.643658
1895 0.673819
1900 0.658023
1905 0.745505
1910 0.816606
1915 0.848688
1920 0.866515
1925 0.751674
1930 0.624933
1935 0.432384
1940 0.371899
1945 0.344262
1950 0.295431
1955 0.230140
1960 0.144689
1965 0.120350
1970 0.104336
1975 0.098382
1980 0.094116
1985 0.078008
1990 0.074613
1995 0.074429
2000 0.103676
2005 0.202315
2010 0.407107
2015 0.522769
2020 0.730987
2025 0.846680
2030 0.896567
2035 0.949950
2040 0.899884
2045 0.554274
2050 0.446312
2055 0.338605
2060 0.239684
2065 0.181906
2070 0.122674
2075 0.094369
2080 0.086646
2085 0.079527
2090 0.077937
2095 0.078441
2100 0.083856
2105 0.115388
2110 0.184527
2115 0.367976
2120 0.878091
2125 0.957201
2130 0.986998
2135 0.991760
2140 0.993269
2145 0.993788
2150 0.994023
2155 0.992929
2160 0.946019
2165 0.939307
2170 0.939901
2175 0.876997
2180 0.394766
2185 0.143963
2190 0.110993
2195 0.095241
2200 0.086638
2205 0.087951
2210 0.106571
2215 0.103566
2220 0.102957
2225 0.104840
2230 0.107715
2235 0.100706
2240 0.099862
2245 0.101953
2250 0.106860
2255 0.109946
2260 0.104594
2265 0.108239
2270 0.150249
2275 0.213735
2280 0.262941
2285 0.329147
2290 0.336148
2295 0.315652
2300 0.302744
2305 0.274908
2310 0.248806
2315 0.244224
2320 0.212547
2325 0.178437
2330 0.159430
2335 0.173350
2340 0.148209
2345 0.140857
2350 0.152171
2355 0.171936
2360 0.155828
2365 0.145932
2370 0.139509
2375 0.124772
2380 0.112610
2385 0.227686
2390 0.296329
2395 0.415530
2400 0.604871
2405 0.685692
2410 0.481126
2415 0.176503
2420 0.079481
2425 0.078734
2430 0.085095
2435 0.221134
2440 0.252170
2445 0.247701
2450 0.233843
2455 0.202409
2460 0.150933
2465 0.132832
2470 0.118705
2475 0.132707
2480 0.168314
2485 0.170842
2490 0.155418
2495 0.146041
2500 0.144537
2505 0.133864
2510 0.192759
2515 0.259312
2520 0.289465
2525 0.312300
2530 0.320532
2535 0.304991
2540 0.235414
2545 0.161547
2550 0.129566
2555 0.120311
2560 0.168029
2565 0.170971
2570 0.172717
2575 0.177108
2580 0.182304
2585 0.184723
2590 0.185571
2595 0.189403
2600 0.194255
2605 0.201284
2610 0.220392
2615 0.222135
2620 0.227084
2625 0.254932
2630 0.315609
2635 0.309984
2640 0.359264
2645 0.457009
2650 0.541889
2655 0.714083
2660 0.767172
2665 0.755323
2670 0.711391
2675 0.661747
2680 0.507048
2685 0.257339
2690 0.256128
2695 0.252647
2700 0.242958
2705 0.232605
2710 0.223916
2715 0.220740
2720 0.189458
2725 0.180062
2730 0.216024
2735 0.261273
2740 0.283577
2745 0.290172
2750 0.308929
2755 0.321212
2760 0.362659
2765 0.365285
2770 0.365460
2775 0.363800
2780 0.374188
2785 0.418820
2790 0.419246
2795 0.422860
2800 0.426282
2805 0.434443
2810 0.454552
2815 0.456103
2820 0.459260
2825 0.465468
2830 0.471046
2835 0.452587
2840 0.452473
2845 0.455622
2850 0.459529
2855 0.471902
2860 0.488350
2865 0.491323
2870 0.495359
2875 0.493120
2880 0.499465
2885 0.499828
2890 0.489999
2895 0.483396
2900 0.478817
2905 0.477270
2910 0.483419
2915 0.481298
2920 0.486252
2925 0.496296
2930 0.506919
2935 0.532106
2940 0.529602
2945 0.528621
2950 0.537814
2955 0.534568
2960 0.455290
2965 0.611321
2970 0.878927
2975 0.955583
2980 0.966374
2985 0.988338
2990 0.988506
2995 0.988975
3000 0.990549
3005 0.990116
3010 0.991241
3015 0.989924
3020 0.988358
3025 0.986670
3030 0.986916
3035 0.985408
3040 0.985978
3045 0.985256
3050 0.985365
3055 0.984611
3060 0.982247
3065 0.980450
3070 0.980567
3075 0.980482
3080 0.979884
3085 0.977868
3090 0.977071
3095 0.976481
3100 0.975996
3105 0.977626
3110 0.977477
3115 0.976915
3120 0.976243
3125 0.974426
3130 0.973008
3135 0.972543
3140 0.969277
3145 0.964628
3150 0.962483
3155 0.962194
3160 0.962580
3165 0.961186
3170 0.960607
3175 0.960236
3180 0.959654
3185 0.960529
3190 0.959549
3195 0.959576
3200 0.959510
3205 0.958447
3210 0.958677
3215 0.959236
3220 0.960006
3225 0.960064
3230 0.960139
3235 0.958529
3240 0.959221
3245 0.959428
3250 0.959033
3255 0.959275
3260 0.959299
3265 0.959822
3270 0.960146
3275 0.959615
3280 0.958990
3285 0.957709
3290 0.957568
3295 0.957724
3300 0.957587
3305 0.957462
3310 0.958787
3315 0.958935
3320 0.958568
3325 0.957888
3330 0.957920
3335 0.958302
3340 0.958177
3345 0.958123
3350 0.957306
3355 0.957169
3360 0.957845
3365 0.958021
3370 0.958099
3375 0.958267
3380 0.958267
3385 0.958345
3390 0.958091
3395 0.957681
3400 0.957521
3405 0.957603
3410 0.957873
3415 0.957955
3420 0.957740
3425 0.957673
3430 0.957709
3435 0.959416
3440 0.959385
3445 0.958810
3450 0.958623
3455 0.958502
3460 0.958873
3465 0.958627
3470 0.958838
3475 0.958552
3480 0.958849
3485 0.959158
3490 0.959318
3495 0.959088
3500 0.959076
3505 0.959201
3510 0.959955
3515 0.960146
3520 0.959572
3525 0.959596
3530 0.959568
3535 0.959701
3540 0.959471
3545 0.959287
3550 0.958845
3555 0.958713
3560 0.958041
3565 0.957970
3570 0.958619
3575 0.958529
3580 0.958549
3585 0.958627
3590 0.958666
3595 0.957908
3600 0.957462
3605 0.957877
3610 0.957830
3615 0.958099
3620 0.958256
3625 0.958388
3630 0.958213
3635 0.958201
3640 0.958302
3645 0.961025
3650 0.960971
3655 0.960943
3660 0.960158
3665 0.960014
3670 0.959896
3675 0.959701
3680 0.959435
3685 0.958990
3690 0.958267
3695 0.958256
3700 0.958002
3705 0.958592
3710 0.958787
3715 0.959697
3720 0.959510
3725 0.959260
3730 0.958545
3735 0.958545
3740 0.957869
3745 0.957724
3750 0.957814
3755 0.957849
3760 0.958005
3765 0.957982
3770 0.959310
3775 0.959123
3780 0.959326
3785 0.959197
3790 0.959478
3795 0.958599
3800 0.957545
3805 0.957334
3810 0.957431
3815 0.957064
3820 0.960830
3825 0.960549
3830 0.960611
3835 0.960932
3840 0.961002
3845 0.960764
3850 0.961154
3855 0.961318
3860 0.961377
3865 0.961502
3870 0.962002
3875 0.962143
3880 0.962002
3885 0.962366
3890 0.962092
3895 0.961096
3900 0.961846
3905 0.962002
3910 0.961858
3915 0.961373
3920 0.964112
3925 0.963999
3930 0.964112
3935 0.963893
3940 0.963780
3945 0.962584
3950 0.962233
3955 0.962448
3960 0.962514
3965 0.962467
3970 0.962108
3975 0.961897
3980 0.962100
3985 0.962049
3990 0.961815
3995 0.962784
4000 0.962401
4005 0.962561
4010 0.962768
4015 0.962819
4020 0.962705
4025 0.962842
4030 0.962975
4035 0.962584
4040 0.962428
4045 0.961721
4050 0.961783
4055 0.961760
4060 0.961940
4065 0.961854
4070 0.961037
4075 0.961158
4080 0.961182
4085 0.961299
4090 0.961471
4095 0.964342
4100 0.964249
4105 0.963991
4110 0.963776
4115 0.963706
4120 0.965151
4125 0.965116
4130 0.964796
4135 0.964631
4140 0.964917
4145 0.966565
4150 0.967276
4155 0.967253
4160 0.966858
4165 0.966159
4170 0.965300
4175 0.964858
4180 0.964557
4185 0.964081
4190 0.965557
4195 0.970597
4200 0.971394
4205 0.971168
4210 0.972957
4215 0.974344
4220 0.974133
4225 0.975309
4230 0.975149
4235 0.977028
4240 0.978653
4245 0.974125
4250 0.975602
4255 0.976235
4260 0.978727
4265 0.980442
4270 0.983564
4275 0.984568
4280 0.985357
4285 0.985693
4290 0.985510
4295 0.987471
4300 0.988022
4305 0.989889
4310 0.989334
4315 0.988576
4320 0.988690
4325 0.989612
4330 0.987955
4335 0.988123
4340 0.987979
4345 0.987537
4350 0.985920
4355 0.985892
4360 0.987647
4365 0.986463
4370 0.985592
4375 0.985853
4380 0.982814
4385 0.973895
4390 0.965882
4395 0.938530
4400 0.911272
4405 0.881334
4410 0.830041
4415 0.858323
4420 0.981966
4425 0.985006
4430 0.983837
4435 0.981966
4440 0.980485
4445 0.978419
4450 0.972758
4455 0.967011
4460 0.962295
4465 0.955943
4470 0.955532
4475 0.965417
4480 0.971375
4485 0.957880
4490 0.923020
4495 0.924962
4500 0.940636
4505 0.969171
4510 0.979903
4515 0.983283
4520 0.981790
4525 0.984060
4530 0.984826
4535 0.983701
4540 0.982958
4545 0.985170
4550 0.982642
4555 0.980446
4560 0.981669
4565 0.981357
4570 0.982857
4575 0.983587
4580 0.984638
4585 0.983056
4590 0.980095
4595 0.981095
4600 0.978727
4605 0.974926
4610 0.977157
4615 0.979114
4620 0.979700
4625 0.979567
4630 0.981825
4635 0.982779
4640 0.983544
4645 0.980329
4650 0.982470
4655 0.982810
4660 0.985201
4665 0.987205
4670 0.987803
4675 0.984506
4680 0.979544
4685 0.976016
4690 0.959459
4695 0.948906
4700 0.956533
4705 0.962123
4710 0.969109
4715 0.983904
4720 0.989436
4725 0.988178
4730 0.983927
4735 0.982247
4740 0.986682
4745 0.985486
4750 0.941835
4755 0.726967
4760 0.372008
4765 0.256940
4770 0.166572
4775 0.126507
4780 0.087001
4785 0.067932
4790 0.066080
4795 0.060700
4800 0.059946
4805 0.057895
4810 0.058384
4815 0.064642
4820 0.088759
4825 0.089158
4830 0.091607
4835 0.095182
4840 0.098597
4845 0.102968
4850 0.108985
4855 0.114396
4860 0.101343
4865 0.104742
4870 0.110180
4875 0.115615
4880 0.119807
4885 0.104289
4890 0.106571
4895 0.110477
4900 0.116740
4905 0.117928
4910 0.097589
4915 0.101773
4920 0.190337
4925 0.217560
4930 0.278600
4935 0.385756
4940 0.568963
4945 0.690138
4950 0.725237
4955 0.655453
4960 0.221931
4965 0.096366
4970 0.177343
4975 0.287699
4980 0.330787
4985 0.326232
4990 0.305420
4995 0.253194
5000 0.211238
5005 0.148440
5010 0.123471
5015 0.103883
5020 0.110657
5025 0.136895
5030 0.132770
5035 0.116150
5040 0.113196
5045 0.102183
5050 0.116427
5055 0.170791
5060 0.263137
5065 0.371536
5070 0.520913
5075 0.606020
5080 0.667642
5085 0.682468
5090 0.413222
5095 0.317324
5100 0.295032
5105 0.297239
5110 0.375403
5115 0.338445
5120 0.326814
5125 0.336554
5130 0.344528
5135 0.421512
5140 0.423461
5145 0.421027
5150 0.420902
5155 0.422656
5160 0.400126
5165 0.402849
5170 0.405498
5175 0.410592
5180 0.415194
5185 0.349966
5190 0.358260
5195 0.327517
5200 0.332604
5205 0.343297
5210 0.346075
5215 0.349884
5220 0.029657
5225 0.104875
5230 0.158379
5235 0.212289
5240 0.241321
5245 0.343668
5250 0.354006
5255 0.366300
5260 0.415433
5265 0.464452
5270 0.220119
5275 0.232656
5280 0.236008
5285 0.229546
5290 0.280256
5295 0.398004
5300 0.540791
5305 0.710363
5310 0.788680
5315 0.834249
5320 0.915116
5325 0.920465
5330 0.927419
5335 0.934244
5340 0.937393
5345 0.885510
5350 0.902568
5355 0.914362
5360 0.924184
5365 0.859542
5370 0.637063
5375 0.625312
5380 0.587325
5385 0.546515
5390 0.553531
5395 0.578371
5400 0.592174
5405 0.581997
5410 0.568897
5415 0.561529
5420 0.581121
5425 0.617303
5430 0.629656
5435 0.654695
5440 0.680148
5445 0.702171
5450 0.713114
5455 0.721111
5460 0.722150
5465 0.753905
5470 0.825884
5475 0.823825
5480 0.825552
5485 0.832792
5490 0.837167
5495 0.900360
5500 0.967835
5505 0.978087
5510 0.980306
5515 0.981489
5520 0.982619
5525 0.981802
5530 0.981654
5535 0.981103
5540 0.979829
5545 0.980251
5550 0.979505
5555 0.977950
5560 0.977313
5565 0.976411
5570 0.974508
5575 0.974383
5580 0.973086
5585 0.972734
5590 0.972500
5595 0.973750
5600 0.973566
5605 0.973055
5610 0.972750
5615 0.970996
5620 0.968874
5625 0.969054
5630 0.969105
5635 0.971363
5640 0.971562
5645 0.971422
5650 0.971476
5655 0.971640
5660 0.972582
5665 0.972664
5670 0.973984
5675 0.974266
5680 0.974543
5685 0.974324
5690 0.974375
5695 0.973824
5700 0.974418
5705 0.973895
5710 0.974496
5715 0.974453
5720 0.974750
5725 0.974574
5730 0.974527
5735 0.974758
CPU clock time taken: 259.776900
Wall clock time taken: 219.720553
