5 1.432209
10 1.743719
15 1.874406
20 1.914610
25 1.931593
30 2.006127
35 2.098428
40 2.094343
45 2.109339
50 2.112333
55 2.164540
60 2.181971
65 2.183957
70 2.113536
75 2.129483
80 2.347183
85 2.807929
90 3.112529
95 3.380925
100 3.466762
105 3.489984
110 3.487746
115 3.509149
120 3.427872
125 3.406553
130 3.351463
135 3.241425
140 3.171759
145 3.113256
150 3.047143
155 3.009513
160 3.019697
165 2.958340
170 2.920094
175 2.876280
180 2.845336
185 2.835348
190 2.829388
195 2.826898
200 2.830787
205 2.930894
210 2.914079
215 2.886912
CPU clock time taken: 9.488069
Wall clock time taken: 8.642075
