5 0.204149
10 0.247762
15 0.266106
20 0.271557
25 0.274714
30 0.286804
35 0.300714
40 0.300875
45 0.303492
50 0.304303
55 0.311864
60 0.314501
65 0.314827
70 0.304976
75 0.306727
80 0.337497
85 0.403599
90 0.447172
95 0.486152
100 0.498896
105 0.502663
110 0.501627
115 0.503473
120 0.491910
125 0.488785
130 0.480874
135 0.464753
140 0.454823
145 0.446404
150 0.437085
155 0.431940
160 0.433318
165 0.424616
170 0.419216
175 0.413061
180 0.408700
185 0.407239
190 0.406397
195 0.406023
200 0.406602
205 0.420723
210 0.418393
215 0.414359
CPU clock time taken: 7.542133
Wall clock time taken: 8.098232
