5 2.260684
10 2.754804
15 2.963476
20 3.027959
25 3.050859
30 3.155771
35 3.297475
40 3.287223
45 3.309191
50 3.309102
55 3.389562
60 3.414414
65 3.418142
70 3.304886
75 3.334088
80 3.673013
85 4.392580
90 4.874229
95 5.291617
100 5.422713
105 5.454622
110 5.455510
115 5.494652
120 5.369280
125 5.337106
130 5.250477
135 5.080682
140 4.971198
145 4.878933
150 4.774199
155 4.714197
160 4.732348
165 4.634536
170 4.574091
175 4.504992
180 4.454090
185 4.438246
190 4.429193
195 4.425731
200 4.432255
205 4.590955
210 4.564061
215 4.520792
CPU clock time taken: 8.846275
Wall clock time taken: 8.507550
