5 1.837766
10 2.235593
15 2.402438
20 2.452631
25 2.477478
30 2.579293
35 2.700021
40 2.697447
45 2.717003
50 2.722258
55 2.790040
60 2.814064
65 2.817138
70 2.727799
75 2.745746
80 3.025704
85 3.618941
90 4.010868
95 4.358072
100 4.469005
105 4.501787
110 4.496425
115 4.521450
120 4.416094
125 4.387495
130 4.316317
135 4.173710
140 4.084620
145 4.009295
150 3.924818
155 3.876555
160 3.889568
165 3.811132
170 3.762227
175 3.706278
180 3.666810
185 3.653904
190 3.646396
195 3.643036
200 3.648077
205 3.775883
210 3.754791
215 3.719434
CPU clock time taken: 9.675727
Wall clock time taken: 8.764804
