5 1.225178
10 1.490395
15 1.601625
20 1.635087
25 1.651652
30 1.719529
35 1.800014
40 1.798298
45 1.811335
50 1.814839
55 1.860027
60 1.876043
65 1.878093
70 1.818533
75 1.830497
80 2.017136
85 2.412627
90 2.673912
95 2.905381
100 2.979336
105 3.001192
110 2.997617
115 3.014300
120 2.944063
125 2.924996
130 2.877544
135 2.782473
140 2.723080
145 2.672863
150 2.616545
155 2.584370
160 2.593045
165 2.540755
170 2.508151
175 2.470852
180 2.444540
185 2.435936
190 2.430931
195 2.428691
200 2.432051
205 2.517255
210 2.503194
215 2.479623
CPU clock time taken: 9.493357
Wall clock time taken: 8.732974
