5 3.107740
10 3.790096
15 4.079794
20 4.166574
25 4.192867
30 4.316602
35 4.501318
40 4.481706
45 4.510143
50 4.499908
55 4.607464
60 4.629834
65 4.632102
70 4.478028
75 4.523564
80 4.981798
85 5.952503
90 6.604890
95 7.168597
100 7.341974
105 7.380707
110 7.388981
115 7.450083
120 7.285101
125 7.247901
130 7.129865
135 6.900656
140 6.752038
145 6.624196
150 6.478948
155 6.395906
160 6.423668
165 6.288534
170 6.205430
175 6.110989
180 6.040878
185 6.019243
190 6.009070
195 6.004106
200 6.012931
205 6.230557
210 6.193234
215 6.132867
CPU clock time taken: 9.737161
Wall clock time taken: 8.815674
