5 0.612447
10 0.743285
15 0.798319
20 0.814672
25 0.824141
30 0.860413
35 0.902141
40 0.902625
45 0.910477
50 0.912909
55 0.935591
60 0.943502
65 0.944482
70 0.914928
75 0.920182
80 1.012492
85 1.210797
90 1.341516
95 1.458456
100 1.496688
105 1.507988
110 1.504882
115 1.510420
120 1.475730
125 1.466355
130 1.442622
135 1.394259
140 1.364469
145 1.339213
150 1.311254
155 1.295821
160 1.299954
165 1.273848
170 1.257648
175 1.239182
180 1.226099
185 1.221718
190 1.219192
195 1.218070
200 1.219806
205 1.262170
210 1.255180
215 1.243078
CPU clock time taken: 8.713145
Wall clock time taken: 8.436205
