5 2.864417
10 3.487438
15 3.748811
20 3.829221
25 3.863186
30 4.012254
35 4.196855
40 4.188685
45 4.218678
50 4.224666
55 4.329080
60 4.363942
65 4.367914
70 4.227072
75 4.258967
80 4.694366
85 5.615858
90 6.225057
95 6.761849
100 6.933524
105 6.979968
110 6.975491
115 7.018298
120 6.855744
125 6.813105
130 6.702927
135 6.482849
140 6.343517
145 6.226512
150 6.094286
155 6.019026
160 6.039393
165 5.916680
170 5.840188
175 5.752560
180 5.690672
185 5.670696
190 5.658777
195 5.653796
200 5.661574
205 5.861788
210 5.828157
215 5.773823
CPU clock time taken: 9.006392
Wall clock time taken: 8.582592
