5 0.408082
10 0.495748
15 0.532582
20 0.543596
25 0.549605
30 0.573355
35 0.600864
40 0.600832
45 0.605822
50 0.607236
55 0.622222
60 0.627449
65 0.628443
70 0.608617
75 0.612336
80 0.674223
85 0.806105
90 0.893574
95 0.971212
100 0.996336
105 1.003829
110 1.001990
115 1.006111
120 0.982882
125 0.976708
130 0.960727
135 0.928923
140 0.909089
145 0.892184
150 0.873511
155 0.863073
160 0.865962
165 0.848576
170 0.837727
175 0.825394
180 0.816669
185 0.813645
190 0.812035
195 0.811261
200 0.812382
205 0.840728
210 0.836061
215 0.828023
CPU clock time taken: 8.820451
Wall clock time taken: 8.521150
