5 0.816785
10 0.993597
15 1.067750
20 1.090058
25 1.101101
30 1.146353
35 1.200010
40 1.198866
45 1.207557
50 1.209892
55 1.240018
60 1.250695
65 1.252062
70 1.212355
75 1.220331
80 1.344757
85 1.608418
90 1.782608
95 1.936921
100 1.986224
105 2.000794
110 1.998411
115 2.009533
120 1.962709
125 1.949998
130 1.918363
135 1.854982
140 1.815387
145 1.781909
150 1.744363
155 1.722914
160 1.728697
165 1.693837
170 1.672101
175 1.647235
180 1.629693
185 1.623957
190 1.620620
195 1.619127
200 1.621367
205 1.678170
210 1.668796
215 1.653082
CPU clock time taken: 9.640269
Wall clock time taken: 8.807487
