5 1.641409
10 1.999550
15 2.150611
20 2.197683
25 2.214897
30 2.294241
35 2.397812
40 2.390991
45 2.407948
50 2.409105
55 2.468276
60 2.487001
65 2.489608
70 2.407561
75 2.428057
80 2.675676
85 3.199968
90 3.549421
95 3.854472
100 3.950225
105 3.974131
110 3.973552
115 4.001673
120 3.909588
125 3.885554
130 3.822458
135 3.698423
140 3.618790
145 3.551995
150 3.475901
155 3.432529
160 3.444852
165 3.374131
170 3.330341
175 3.280212
180 3.243694
185 3.232175
190 3.225482
195 3.222908
200 3.227510
205 3.342696
210 3.323262
215 3.291988
CPU clock time taken: 9.477087
Wall clock time taken: 8.655780
