5 2.652407
10 3.225071
15 3.465122
20 3.537657
25 3.574878
30 3.725766
35 3.902034
40 3.899511
45 3.930914
50 3.938893
55 4.036345
60 4.070837
65 4.076911
70 3.947851
75 3.973025
80 4.376731
85 5.232998
90 5.801287
95 6.304195
100 6.465483
105 6.514492
110 6.504299
115 6.535547
120 6.384298
125 6.342754
130 6.239279
135 6.033308
140 5.904453
145 5.795367
150 5.673668
155 5.604479
160 5.624093
165 5.510271
170 5.439794
175 5.359125
180 5.302806
185 5.283861
190 5.273205
195 5.268160
200 5.275212
205 5.459562
210 5.428984
215 5.377142
CPU clock time taken: 9.462512
Wall clock time taken: 8.676629
