5 1.237769
10 1.479508
15 1.583345
20 1.630153
25 1.648196
30 1.689250
35 1.776304
40 1.811415
45 1.828912
50 1.821542
55 1.860695
60 1.892312
65 1.888889
70 1.895664
75 1.837422
80 1.831598
85 2.019303
90 2.327533
95 2.631460
100 2.847525
105 2.956093
110 3.005563
115 3.010555
120 3.006989
125 2.975111
130 2.885870
135 2.893929
140 2.858651
145 2.772167
150 2.727999
155 2.689607
160 2.633314
165 2.598702
170 2.622165
175 2.567775
180 2.542885
185 2.501949
190 2.472947
195 2.450292
200 2.446346
205 2.446013
210 2.444302
215 2.444968
220 2.540056
225 2.521775
230 2.499097
235 2.488874
240 2.485285
245 2.453121
250 2.468906
255 2.449556
260 2.437788
265 2.438644
270 2.442709
275 2.424357
280 2.516450
285 2.609376
290 2.638925
295 2.604241
300 2.547853
305 2.508772
310 2.496981
315 2.493344
320 2.523487
325 2.481434
330 2.442020
335 2.432392
340 2.438454
345 2.545286
350 2.616983
355 2.635977
360 2.636476
365 2.619051
370 2.622451
375 2.608449
380 2.593306
385 2.616721
390 2.684733
395 2.748301
400 2.787691
405 2.874222
410 3.027813
415 3.246398
420 3.560572
425 3.752270
430 3.989826
435 4.163671
440 4.296463
445 4.420030
450 4.489136
455 4.542172
460 4.630699
465 4.679005
470 4.733799
475 4.745043
480 4.742262
485 4.752793
490 4.753506
495 4.735844
500 4.764394
505 4.828269
510 4.860339
515 4.914063
520 5.186350
525 5.366709
530 5.472947
535 5.518233
540 5.540650
545 5.656468
550 5.658204
555 5.658988
560 5.659701
565 5.660130
570 5.608639
575 5.613393
580 5.623971
585 5.626088
590 5.640898
595 5.710123
600 5.743499
605 5.759093
610 5.773998
615 5.779608
620 5.792017
625 5.797152
630 5.799553
635 5.802596
640 5.808705
645 5.803998
650 5.804831
655 5.805972
660 5.808658
665 5.808325
670 5.809228
675 5.809085
680 5.810822
685 5.813579
690 5.815053
695 5.816574
700 5.814482
705 5.815623
710 5.817406
715 5.818285
720 5.818974
725 5.821994
730 5.824894
735 5.830290
740 5.832834
745 5.841487
750 5.845742
755 5.843437
760 5.844435
765 5.848643
770 5.848262
775 5.850497
780 5.851638
785 5.851210
790 5.848952
795 5.843056
800 5.842343
805 5.839086
810 5.840037
815 5.842723
820 5.840631
825 5.838183
830 5.837161
835 5.843912
840 5.843579
845 5.847145
850 5.846313
855 5.848262
860 5.844839
865 5.848595
870 5.846812
875 5.845766
880 5.846765
885 5.845124
890 5.846479
895 5.847715
900 5.846670
905 5.840750
910 5.843555
915 5.846812
920 5.844197
925 5.846432
930 5.847501
935 5.849712
940 5.849760
945 5.849284
950 5.850449
955 5.846622
960 5.848714
965 5.848453
970 5.848096
975 5.845433
980 5.843603
985 5.845742
990 5.847810
995 5.849094
1000 5.850877
1005 5.847525
1010 5.840037
1015 5.842224
1020 5.841464
1025 5.842652
1030 5.841558
1035 5.848999
1040 5.848095
1045 5.847692
1050 5.846123
1055 5.849380
1060 5.845837
1065 5.844911
1070 5.847930
1075 5.847810
1080 5.848976
1085 5.849784
1090 5.850758
1095 5.848666
1100 5.848191
1105 5.847977
1110 5.843032
1115 5.845409
1120 5.844791
1125 5.845338
1130 5.845552
1135 5.845790
1140 5.846432
1145 5.847454
1150 5.847763
1155 5.847811
1160 5.847406
1165 5.843935
1170 5.844602
1175 5.847644
1180 5.847478
1185 5.845909
1190 5.845338
1195 5.848072
1200 5.848476
1205 5.847145
1210 5.849736
1215 5.848073
1220 5.847953
1225 5.848382
1230 5.850545
1235 5.847739
1240 5.847953
1245 5.845433
1250 5.843532
1255 5.843841
1260 5.845861
1265 5.847121
1270 5.849284
1275 5.848762
1280 5.850259
1285 5.846432
1290 5.849237
1295 5.848310
1300 5.851614
1305 5.852375
1310 5.846931
1315 5.848975
1320 5.849427
1325 5.850116
1330 5.850355
1335 5.850592
1340 5.851448
1345 5.849641
1350 5.851233
1355 5.853658
1360 5.852375
1365 5.852589
1370 5.852351
1375 5.853706
1380 5.854300
1385 5.850449
1390 5.854110
1395 5.854111
1400 5.856654
1405 5.858223
1410 5.854181
1415 5.857937
1420 5.858603
1425 5.858865
1430 5.858080
1435 5.847644
1440 5.846836
1445 5.844388
1450 5.848429
1455 5.849903
1460 5.845006
1465 5.859055
1470 5.866686
1475 5.865283
1480 5.869158
1485 5.861052
1490 5.869015
1495 5.863049
1500 5.881282
1505 5.895189
1510 5.905149
1515 5.909904
1520 5.917154
1525 5.916655
1530 5.919317
1535 5.920553
1540 5.916440
1545 5.904697
1550 5.911092
1555 5.913541
1560 5.914301
1565 5.916417
1570 5.912376
1575 5.902891
1580 5.906361
1585 5.887367
1590 5.884657
1595 5.889578
1600 5.888295
1605 5.882257
1610 5.893239
1615 5.908121
1620 5.920720
1625 5.926568
1630 5.922051
1635 5.918319
1640 5.922764
1645 5.931679
1650 5.937004
1655 5.932915
1660 5.928350
1665 5.921790
1670 5.916678
1675 5.910569
1680 5.900799
1685 5.879998
1690 5.864190
1695 5.863381
1700 5.877882
1705 5.874650
1710 5.839372
1715 5.822160
1720 5.776185
1725 5.818903
1730 5.839039
1735 5.620168
1740 5.548923
1745 5.309181
1750 4.558004
1755 4.246256
1760 4.261827
1765 4.167356
1770 4.328222
1775 4.642752
1780 4.951981
1785 4.966053
1790 4.940403
1795 4.795845
1800 4.805591
1805 4.836091
1810 4.592854
1815 4.608924
1820 4.546878
1825 4.418581
1830 4.347288
1835 3.944849
1840 3.819046
1845 3.596087
1850 3.379760
1855 3.373199
1860 3.453264
1865 3.644321
1870 3.935958
1875 4.315814
1880 4.563424
1885 4.060999
1890 4.076024
1895 4.232801
1900 4.151048
1905 4.558265
1910 4.875909
1915 5.039391
1920 5.170423
1925 4.681311
1930 4.140470
1935 3.129511
1940 2.756930
1945 2.572957
1950 2.255908
1955 1.823825
1960 1.210716
1965 1.029073
1970 0.907431
1975 0.833666
1980 0.806922
1985 0.610850
1990 0.573860
1995 0.570437
2000 0.751628
2005 1.399872
2010 2.651809
2015 3.160248
2020 4.259830
2025 4.998978
2030 5.290591
2035 5.653639
2040 5.399563
2045 3.609328
2050 3.041126
2055 2.384491
2060 1.778301
2065 1.404983
2070 0.957067
2075 0.699971
2080 0.612490
2085 0.552132
2090 0.537346
2095 0.535706
2100 0.663434
2105 0.932154
2110 1.406290
2115 2.332026
2120 5.126016
2125 5.677364
2130 5.902154
2135 5.935696
2140 5.945348
2145 5.951077
2150 5.949603
2155 5.945063
2160 5.669757
2165 5.627038
2170 5.626326
2175 5.281082
2180 2.564565
2185 1.025270
2190 0.803475
2195 0.694195
2200 0.585984
2205 0.584391
2210 0.779513
2215 0.746137
2220 0.744782
2225 0.745567
2230 0.762540
2235 0.719512
2240 0.711477
2245 0.724671
2250 0.742714
2255 0.753673
2260 0.745804
2265 0.770836
2270 1.021918
2275 1.371820
2280 1.668687
2285 2.132173
2290 2.115794
2295 2.004469
2300 1.922122
2305 1.783055
2310 1.622070
2315 1.596349
2320 1.407051
2325 1.188252
2330 1.084510
2335 1.212666
2340 1.036039
2345 0.979912
2350 0.957091
2355 1.064042
2360 1.049874
2365 1.038440
2370 1.028289
2375 0.937527
2380 0.840893
2385 1.361527
2390 1.674464
2395 2.270052
2400 3.433937
2405 4.017686
2410 3.002567
2415 1.246731
2420 0.606856
2425 0.586222
2430 0.651096
2435 1.399967
2440 1.553226
2445 1.580873
2450 1.580920
2455 1.457567
2460 1.128108
2465 1.003138
2470 0.867946
2475 0.916536
2480 1.084819
2485 1.136191
2490 1.086745
2495 1.063971
2500 1.063757
2505 0.990158
2510 1.213260
2515 1.522536
2520 1.723815
2525 1.821851
2530 1.939547
2535 1.962226
2540 1.634455
2545 1.204916
2550 0.983502
2555 0.871107
2560 1.216042
2565 1.227904
2570 1.234156
2575 1.255456
2580 1.281153
2585 1.298792
2590 1.290757
2595 1.312818
2600 1.334736
2605 1.370965
2610 1.553440
2615 1.552204
2620 1.582941
2625 1.681072
2630 1.918343
2635 1.909690
2640 2.115699
2645 2.574312
2650 2.931156
2655 4.025602
2660 4.530880
2665 4.562449
2670 4.294085
2675 3.977250
2680 3.042600
2685 1.537845
2690 1.468217
2695 1.394784
2700 1.362740
2705 1.349071
2710 1.360743
2715 1.361456
2720 1.204655
2725 1.171754
2730 1.279371
2735 1.528669
2740 1.681168
2745 1.758094
2750 1.909119
2755 2.017330
2760 2.364974
2765 2.399444
2770 2.382161
2775 2.354871
2780 2.429064
2785 2.728189
2790 2.737484
2795 2.767152
2800 2.782390
2805 2.827723
2810 2.956473
2815 2.966576
2820 2.983074
2825 3.024438
2830 3.047069
2835 2.970190
2840 2.968597
2845 2.972947
2850 3.016569
2855 3.113655
2860 3.162578
2865 3.133053
2870 3.185518
2875 3.185233
2880 3.183046
2885 3.215209
2890 3.167713
2895 3.127205
2900 3.076546
2905 3.064541
2910 3.139471
2915 3.134336
2920 3.167499
2925 3.241097
2930 3.302120
2935 3.484382
2940 3.494675
2945 3.570841
2950 3.683521
2955 3.689155
2960 3.285456
2965 4.051181
2970 5.279680
2975 5.679265
2980 5.740836
2985 5.898041
2990 5.904911
2995 5.911354
3000 5.923240
3005 5.929373
3010 5.935744
3015 5.929849
3020 5.924262
3025 5.910949
3030 5.907503
3035 5.892835
3040 5.897637
3045 5.891884
3050 5.890791
3055 5.887843
3060 5.875624
3065 5.865426
3070 5.866258
3075 5.862787
3080 5.858746
3085 5.858532
3090 5.849665
3095 5.845124
3100 5.839942
3105 5.845837
3110 5.845837
3115 5.841368
3120 5.834332
3125 5.832240
3130 5.828079
3135 5.823373
3140 5.808539
3145 5.791518
3150 5.781248
3155 5.780416
3160 5.785908
3165 5.779584
3170 5.777825
3175 5.774616
3180 5.775187
3185 5.781035
3190 5.775971
3195 5.773950
3200 5.770622
3205 5.767365
3210 5.766296
3215 5.771122
3220 5.775353
3225 5.777303
3230 5.777421
3235 5.770979
3240 5.772619
3245 5.773618
3250 5.771027
3255 5.773000
3260 5.770884
3265 5.774783
3270 5.774711
3275 5.772904
3280 5.771241
3285 5.765107
3290 5.764869
3295 5.763871
3300 5.764156
3305 5.764013
3310 5.770361
3315 5.771977
3320 5.768982
3325 5.763086
3330 5.764013
3335 5.764441
3340 5.764585
3345 5.762920
3350 5.759117
3355 5.754742
3360 5.760329
3365 5.762373
3370 5.765797
3375 5.768031
3380 5.767698
3385 5.762920
3390 5.761280
3395 5.757096
3400 5.759259
3405 5.759117
3410 5.763324
3415 5.762968
3420 5.761446
3425 5.758617
3430 5.759355
3435 5.769505
3440 5.769933
3445 5.765701
3450 5.767223
3455 5.764656
3460 5.769553
3465 5.767080
3470 5.767627
3475 5.766034
3480 5.766819
3485 5.767056
3490 5.766391
3495 5.764632
3500 5.766249
3505 5.766486
3510 5.773522
3515 5.773951
3520 5.772476
3525 5.772524
3530 5.773713
3535 5.769743
3540 5.768768
3545 5.767270
3550 5.765416
3555 5.763300
3560 5.761280
3565 5.761113
3570 5.761422
3575 5.761613
3580 5.763847
3585 5.762991
3590 5.764846
3595 5.757881
3600 5.756502
3605 5.760400
3610 5.760591
3615 5.762231
3620 5.762707
3625 5.763871
3630 5.763728
3635 5.763087
3640 5.763776
3645 5.775329
3650 5.774616
3655 5.773879
3660 5.769053
3665 5.765630
3670 5.773951
3675 5.773427
3680 5.771050
3685 5.768697
3690 5.764656
3695 5.756335
3700 5.755195
3705 5.757500
3710 5.759449
3715 5.762064
3720 5.763229
3725 5.763134
3730 5.757690
3735 5.755503
3740 5.754053
3745 5.753102
3750 5.757096
3755 5.753126
3760 5.754909
3765 5.754600
3770 5.759188
3775 5.757334
3780 5.759616
3785 5.757191
3790 5.758427
3795 5.757619
3800 5.756145
3805 5.755361
3810 5.754314
3815 5.749822
3820 5.771550
3825 5.764038
3830 5.765797
3835 5.767936
3840 5.768673
3845 5.770860
3850 5.772334
3855 5.772358
3860 5.770147
3865 5.771597
3870 5.773642
3875 5.774022
3880 5.773047
3885 5.776137
3890 5.773879
3895 5.765821
3900 5.771645
3905 5.772976
3910 5.772738
3915 5.771288
3920 5.790591
3925 5.787929
3930 5.788309
3935 5.786811
3940 5.786740
3945 5.780607
3950 5.773142
3955 5.773808
3960 5.776233
3965 5.775496
3970 5.774022
3975 5.777064
3980 5.777493
3985 5.776185
3990 5.775710
3995 5.780797
4000 5.777849
4005 5.778206
4010 5.779917
4015 5.779679
4020 5.779275
4025 5.778372
4030 5.779465
4035 5.778539
4040 5.776589
4045 5.772786
4050 5.771312
4055 5.773094
4060 5.774093
4065 5.774046
4070 5.769838
4075 5.769267
4080 5.770075
4085 5.769362
4090 5.771288
4095 5.787191
4100 5.788000
4105 5.782271
4110 5.780393
4115 5.781082
4120 5.792683
4125 5.787714
4130 5.784529
4135 5.778633
4140 5.773902
4145 5.787643
4150 5.781106
4155 5.784957
4160 5.783982
4165 5.777873
4170 5.768839
4175 5.766272
4180 5.758641
4185 5.763538
4190 5.786098
4195 5.816075
4200 5.812343
4205 5.824585
4210 5.835116
4215 5.838967
4220 5.841202
4225 5.846860
4230 5.835782
4235 5.844625
4240 5.854847
4245 5.839586
4250 5.855013
4255 5.849380
4260 5.861004
4265 5.863999
4270 5.874032
4275 5.874959
4280 5.881448
4285 5.882375
4290 5.870846
4295 5.861907
4300 5.883873
4305 5.896091
4310 5.897613
4315 5.901417
4320 5.885347
4325 5.892336
4330 5.880711
4335 5.879261
4340 5.881710
4345 5.896900
4350 5.908715
4355 5.920672
4360 5.928066
4365 5.911829
4370 5.900276
4375 5.876313
4380 5.847977
4385 5.845743
4390 5.818048
4395 5.695217
4400 5.561855
4405 5.420886
4410 5.204916
4415 5.319332
4420 5.896972
4425 5.910378
4430 5.894404
4435 5.868445
4440 5.851400
4445 5.833452
4450 5.804426
4455 5.780036
4460 5.732135
4465 5.672229
4470 5.660890
4475 5.748799
4480 5.784743
4485 5.717730
4490 5.527504
4495 5.502734
4500 5.574430
4505 5.787358
4510 5.884515
4515 5.894357
4520 5.897162
4525 5.903200
4530 5.909191
4535 5.904245
4540 5.893287
4545 5.897970
4550 5.906005
4555 5.884800
4560 5.895545
4565 5.889174
4570 5.895070
4575 5.896187
4580 5.913017
4585 5.899111
4590 5.886203
4595 5.888794
4600 5.892336
4605 5.870323
4610 5.874744
4615 5.885703
4620 5.878905
4625 5.878953
4630 5.891147
4635 5.895450
4640 5.907383
4645 5.885679
4650 5.897470
4655 5.896757
4660 5.908953
4665 5.918890
4670 5.914681
4675 5.899373
4680 5.872795
4685 5.856868
4690 5.805401
4695 5.763609
4700 5.771478
4705 5.765226
4710 5.785456
4715 5.865307
4720 5.915728
4725 5.917796
4730 5.896306
4735 5.875505
4740 5.907098
4745 5.898802
4750 5.633766
4755 4.420720
4760 2.533994
4765 1.865877
4770 1.314363
4775 1.024675
4780 0.710431
4785 0.506870
4790 0.471782
4795 0.415514
4800 0.411282
4805 0.397780
4810 0.398041
4815 0.448533
4820 0.652784
4825 0.652403
4830 0.666881
4835 0.680050
4840 0.707412
4845 0.736462
4850 0.768316
4855 0.807826
4860 0.758071
4865 0.781629
4870 0.806423
4875 0.834736
4880 0.854823
4885 0.764584
4890 0.776161
4895 0.805306
4900 0.877312
4905 0.925403
4910 0.792231
4915 0.757167
4920 1.050825
4925 1.220606
4930 1.506799
4935 2.047354
4940 3.133885
4945 3.957804
4950 4.260709
4955 3.868064
4960 1.407098
4965 0.658893
4970 0.895402
4975 1.388937
4980 1.732183
4985 1.890862
4990 1.927305
4995 1.731303
5000 1.533138
5005 1.131912
5010 0.922289
5015 0.755218
5020 0.686992
5025 0.829435
5030 0.842842
5035 0.795821
5040 0.812723
5045 0.821019
5050 1.014192
5055 1.377977
5060 1.932439
5065 2.480055
5070 3.269149
5075 3.703490
5080 4.019731
5085 4.131484
5090 2.800148
5095 2.248491
5100 2.037513
5105 1.990372
5110 2.386821
5115 2.081229
5120 1.930633
5125 1.977274
5130 2.040175
5135 2.606167
5140 2.611206
5145 2.590548
5150 2.593210
5155 2.597918
5160 2.466862
5165 2.486759
5170 2.495055
5175 2.524366
5180 2.547283
5185 2.161746
5190 2.203204
5195 1.998241
5200 2.030999
5205 2.092307
5210 2.114891
5215 2.131056
5220 0.192008
5225 0.632126
5230 0.963058
5235 1.257952
5240 1.428517
5245 2.094708
5250 2.168640
5255 2.238031
5260 2.413778
5265 2.665525
5270 1.139376
5275 1.276613
5280 1.407978
5285 1.458137
5290 1.705439
5295 2.317549
5300 3.094804
5305 4.150740
5310 4.638259
5315 4.915038
5320 5.466719
5325 5.512671
5330 5.552085
5335 5.576856
5340 5.596824
5345 5.313745
5350 5.387011
5355 5.429967
5360 5.471592
5365 5.034184
5370 3.765749
5375 3.795678
5380 3.756002
5385 3.635977
5390 3.704987
5395 3.823729
5400 3.839372
5405 3.714995
5410 3.575857
5415 3.511030
5420 3.565516
5425 3.755860
5430 3.932130
5435 4.194361
5440 4.455237
5445 4.626682
5450 4.702801
5455 4.748277
5460 4.748847
5465 4.886535
5470 5.170375
5475 5.163980
5480 5.236866
5485 5.266771
5490 5.289687
5495 5.499643
5500 5.777778
5505 5.819831
5510 5.838349
5515 5.852636
5520 5.868088
5525 5.867969
5530 5.869134
5535 5.871417
5540 5.865901
5545 5.869134
5550 5.865378
5555 5.860314
5560 5.856512
5565 5.852731
5570 5.844102
5575 5.844482
5580 5.838659
5585 5.836210
5590 5.835307
5595 5.841820
5600 5.839799
5605 5.835925
5610 5.835520
5615 5.827248
5620 5.817073
5625 5.818737
5630 5.818071
5635 5.823539
5640 5.827248
5645 5.828175
5650 5.829458
5655 5.831099
5660 5.832169
5665 5.832050
5670 5.843936
5675 5.841702
5680 5.845267
5685 5.841962
5690 5.843198
5695 5.843769
5700 5.848500
5705 5.846765
5710 5.849213
5715 5.849046
5720 5.844293
5725 5.845956
5730 5.843746
5735 5.842581
