1 0.162009 
2 0.162009 
3 0.162009 
4 0.162009 
5 0.162009 
6 0.162009 
7 0.162009 
8 0.244574 
9 0.244574 
10 0.244574 
11 0.244574 
12 0.244574 
13 0.244574 
14 0.244574 
15 0.280889 
16 0.280889 
17 0.280889 
18 0.280889 
19 0.280889 
20 0.280889 
21 0.280889 
22 0.275131 
23 0.275131 
24 0.275131 
25 0.275131 
26 0.275131 
27 0.275131 
28 0.275131 
29 0.281810 
30 0.281810 
31 0.281810 
32 0.281810 
33 0.281810 
34 0.281810 
35 0.281810 
36 0.293169 
37 0.293169 
38 0.293169 
39 0.293169 
40 0.293169 
41 0.293169 
42 0.293169 
43 0.282806 
44 0.282806 
45 0.282806 
46 0.282806 
47 0.282806 
48 0.282806 
49 0.282806 
50 0.278787 
51 0.278787 
52 0.278787 
53 0.278787 
54 0.278787 
55 0.278787 
56 0.278787 
57 0.266996 
58 0.266996 
59 0.266996 
60 0.266996 
61 0.266996 
62 0.266996 
63 0.266996 
64 0.263028 
65 0.263028 
66 0.263028 
67 0.263028 
68 0.263028 
69 0.263028 
70 0.263028 
71 0.265543 
72 0.265543 
73 0.265543 
74 0.265543 
75 0.265543 
76 0.265543 
77 0.265543 
78 0.263623 
79 0.263623 
80 0.263623 
81 0.263623 
82 0.263623 
83 0.263623 
84 0.263623 
85 0.302713 
86 0.302713 
87 0.302713 
88 0.302713 
89 0.302713 
90 0.302713 
91 0.302713 
92 0.381275 
93 0.381275 
94 0.381275 
95 0.381275 
96 0.381275 
97 0.381275 
98 0.381275 
99 0.421955 
100 0.421955 
101 0.421955 
102 0.421955 
103 0.421955 
104 0.421955 
105 0.421955 
106 0.434751 
107 0.434751 
108 0.434751 
109 0.434751 
110 0.434751 
111 0.434751 
112 0.434751 
113 0.456590 
114 0.456590 
115 0.456590 
116 0.456590 
117 0.456590 
118 0.456590 
119 0.456590 
120 0.486180 
121 0.486180 
122 0.486180 
123 0.486180 
124 0.486180 
125 0.486180 
126 0.486180 
127 0.484837 
128 0.484837 
129 0.484837 
130 0.484837 
131 0.484837 
132 0.484837 
133 0.484837 
134 0.469248 
135 0.469248 
136 0.469248 
137 0.469248 
138 0.469248 
139 0.469248 
140 0.469248 
141 0.450596 
142 0.450596 
143 0.450596 
144 0.450596 
145 0.450596 
146 0.450596 
147 0.450596 
148 0.428426 
149 0.428426 
150 0.428426 
151 0.428426 
152 0.428426 
153 0.428426 
154 0.428426 
155 0.411030 
156 0.411030 
157 0.411030 
158 0.411030 
159 0.411030 
160 0.411030 
161 0.411030 
162 0.398030 
163 0.398030 
164 0.398030 
165 0.398030 
166 0.398030 
167 0.398030 
168 0.398030 
169 0.393952 
170 0.393952 
171 0.393952 
172 0.393952 
173 0.393952 
174 0.393952 
175 0.393952 
176 0.381889 
177 0.381889 
178 0.381889 
179 0.381889 
180 0.381889 
181 0.381889 
182 0.381889 
183 0.374065 
184 0.374065 
185 0.374065 
186 0.374065 
187 0.374065 
188 0.374065 
189 0.374065 
190 0.365626 
191 0.365626 
192 0.365626 
193 0.365626 
194 0.365626 
195 0.365626 
196 0.365626 
197 0.362092 
198 0.362092 
199 0.362092 
200 0.362092 
201 0.362092 
202 0.362092 
203 0.362092 
204 0.361329 
205 0.361329 
206 0.361329 
207 0.361329 
208 0.361329 
209 0.361329 
210 0.361329 
211 0.360415 
212 0.360415 
213 0.360415 
214 0.360415 
215 0.360415 
216 0.360415 
217 0.360415 
218 0.362320 
219 0.362320 
220 0.362320 
221 0.362320 
222 0.362320 
223 0.362320 
224 0.362320 
225 0.372113 
226 0.372113 
227 0.372113 
228 0.372113 
229 0.372113 
230 0.372113 
231 0.372113 
232 0.368665 
233 0.368665 
234 0.368665 
235 0.368665 
236 0.368665 
237 0.368665 
238 0.368665 
239 0.366988 
240 0.366988 
241 0.366988 
242 0.366988 
243 0.366988 
244 0.366988 
245 0.366988 
246 0.363100 
247 0.363100 
248 0.363100 
249 0.363100 
250 0.363100 
251 0.363100 
252 0.363100 
253 0.362911 
254 0.362911 
255 0.362911 
256 0.362911 
257 0.362911 
258 0.362911 
259 0.362911 
260 0.360356 
261 0.360356 
262 0.360356 
263 0.360356 
264 0.360356 
265 0.360356 
266 0.360356 
267 0.360640 
268 0.360640 
269 0.360640 
270 0.360640 
271 0.360640 
272 0.360640 
273 0.360640 
274 0.358770 
275 0.358770 
276 0.358770 
277 0.358770 
278 0.358770 
279 0.358770 
280 0.358770 
281 0.357377 
282 0.357377 
283 0.357377 
284 0.357377 
285 0.357377 
286 0.357377 
287 0.357377 
288 0.357011 
289 0.357011 
290 0.357011 
291 0.357011 
292 0.357011 
293 0.357011 
294 0.357011 
295 0.357416 
296 0.357416 
297 0.357416 
298 0.357416 
299 0.357416 
300 0.357416 
301 0.357416 
302 0.355700 
303 0.355700 
304 0.355700 
305 0.355700 
306 0.355700 
307 0.355700 
308 0.355700 
309 0.356153 
310 0.356153 
311 0.356153 
312 0.356153 
313 0.356153 
314 0.356153 
315 0.356153 
316 0.356310 
317 0.356310 
318 0.356310 
319 0.356310 
320 0.356310 
321 0.356310 
322 0.356310 
323 0.358873 
324 0.358873 
325 0.358873 
326 0.358873 
327 0.358873 
328 0.358873 
329 0.358873 
330 0.359203 
331 0.359203 
332 0.359203 
333 0.359203 
334 0.359203 
335 0.359203 
336 0.359203 
337 0.358432 
338 0.358432 
339 0.358432 
340 0.358432 
341 0.358432 
342 0.358432 
343 0.358432 
344 0.387797 
345 0.387797 
346 0.387797 
347 0.387797 
348 0.387797 
349 0.387797 
350 0.387797 
351 0.413698 
352 0.413698 
353 0.413698 
354 0.413698 
355 0.413698 
356 0.413698 
357 0.413698 
358 0.415308 
359 0.415308 
360 0.415308 
361 0.415308 
362 0.415308 
363 0.415308 
364 0.415308 
365 0.409164 
366 0.409164 
367 0.409164 
368 0.409164 
369 0.409164 
370 0.409164 
371 0.409164 
372 0.404032 
373 0.404032 
374 0.404032 
375 0.404032 
376 0.404032 
377 0.404032 
378 0.404032 
379 0.397152 
380 0.397152 
381 0.397152 
382 0.397152 
383 0.397152 
384 0.397152 
385 0.397152 
386 0.393504 
387 0.393504 
388 0.393504 
389 0.393504 
390 0.393504 
391 0.393504 
392 0.393504 
393 0.408641 
394 0.408641 
395 0.408641 
396 0.408641 
397 0.408641 
398 0.408641 
399 0.408641 
400 0.414796 
401 0.414796 
402 0.414796 
403 0.414796 
404 0.414796 
405 0.414796 
406 0.414796 
407 0.424490 
408 0.424490 
409 0.424490 
410 0.424490 
411 0.424490 
412 0.424490 
413 0.424490 
414 0.455551 
415 0.455551 
416 0.455551 
417 0.455551 
418 0.455551 
419 0.455551 
420 0.455551 
421 0.512640 
422 0.512640 
423 0.512640 
424 0.512640 
425 0.512640 
426 0.512640 
427 0.512640 
428 0.557547 
429 0.557547 
430 0.557547 
431 0.557547 
432 0.557547 
433 0.557547 
434 0.557547 
435 0.604273 
436 0.604273 
437 0.604273 
438 0.604273 
439 0.604273 
440 0.604273 
441 0.604273 
442 0.634118 
443 0.634118 
444 0.634118 
445 0.634118 
446 0.634118 
447 0.634118 
448 0.634118 
449 0.665604 
450 0.665604 
451 0.665604 
452 0.665604 
453 0.665604 
454 0.665604 
455 0.665604 
456 0.682677 
457 0.682677 
458 0.682677 
459 0.682677 
460 0.682677 
461 0.682677 
462 0.682677 
463 0.705202 
464 0.705202 
465 0.705202 
466 0.705202 
467 0.705202 
468 0.705202 
469 0.705202 
470 0.719882 
471 0.719882 
472 0.719882 
473 0.719882 
474 0.719882 
475 0.719882 
476 0.719882 
477 0.722720 
478 0.722720 
479 0.722720 
480 0.722720 
481 0.722720 
482 0.722720 
483 0.722720 
484 0.720634 
485 0.720634 
486 0.720634 
487 0.720634 
488 0.720634 
489 0.720634 
490 0.720634 
491 0.718851 
492 0.718851 
493 0.718851 
494 0.718851 
495 0.718851 
496 0.718851 
497 0.718851 
498 0.716588 
499 0.716588 
500 0.716588 
501 0.716588 
502 0.716588 
503 0.716588 
504 0.716588 
505 0.739404 
506 0.739404 
507 0.739404 
508 0.739404 
509 0.739404 
510 0.739404 
511 0.739404 
512 0.752510 
513 0.752510 
514 0.752510 
515 0.752510 
516 0.752510 
517 0.752510 
518 0.752510 
519 0.818415 
520 0.818415 
521 0.818415 
522 0.818415 
523 0.818415 
524 0.818415 
525 0.818415 
526 0.877947 
527 0.877947 
528 0.877947 
529 0.877947 
530 0.877947 
531 0.877947 
532 0.877947 
533 0.908568 
534 0.908568 
535 0.908568 
536 0.908568 
537 0.908568 
538 0.908568 
539 0.908568 
540 0.916829 
541 0.916829 
542 0.916829 
543 0.916829 
544 0.916829 
545 0.916829 
546 0.916829 
547 0.949921 
548 0.949921 
549 0.949921 
550 0.949921 
551 0.949921 
552 0.949921 
553 0.949921 
554 0.949960 
555 0.949960 
556 0.949960 
557 0.949960 
558 0.949960 
559 0.949960 
560 0.949960 
561 0.949854 
562 0.949854 
563 0.949854 
564 0.949854 
565 0.949854 
566 0.949854 
567 0.949854 
568 0.950016 
569 0.950016 
570 0.950016 
571 0.950016 
572 0.950016 
573 0.950016 
574 0.950016 
575 0.942199 
576 0.942199 
577 0.942199 
578 0.942199 
579 0.942199 
580 0.942199 
581 0.942199 
582 0.943502 
583 0.943502 
584 0.943502 
585 0.943502 
586 0.943502 
587 0.943502 
588 0.943502 
589 0.947402 
590 0.947402 
591 0.947402 
592 0.947402 
593 0.947402 
594 0.947402 
595 0.947402 
596 0.965530 
597 0.965530 
598 0.965530 
599 0.965530 
600 0.965530 
601 0.965530 
602 0.965530 
603 0.971320 
604 0.971320 
605 0.971320 
606 0.971320 
607 0.971320 
608 0.971320 
609 0.971320 
610 0.976484 
611 0.976484 
612 0.976484 
613 0.976484 
614 0.976484 
615 0.976484 
616 0.976484 
617 0.976409 
618 0.976409 
619 0.976409 
620 0.976409 
621 0.976409 
622 0.976409 
623 0.976409 
624 0.980357 
625 0.980357 
626 0.980357 
627 0.980357 
628 0.980357 
629 0.980357 
630 0.980357 
631 0.980915 
632 0.980915 
633 0.980915 
634 0.980915 
635 0.980915 
636 0.980915 
637 0.980915 
638 0.982100 
639 0.982100 
640 0.982100 
641 0.982100 
642 0.982100 
643 0.982100 
644 0.982100 
645 0.981982 
646 0.981982 
647 0.981982 
648 0.981982 
649 0.981982 
650 0.981982 
651 0.981982 
652 0.981612 
653 0.981612 
654 0.981612 
655 0.981612 
656 0.981612 
657 0.981612 
658 0.981612 
659 0.980258 
660 0.980258 
661 0.980258 
662 0.980258 
663 0.980258 
664 0.980258 
665 0.980258 
666 0.980305 
667 0.980305 
668 0.980305 
669 0.980305 
670 0.980305 
671 0.980305 
672 0.980305 
673 0.980498 
674 0.980498 
675 0.980498 
676 0.980498 
677 0.980498 
678 0.980498 
679 0.980498 
680 0.980309 
681 0.980309 
682 0.980309 
683 0.980309 
684 0.980309 
685 0.980309 
686 0.980309 
687 0.981329 
688 0.981329 
689 0.981329 
690 0.981329 
691 0.981329 
692 0.981329 
693 0.981329 
694 0.980892 
695 0.980892 
696 0.980892 
697 0.980892 
698 0.980892 
699 0.980892 
700 0.980892 
701 0.980392 
702 0.980392 
703 0.980392 
704 0.980392 
705 0.980392 
706 0.980392 
707 0.980392 
708 0.981045 
709 0.981045 
710 0.981045 
711 0.981045 
712 0.981045 
713 0.981045 
714 0.981045 
715 0.981104 
716 0.981104 
717 0.981104 
718 0.981104 
719 0.981104 
720 0.981104 
721 0.981104 
722 0.980593 
723 0.980593 
724 0.980593 
725 0.980593 
726 0.980593 
727 0.980593 
728 0.980593 
729 0.980392 
730 0.980392 
731 0.980392 
732 0.980392 
733 0.980392 
734 0.980392 
735 0.980392 
736 0.980467 
737 0.980467 
738 0.980467 
739 0.980467 
740 0.980467 
741 0.980467 
742 0.980467 
743 0.980026 
744 0.980026 
745 0.980026 
746 0.980026 
747 0.980026 
748 0.980026 
749 0.980026 
750 0.979943 
751 0.979943 
752 0.979943 
753 0.979943 
754 0.979943 
755 0.979943 
756 0.979943 
757 0.979735 
758 0.979735 
759 0.979735 
760 0.979735 
761 0.979735 
762 0.979735 
763 0.979735 
764 0.979491 
765 0.979491 
766 0.979491 
767 0.979491 
768 0.979491 
769 0.979491 
770 0.979491 
771 0.979975 
772 0.979975 
773 0.979975 
774 0.979975 
775 0.979975 
776 0.979975 
777 0.979975 
778 0.979813 
779 0.979813 
780 0.979813 
781 0.979813 
782 0.979813 
783 0.979813 
784 0.979813 
785 0.979613 
786 0.979613 
787 0.979613 
788 0.979613 
789 0.979613 
790 0.979613 
791 0.979613 
792 0.979223 
793 0.979223 
794 0.979223 
795 0.979223 
796 0.979223 
797 0.979223 
798 0.979223 
799 0.978766 
800 0.978766 
801 0.978766 
802 0.978766 
803 0.978766 
804 0.978766 
805 0.978766 
806 0.977464 
807 0.977464 
808 0.977464 
809 0.977464 
810 0.977464 
811 0.977464 
812 0.977464 
813 0.977161 
814 0.977161 
815 0.977161 
816 0.977161 
817 0.977161 
818 0.977161 
819 0.977161 
820 0.976031 
821 0.976031 
822 0.976031 
823 0.976031 
824 0.976031 
825 0.976031 
826 0.976031 
827 0.975413 
828 0.975413 
829 0.975413 
830 0.975413 
831 0.975413 
832 0.975413 
833 0.975413 
834 0.975834 
835 0.975834 
836 0.975834 
837 0.975834 
838 0.975834 
839 0.975834 
840 0.975834 
841 0.975823 
842 0.975823 
843 0.975823 
844 0.975823 
845 0.975823 
846 0.975823 
847 0.975823 
848 0.975637 
849 0.975637 
850 0.975637 
851 0.975637 
852 0.975637 
853 0.975637 
854 0.975637 
855 0.975815 
856 0.975815 
857 0.975815 
858 0.975815 
859 0.975815 
860 0.975815 
861 0.975815 
862 0.975374 
863 0.975374 
864 0.975374 
865 0.975374 
866 0.975374 
867 0.975374 
868 0.975374 
869 0.975578 
870 0.975578 
871 0.975578 
872 0.975578 
873 0.975578 
874 0.975578 
875 0.975578 
876 0.975681 
877 0.975681 
878 0.975681 
879 0.975681 
880 0.975681 
881 0.975681 
882 0.975681 
883 0.976106 
884 0.976106 
885 0.976106 
886 0.976106 
887 0.976106 
888 0.976106 
889 0.976106 
890 0.975945 
891 0.975945 
892 0.975945 
893 0.975945 
894 0.975945 
895 0.975945 
896 0.975945 
897 0.975775 
898 0.975775 
899 0.975775 
900 0.975775 
901 0.975775 
902 0.975775 
903 0.975775 
904 0.975102 
905 0.975102 
906 0.975102 
907 0.975102 
908 0.975102 
909 0.975102 
910 0.975102 
911 0.975268 
912 0.975268 
913 0.975268 
914 0.975268 
915 0.975268 
916 0.975268 
917 0.975268 
918 0.975752 
919 0.975752 
920 0.975752 
921 0.975752 
922 0.975752 
923 0.975752 
924 0.975752 
925 0.975925 
926 0.975925 
927 0.975925 
928 0.975925 
929 0.975925 
930 0.975925 
931 0.975925 
932 0.975819 
933 0.975819 
934 0.975819 
935 0.975819 
936 0.975819 
937 0.975819 
938 0.975819 
939 0.976314 
940 0.976314 
941 0.976314 
942 0.976314 
943 0.976314 
944 0.976314 
945 0.976314 
946 0.976007 
947 0.976007 
948 0.976007 
949 0.976007 
950 0.976007 
951 0.976007 
952 0.976007 
953 0.976165 
954 0.976165 
955 0.976165 
956 0.976165 
957 0.976165 
958 0.976165 
959 0.976165 
960 0.976370 
961 0.976370 
962 0.976370 
963 0.976370 
964 0.976370 
965 0.976370 
966 0.976370 
967 0.976291 
968 0.976291 
969 0.976291 
970 0.976291 
971 0.976291 
972 0.976291 
973 0.976291 
974 0.975834 
975 0.975834 
976 0.975834 
977 0.975834 
978 0.975834 
979 0.975834 
980 0.975834 
981 0.975590 
982 0.975590 
983 0.975590 
984 0.975590 
985 0.975590 
986 0.975590 
987 0.975590 
988 0.976039 
989 0.976039 
990 0.976039 
991 0.976039 
992 0.976039 
993 0.976039 
994 0.976039 
995 0.975909 
996 0.975909 
997 0.975909 
998 0.975909 
999 0.975909 
1000 0.975909 
1001 0.975909 
1002 0.976417 
1003 0.976417 
1004 0.976417 
1005 0.976417 
1006 0.976417 
1007 0.976417 
1008 0.976417 
1009 0.976377 
1010 0.976377 
1011 0.976377 
1012 0.976377 
1013 0.976377 
1014 0.976377 
1015 0.976377 
1016 0.975378 
1017 0.975378 
1018 0.975378 
1019 0.975378 
1020 0.975378 
1021 0.975378 
1022 0.975378 
1023 0.975567 
1024 0.975567 
1025 0.975567 
1026 0.975567 
1027 0.975567 
1028 0.975567 
1029 0.975567 
1030 0.975496 
1031 0.975496 
1032 0.975496 
1033 0.975496 
1034 0.975496 
1035 0.975496 
1036 0.975496 
1037 0.976192 
1038 0.976192 
1039 0.976192 
1040 0.976192 
1041 0.976192 
1042 0.976192 
1043 0.976192 
1044 0.976177 
1045 0.976177 
1046 0.976177 
1047 0.976177 
1048 0.976177 
1049 0.976177 
1050 0.976177 
1051 0.976090 
1052 0.976090 
1053 0.976090 
1054 0.976090 
1055 0.976090 
1056 0.976090 
1057 0.976090 
1058 0.976114 
1059 0.976114 
1060 0.976114 
1061 0.976114 
1062 0.976114 
1063 0.976114 
1064 0.976114 
1065 0.976314 
1066 0.976314 
1067 0.976314 
1068 0.976314 
1069 0.976314 
1070 0.976314 
1071 0.976314 
1072 0.976133 
1073 0.976133 
1074 0.976133 
1075 0.976133 
1076 0.976133 
1077 0.976133 
1078 0.976133 
1079 0.976338 
1080 0.976338 
1081 0.976338 
1082 0.976338 
1083 0.976338 
1084 0.976338 
1085 0.976338 
1086 0.976472 
1087 0.976472 
1088 0.976472 
1089 0.976472 
1090 0.976472 
1091 0.976472 
1092 0.976472 
1093 0.976255 
1094 0.976255 
1095 0.976255 
1096 0.976255 
1097 0.976255 
1098 0.976255 
1099 0.976255 
1100 0.976043 
1101 0.976043 
1102 0.976043 
1103 0.976043 
1104 0.976043 
1105 0.976043 
1106 0.976043 
1107 0.975984 
1108 0.975984 
1109 0.975984 
1110 0.975984 
1111 0.975984 
1112 0.975984 
1113 0.975984 
1114 0.975744 
1115 0.975744 
1116 0.975744 
1117 0.975744 
1118 0.975744 
1119 0.975744 
1120 0.975744 
1121 0.976047 
1122 0.976047 
1123 0.976047 
1124 0.976047 
1125 0.976047 
1126 0.976047 
1127 0.976047 
1128 0.976460 
1129 0.976460 
1130 0.976460 
1131 0.976460 
1132 0.976460 
1133 0.976460 
1134 0.976460 
1135 0.976318 
1136 0.976318 
1137 0.976318 
1138 0.976318 
1139 0.976318 
1140 0.976318 
1141 0.976318 
1142 0.976271 
1143 0.976271 
1144 0.976271 
1145 0.976271 
1146 0.976271 
1147 0.976271 
1148 0.976271 
1149 0.976574 
1150 0.976574 
1151 0.976574 
1152 0.976574 
1153 0.976574 
1154 0.976574 
1155 0.976574 
1156 0.976397 
1157 0.976397 
1158 0.976397 
1159 0.976397 
1160 0.976397 
1161 0.976397 
1162 0.976397 
1163 0.976421 
1164 0.976421 
1165 0.976421 
1166 0.976421 
1167 0.976421 
1168 0.976421 
1169 0.976421 
1170 0.976440 
1171 0.976440 
1172 0.976440 
1173 0.976440 
1174 0.976440 
1175 0.976440 
1176 0.976440 
1177 0.976708 
1178 0.976708 
1179 0.976708 
1180 0.976708 
1181 0.976708 
1182 0.976708 
1183 0.976708 
1184 0.976393 
1185 0.976393 
1186 0.976393 
1187 0.976393 
1188 0.976393 
1189 0.976393 
1190 0.976393 
1191 0.975712 
1192 0.975712 
1193 0.975712 
1194 0.975712 
1195 0.975712 
1196 0.975712 
1197 0.975712 
1198 0.976188 
1199 0.976188 
1200 0.976188 
1201 0.976188 
1202 0.976188 
1203 0.976188 
1204 0.976188 
1205 0.976137 
1206 0.976137 
1207 0.976137 
1208 0.976137 
1209 0.976137 
1210 0.976137 
1211 0.976137 
1212 0.975988 
1213 0.975988 
1214 0.975988 
1215 0.975988 
1216 0.975988 
1217 0.975988 
1218 0.975988 
1219 0.975791 
1220 0.975791 
1221 0.975791 
1222 0.975791 
1223 0.975791 
1224 0.975791 
1225 0.975791 
1226 0.975905 
1227 0.975905 
1228 0.975905 
1229 0.975905 
1230 0.975905 
1231 0.975905 
1232 0.975905 
1233 0.976094 
1234 0.976094 
1235 0.976094 
1236 0.976094 
1237 0.976094 
1238 0.976094 
1239 0.976094 
1240 0.975712 
1241 0.975712 
1242 0.975712 
1243 0.975712 
1244 0.975712 
1245 0.975712 
1246 0.975712 
1247 0.975795 
1248 0.975795 
1249 0.975795 
1250 0.975795 
1251 0.975795 
1252 0.975795 
1253 0.975795 
1254 0.975429 
1255 0.975429 
1256 0.975429 
1257 0.975429 
1258 0.975429 
1259 0.975429 
1260 0.975429 
1261 0.975488 
1262 0.975488 
1263 0.975488 
1264 0.975488 
1265 0.975488 
1266 0.975488 
1267 0.975488 
1268 0.975992 
1269 0.975992 
1270 0.975992 
1271 0.975992 
1272 0.975992 
1273 0.975992 
1274 0.975992 
1275 0.975976 
1276 0.975976 
1277 0.975976 
1278 0.975976 
1279 0.975976 
1280 0.975976 
1281 0.975976 
1282 0.976220 
1283 0.976220 
1284 0.976220 
1285 0.976220 
1286 0.976220 
1287 0.976220 
1288 0.976220 
1289 0.976027 
1290 0.976027 
1291 0.976027 
1292 0.976027 
1293 0.976027 
1294 0.976027 
1295 0.976027 
1296 0.975929 
1297 0.975929 
1298 0.975929 
1299 0.975929 
1300 0.975929 
1301 0.975929 
1302 0.975929 
1303 0.976310 
1304 0.976310 
1305 0.976310 
1306 0.976310 
1307 0.976310 
1308 0.976310 
1309 0.976310 
1310 0.976629 
1311 0.976629 
1312 0.976629 
1313 0.976629 
1314 0.976629 
1315 0.976629 
1316 0.976629 
1317 0.976968 
1318 0.976968 
1319 0.976968 
1320 0.976968 
1321 0.976968 
1322 0.976968 
1323 0.976968 
1324 0.976645 
1325 0.976645 
1326 0.976645 
1327 0.976645 
1328 0.976645 
1329 0.976645 
1330 0.976645 
1331 0.976940 
1332 0.976940 
1333 0.976940 
1334 0.976940 
1335 0.976940 
1336 0.976940 
1337 0.976940 
1338 0.976917 
1339 0.976917 
1340 0.976917 
1341 0.976917 
1342 0.976917 
1343 0.976917 
1344 0.976917 
1345 0.976621 
1346 0.976621 
1347 0.976621 
1348 0.976621 
1349 0.976621 
1350 0.976621 
1351 0.976621 
1352 0.976574 
1353 0.976574 
1354 0.976574 
1355 0.976574 
1356 0.976574 
1357 0.976574 
1358 0.976574 
1359 0.976799 
1360 0.976799 
1361 0.976799 
1362 0.976799 
1363 0.976799 
1364 0.976799 
1365 0.976799 
1366 0.976795 
1367 0.976795 
1368 0.976795 
1369 0.976795 
1370 0.976795 
1371 0.976795 
1372 0.976795 
1373 0.976999 
1374 0.976999 
1375 0.976999 
1376 0.976999 
1377 0.976999 
1378 0.976999 
1379 0.976999 
1380 0.977188 
1381 0.977188 
1382 0.977188 
1383 0.977188 
1384 0.977188 
1385 0.977188 
1386 0.977188 
1387 0.976787 
1388 0.976787 
1389 0.976787 
1390 0.976787 
1391 0.976787 
1392 0.976787 
1393 0.976787 
1394 0.976818 
1395 0.976818 
1396 0.976818 
1397 0.976818 
1398 0.976818 
1399 0.976818 
1400 0.976818 
1401 0.977546 
1402 0.977546 
1403 0.977546 
1404 0.977546 
1405 0.977546 
1406 0.977546 
1407 0.977546 
1408 0.977723 
1409 0.977723 
1410 0.977723 
1411 0.977723 
1412 0.977723 
1413 0.977723 
1414 0.977723 
1415 0.977354 
1416 0.977354 
1417 0.977354 
1418 0.977354 
1419 0.977354 
1420 0.977354 
1421 0.977354 
1422 0.977535 
1423 0.977535 
1424 0.977535 
1425 0.977535 
1426 0.977535 
1427 0.977535 
1428 0.977535 
1429 0.977491 
1430 0.977491 
1431 0.977491 
1432 0.977491 
1433 0.977491 
1434 0.977491 
1435 0.977491 
1436 0.976629 
1437 0.976629 
1438 0.976629 
1439 0.976629 
1440 0.976629 
1441 0.976629 
1442 0.976629 
1443 0.976555 
1444 0.976555 
1445 0.976555 
1446 0.976555 
1447 0.976555 
1448 0.976555 
1449 0.976555 
1450 0.976909 
1451 0.976909 
1452 0.976909 
1453 0.976909 
1454 0.976909 
1455 0.976909 
1456 0.976909 
1457 0.976877 
1458 0.976877 
1459 0.976877 
1460 0.976877 
1461 0.976877 
1462 0.976877 
1463 0.976877 
1464 0.977570 
1465 0.977570 
1466 0.977570 
1467 0.977570 
1468 0.977570 
1469 0.977570 
1470 0.977570 
1471 0.978574 
1472 0.978574 
1473 0.978574 
1474 0.978574 
1475 0.978574 
1476 0.978574 
1477 0.978574 
1478 0.978873 
1479 0.978873 
1480 0.978873 
1481 0.978873 
1482 0.978873 
1483 0.978873 
1484 0.978873 
1485 0.978330 
1486 0.978330 
1487 0.978330 
1488 0.978330 
1489 0.978330 
1490 0.978330 
1491 0.978330 
1492 0.979054 
1493 0.979054 
1494 0.979054 
1495 0.979054 
1496 0.979054 
1497 0.979054 
1498 0.979054 
1499 0.979990 
1500 0.979990 
1501 0.979990 
1502 0.979990 
1503 0.979990 
1504 0.979990 
1505 0.979990 
1506 0.983442 
1507 0.983442 
1508 0.983442 
1509 0.983442 
1510 0.983442 
1511 0.983442 
1512 0.983442 
1513 0.984769 
1514 0.984769 
1515 0.984769 
1516 0.984769 
1517 0.984769 
1518 0.984769 
1519 0.984769 
1520 0.986980 
1521 0.986980 
1522 0.986980 
1523 0.986980 
1524 0.986980 
1525 0.986980 
1526 0.986980 
1527 0.987921 
1528 0.987921 
1529 0.987921 
1530 0.987921 
1531 0.987921 
1532 0.987921 
1533 0.987921 
1534 0.987760 
1535 0.987760 
1536 0.987760 
1537 0.987760 
1538 0.987760 
1539 0.987760 
1540 0.987760 
1541 0.986276 
1542 0.986276 
1543 0.986276 
1544 0.986276 
1545 0.986276 
1546 0.986276 
1547 0.986276 
1548 0.985642 
1549 0.985642 
1550 0.985642 
1551 0.985642 
1552 0.985642 
1553 0.985642 
1554 0.985642 
1555 0.986185 
1556 0.986185 
1557 0.986185 
1558 0.986185 
1559 0.986185 
1560 0.986185 
1561 0.986185 
1562 0.985678 
1563 0.985678 
1564 0.985678 
1565 0.985678 
1566 0.985678 
1567 0.985678 
1568 0.985678 
1569 0.984186 
1570 0.984186 
1571 0.984186 
1572 0.984186 
1573 0.984186 
1574 0.984186 
1575 0.984186 
1576 0.983403 
1577 0.983403 
1578 0.983403 
1579 0.983403 
1580 0.983403 
1581 0.983403 
1582 0.983403 
1583 0.984879 
1584 0.984879 
1585 0.984879 
1586 0.984879 
1587 0.984879 
1588 0.984879 
1589 0.984879 
1590 0.983045 
1591 0.983045 
1592 0.983045 
1593 0.983045 
1594 0.983045 
1595 0.983045 
1596 0.983045 
1597 0.984198 
1598 0.984198 
1599 0.984198 
1600 0.984198 
1601 0.984198 
1602 0.984198 
1603 0.984198 
1604 0.984749 
1605 0.984749 
1606 0.984749 
1607 0.984749 
1608 0.984749 
1609 0.984749 
1610 0.984749 
1611 0.987901 
1612 0.987901 
1613 0.987901 
1614 0.987901 
1615 0.987901 
1616 0.987901 
1617 0.987901 
1618 0.988933 
1619 0.988933 
1620 0.988933 
1621 0.988933 
1622 0.988933 
1623 0.988933 
1624 0.988933 
1625 0.988877 
1626 0.988877 
1627 0.988877 
1628 0.988877 
1629 0.988877 
1630 0.988877 
1631 0.988877 
1632 0.989401 
1633 0.989401 
1634 0.989401 
1635 0.989401 
1636 0.989401 
1637 0.989401 
1638 0.989401 
1639 0.989775 
1640 0.989775 
1641 0.989775 
1642 0.989775 
1643 0.989775 
1644 0.989775 
1645 0.989775 
1646 0.990074 
1647 0.990074 
1648 0.990074 
1649 0.990074 
1650 0.990074 
1651 0.990074 
1652 0.990074 
1653 0.989751 
1654 0.989751 
1655 0.989751 
1656 0.989751 
1657 0.989751 
1658 0.989751 
1659 0.989751 
1660 0.988724 
1661 0.988724 
1662 0.988724 
1663 0.988724 
1664 0.988724 
1665 0.988724 
1666 0.988724 
1667 0.987531 
1668 0.987531 
1669 0.987531 
1670 0.987531 
1671 0.987531 
1672 0.987531 
1673 0.987531 
1674 0.986272 
1675 0.986272 
1676 0.986272 
1677 0.986272 
1678 0.986272 
1679 0.986272 
1680 0.986272 
1681 0.981915 
1682 0.981915 
1683 0.981915 
1684 0.981915 
1685 0.981915 
1686 0.981915 
1687 0.981915 
1688 0.977169 
1689 0.977169 
1690 0.977169 
1691 0.977169 
1692 0.977169 
1693 0.977169 
1694 0.977169 
1695 0.974732 
1696 0.974732 
1697 0.974732 
1698 0.974732 
1699 0.974732 
1700 0.974732 
1701 0.974732 
1702 0.977334 
1703 0.977334 
1704 0.977334 
1705 0.977334 
1706 0.977334 
1707 0.977334 
1708 0.977334 
1709 0.975311 
1710 0.975311 
1711 0.975311 
1712 0.975311 
1713 0.975311 
1714 0.975311 
1715 0.975311 
1716 0.969443 
1717 0.969443 
1718 0.969443 
1719 0.969443 
1720 0.969443 
1721 0.969443 
1722 0.969443 
1723 0.965298 
1724 0.965298 
1725 0.965298 
1726 0.965298 
1727 0.965298 
1728 0.965298 
1729 0.965298 
1730 0.971446 
1731 0.971446 
1732 0.971446 
1733 0.971446 
1734 0.971446 
1735 0.971446 
1736 0.971446 
1737 0.935083 
1738 0.935083 
1739 0.935083 
1740 0.935083 
1741 0.935083 
1742 0.935083 
1743 0.935083 
1744 0.903062 
1745 0.903062 
1746 0.903062 
1747 0.903062 
1748 0.903062 
1749 0.903062 
1750 0.903062 
1751 0.760382 
1752 0.760382 
1753 0.760382 
1754 0.760382 
1755 0.760382 
1756 0.760382 
1757 0.760382 
1758 0.696118 
1759 0.696118 
1760 0.696118 
1761 0.696118 
1762 0.696118 
1763 0.696118 
1764 0.696118 
1765 0.685877 
1766 0.685877 
1767 0.685877 
1768 0.685877 
1769 0.685877 
1770 0.685877 
1771 0.685877 
1772 0.771433 
1773 0.771433 
1774 0.771433 
1775 0.771433 
1776 0.771433 
1777 0.771433 
1778 0.771433 
1779 0.843072 
1780 0.843072 
1781 0.843072 
1782 0.843072 
1783 0.843072 
1784 0.843072 
1785 0.843072 
1786 0.811563 
1787 0.811563 
1788 0.811563 
1789 0.811563 
1790 0.811563 
1791 0.811563 
1792 0.811563 
1793 0.763971 
1794 0.763971 
1795 0.763971 
1796 0.763971 
1797 0.763971 
1798 0.763971 
1799 0.763971 
1800 0.746787 
1801 0.746787 
1802 0.746787 
1803 0.746787 
1804 0.746787 
1805 0.746787 
1806 0.746787 
1807 0.777762 
1808 0.777762 
1809 0.777762 
1810 0.777762 
1811 0.777762 
1812 0.777762 
1813 0.777762 
1814 0.744768 
1815 0.744768 
1816 0.744768 
1817 0.744768 
1818 0.744768 
1819 0.744768 
1820 0.744768 
1821 0.739274 
1822 0.739274 
1823 0.739274 
1824 0.739274 
1825 0.739274 
1826 0.739274 
1827 0.739274 
1828 0.727593 
1829 0.727593 
1830 0.727593 
1831 0.727593 
1832 0.727593 
1833 0.727593 
1834 0.727593 
1835 0.667950 
1836 0.667950 
1837 0.667950 
1838 0.667950 
1839 0.667950 
1840 0.667950 
1841 0.667950 
1842 0.630701 
1843 0.630701 
1844 0.630701 
1845 0.630701 
1846 0.630701 
1847 0.630701 
1848 0.630701 
1849 0.574613 
1850 0.574613 
1851 0.574613 
1852 0.574613 
1853 0.574613 
1854 0.574613 
1855 0.574613 
1856 0.567938 
1857 0.567938 
1858 0.567938 
1859 0.567938 
1860 0.567938 
1861 0.567938 
1862 0.567938 
1863 0.620878 
1864 0.620878 
1865 0.620878 
1866 0.620878 
1867 0.620878 
1868 0.620878 
1869 0.620878 
1870 0.663333 
1871 0.663333 
1872 0.663333 
1873 0.663333 
1874 0.663333 
1875 0.663333 
1876 0.663333 
1877 0.726286 
1878 0.726286 
1879 0.726286 
1880 0.726286 
1881 0.726286 
1882 0.726286 
1883 0.726286 
1884 0.661869 
1885 0.661869 
1886 0.661869 
1887 0.661869 
1888 0.661869 
1889 0.661869 
1890 0.661869 
1891 0.630674 
1892 0.630674 
1893 0.630674 
1894 0.630674 
1895 0.630674 
1896 0.630674 
1897 0.630674 
1898 0.642627 
1899 0.642627 
1900 0.642627 
1901 0.642627 
1902 0.642627 
1903 0.642627 
1904 0.642627 
1905 0.750353 
1906 0.750353 
1907 0.750353 
1908 0.750353 
1909 0.750353 
1910 0.750353 
1911 0.750353 
1912 0.834319 
1913 0.834319 
1914 0.834319 
1915 0.834319 
1916 0.834319 
1917 0.834319 
1918 0.834319 
1919 0.863716 
1920 0.863716 
1921 0.863716 
1922 0.863716 
1923 0.863716 
1924 0.863716 
1925 0.863716 
1926 0.709212 
1927 0.709212 
1928 0.709212 
1929 0.709212 
1930 0.709212 
1931 0.709212 
1932 0.709212 
1933 0.479524 
1934 0.479524 
1935 0.479524 
1936 0.479524 
1937 0.479524 
1938 0.479524 
1939 0.479524 
1940 0.371247 
1941 0.371247 
1942 0.371247 
1943 0.371247 
1944 0.371247 
1945 0.371247 
1946 0.371247 
1947 0.326414 
1948 0.326414 
1949 0.326414 
1950 0.326414 
1951 0.326414 
1952 0.326414 
1953 0.326414 
1954 0.255066 
1955 0.255066 
1956 0.255066 
1957 0.255066 
1958 0.255066 
1959 0.255066 
1960 0.255066 
1961 0.154208 
1962 0.154208 
1963 0.154208 
1964 0.154208 
1965 0.154208 
1966 0.154208 
1967 0.154208 
1968 0.128492 
1969 0.128492 
1970 0.128492 
1971 0.128492 
1972 0.128492 
1973 0.128492 
1974 0.128492 
1975 0.105365 
1976 0.105365 
1977 0.105365 
1978 0.105365 
1979 0.105365 
1980 0.105365 
1981 0.105365 
1982 0.092892 
1983 0.092892 
1984 0.092892 
1985 0.092892 
1986 0.092892 
1987 0.092892 
1988 0.092892 
1989 0.076079 
1990 0.076079 
1991 0.076079 
1992 0.076079 
1993 0.076079 
1994 0.076079 
1995 0.076079 
1996 0.075768 
1997 0.075768 
1998 0.075768 
1999 0.075768 
2000 0.075768 
2001 0.075768 
2002 0.075768 
2003 0.160108 
2004 0.160108 
2005 0.160108 
2006 0.160108 
2007 0.160108 
2008 0.160108 
2009 0.160108 
2010 0.400710 
2011 0.400710 
2012 0.400710 
2013 0.400710 
2014 0.400710 
2015 0.400710 
2016 0.400710 
2017 0.591407 
2018 0.591407 
2019 0.591407 
2020 0.591407 
2021 0.591407 
2022 0.591407 
2023 0.591407 
2024 0.832839 
2025 0.832839 
2026 0.832839 
2027 0.832839 
2028 0.832839 
2029 0.832839 
2030 0.832839 
2031 0.903420 
2032 0.903420 
2033 0.903420 
2034 0.903420 
2035 0.903420 
2036 0.903420 
2037 0.903420 
2038 0.940558 
2039 0.940558 
2040 0.940558 
2041 0.940558 
2042 0.940558 
2043 0.940558 
2044 0.940558 
2045 0.547168 
2046 0.547168 
2047 0.547168 
2048 0.547168 
2049 0.547168 
2050 0.547168 
2051 0.547168 
2052 0.391181 
2053 0.391181 
2054 0.391181 
2055 0.391181 
2056 0.391181 
2057 0.391181 
2058 0.391181 
2059 0.288611 
2060 0.288611 
2061 0.288611 
2062 0.288611 
2063 0.288611 
2064 0.288611 
2065 0.288611 
2066 0.187166 
2067 0.187166 
2068 0.187166 
2069 0.187166 
2070 0.187166 
2071 0.187166 
2072 0.187166 
2073 0.117353 
2074 0.117353 
2075 0.117353 
2076 0.117353 
2077 0.117353 
2078 0.117353 
2079 0.117353 
2080 0.093538 
2081 0.093538 
2082 0.093538 
2083 0.093538 
2084 0.093538 
2085 0.093538 
2086 0.093538 
2087 0.084462 
2088 0.084462 
2089 0.084462 
2090 0.084462 
2091 0.084462 
2092 0.084462 
2093 0.084462 
2094 0.084970 
2095 0.084970 
2096 0.084970 
2097 0.084970 
2098 0.084970 
2099 0.084970 
2100 0.084970 
2101 0.090881 
2102 0.090881 
2103 0.090881 
2104 0.090881 
2105 0.090881 
2106 0.090881 
2107 0.090881 
2108 0.145990 
2109 0.145990 
2110 0.145990 
2111 0.145990 
2112 0.145990 
2113 0.145990 
2114 0.145990 
2115 0.369645 
2116 0.369645 
2117 0.369645 
2118 0.369645 
2119 0.369645 
2120 0.369645 
2121 0.369645 
2122 0.918088 
2123 0.918088 
2124 0.918088 
2125 0.918088 
2126 0.918088 
2127 0.918088 
2128 0.918088 
2129 0.984922 
2130 0.984922 
2131 0.984922 
2132 0.984922 
2133 0.984922 
2134 0.984922 
2135 0.984922 
2136 0.991341 
2137 0.991341 
2138 0.991341 
2139 0.991341 
2140 0.991341 
2141 0.991341 
2142 0.991341 
2143 0.993711 
2144 0.993711 
2145 0.993711 
2146 0.993711 
2147 0.993711 
2148 0.993711 
2149 0.993711 
2150 0.993659 
2151 0.993659 
2152 0.993659 
2153 0.993659 
2154 0.993659 
2155 0.993659 
2156 0.993659 
2157 0.985520 
2158 0.985520 
2159 0.985520 
2160 0.985520 
2161 0.985520 
2162 0.985520 
2163 0.985520 
2164 0.939743 
2165 0.939743 
2166 0.939743 
2167 0.939743 
2168 0.939743 
2169 0.939743 
2170 0.939743 
2171 0.939668 
2172 0.939668 
2173 0.939668 
2174 0.939668 
2175 0.939668 
2176 0.939668 
2177 0.939668 
2178 0.696484 
2179 0.696484 
2180 0.696484 
2181 0.696484 
2182 0.696484 
2183 0.696484 
2184 0.696484 
2185 0.154448 
2186 0.154448 
2187 0.154448 
2188 0.154448 
2189 0.154448 
2190 0.154448 
2191 0.154448 
2192 0.115153 
2193 0.115153 
2194 0.115153 
2195 0.115153 
2196 0.115153 
2197 0.115153 
2198 0.115153 
2199 0.093014 
2200 0.093014 
2201 0.093014 
2202 0.093014 
2203 0.093014 
2204 0.093014 
2205 0.093014 
2206 0.091082 
2207 0.091082 
2208 0.091082 
2209 0.091082 
2210 0.091082 
2211 0.091082 
2212 0.091082 
2213 0.109549 
2214 0.109549 
2215 0.109549 
2216 0.109549 
2217 0.109549 
2218 0.109549 
2219 0.109549 
2220 0.107876 
2221 0.107876 
2222 0.107876 
2223 0.107876 
2224 0.107876 
2225 0.107876 
2226 0.107876 
2227 0.110005 
2228 0.110005 
2229 0.110005 
2230 0.110005 
2231 0.110005 
2232 0.110005 
2233 0.110005 
2234 0.112894 
2235 0.112894 
2236 0.112894 
2237 0.112894 
2238 0.112894 
2239 0.112894 
2240 0.112894 
2241 0.104786 
2242 0.104786 
2243 0.104786 
2244 0.104786 
2245 0.104786 
2246 0.104786 
2247 0.104786 
2248 0.109273 
2249 0.109273 
2250 0.109273 
2251 0.109273 
2252 0.109273 
2253 0.109273 
2254 0.109273 
2255 0.114559 
2256 0.114559 
2257 0.114559 
2258 0.114559 
2259 0.114559 
2260 0.114559 
2261 0.114559 
2262 0.110588 
2263 0.110588 
2264 0.110588 
2265 0.110588 
2266 0.110588 
2267 0.110588 
2268 0.110588 
2269 0.139472 
2270 0.139472 
2271 0.139472 
2272 0.139472 
2273 0.139472 
2274 0.139472 
2275 0.139472 
2276 0.229559 
2277 0.229559 
2278 0.229559 
2279 0.229559 
2280 0.229559 
2281 0.229559 
2282 0.229559 
2283 0.270380 
2284 0.270380 
2285 0.270380 
2286 0.270380 
2287 0.270380 
2288 0.270380 
2289 0.270380 
2290 0.327985 
2291 0.327985 
2292 0.327985 
2293 0.327985 
2294 0.327985 
2295 0.327985 
2296 0.327985 
2297 0.298494 
2298 0.298494 
2299 0.298494 
2300 0.298494 
2301 0.298494 
2302 0.298494 
2303 0.298494 
2304 0.276930 
2305 0.276930 
2306 0.276930 
2307 0.276930 
2308 0.276930 
2309 0.276930 
2310 0.276930 
2311 0.251441 
2312 0.251441 
2313 0.251441 
2314 0.251441 
2315 0.251441 
2316 0.251441 
2317 0.251441 
2318 0.228024 
2319 0.228024 
2320 0.228024 
2321 0.228024 
2322 0.228024 
2323 0.228024 
2324 0.228024 
2325 0.182144 
2326 0.182144 
2327 0.182144 
2328 0.182144 
2329 0.182144 
2330 0.182144 
2331 0.182144 
2332 0.157561 
2333 0.157561 
2334 0.157561 
2335 0.157561 
2336 0.157561 
2337 0.157561 
2338 0.157561 
2339 0.160926 
2340 0.160926 
2341 0.160926 
2342 0.160926 
2343 0.160926 
2344 0.160926 
2345 0.160926 
2346 0.143188 
2347 0.143188 
2348 0.143188 
2349 0.143188 
2350 0.143188 
2351 0.143188 
2352 0.143188 
2353 0.173729 
2354 0.173729 
2355 0.173729 
2356 0.173729 
2357 0.173729 
2358 0.173729 
2359 0.173729 
2360 0.157333 
2361 0.157333 
2362 0.157333 
2363 0.157333 
2364 0.157333 
2365 0.157333 
2366 0.157333 
2367 0.140047 
2368 0.140047 
2369 0.140047 
2370 0.140047 
2371 0.140047 
2372 0.140047 
2373 0.140047 
2374 0.129228 
2375 0.129228 
2376 0.129228 
2377 0.129228 
2378 0.129228 
2379 0.129228 
2380 0.129228 
2381 0.113158 
2382 0.113158 
2383 0.113158 
2384 0.113158 
2385 0.113158 
2386 0.113158 
2387 0.113158 
2388 0.295278 
2389 0.295278 
2390 0.295278 
2391 0.295278 
2392 0.295278 
2393 0.295278 
2394 0.295278 
2395 0.417288 
2396 0.417288 
2397 0.417288 
2398 0.417288 
2399 0.417288 
2400 0.417288 
2401 0.417288 
2402 0.638427 
2403 0.638427 
2404 0.638427 
2405 0.638427 
2406 0.638427 
2407 0.638427 
2408 0.638427 
2409 0.594862 
2410 0.594862 
2411 0.594862 
2412 0.594862 
2413 0.594862 
2414 0.594862 
2415 0.594862 
2416 0.164555 
2417 0.164555 
2418 0.164555 
2419 0.164555 
2420 0.164555 
2421 0.164555 
2422 0.164555 
2423 0.077161 
2424 0.077161 
2425 0.077161 
2426 0.077161 
2427 0.077161 
2428 0.077161 
2429 0.077161 
2430 0.089330 
2431 0.089330 
2432 0.089330 
2433 0.089330 
2434 0.089330 
2435 0.089330 
2436 0.089330 
2437 0.244979 
2438 0.244979 
2439 0.244979 
2440 0.244979 
2441 0.244979 
2442 0.244979 
2443 0.244979 
2444 0.247915 
2445 0.247915 
2446 0.247915 
2447 0.247915 
2448 0.247915 
2449 0.247915 
2450 0.247915 
2451 0.223057 
2452 0.223057 
2453 0.223057 
2454 0.223057 
2455 0.223057 
2456 0.223057 
2457 0.223057 
2458 0.178248 
2459 0.178248 
2460 0.178248 
2461 0.178248 
2462 0.178248 
2463 0.178248 
2464 0.178248 
2465 0.141303 
2466 0.141303 
2467 0.141303 
2468 0.141303 
2469 0.141303 
2470 0.141303 
2471 0.141303 
2472 0.128236 
2473 0.128236 
2474 0.128236 
2475 0.128236 
2476 0.128236 
2477 0.128236 
2478 0.128236 
2479 0.170490 
2480 0.170490 
2481 0.170490 
2482 0.170490 
2483 0.170490 
2484 0.170490 
2485 0.170490 
2486 0.169924 
2487 0.169924 
2488 0.169924 
2489 0.169924 
2490 0.169924 
2491 0.169924 
2492 0.169924 
2493 0.149827 
2494 0.149827 
2495 0.149827 
2496 0.149827 
2497 0.149827 
2498 0.149827 
2499 0.149827 
2500 0.145293 
2501 0.145293 
2502 0.145293 
2503 0.145293 
2504 0.145293 
2505 0.145293 
2506 0.145293 
2507 0.147053 
2508 0.147053 
2509 0.147053 
2510 0.147053 
2511 0.147053 
2512 0.147053 
2513 0.147053 
2514 0.258982 
2515 0.258982 
2516 0.258982 
2517 0.258982 
2518 0.258982 
2519 0.258982 
2520 0.258982 
2521 0.285592 
2522 0.285592 
2523 0.285592 
2524 0.285592 
2525 0.285592 
2526 0.285592 
2527 0.285592 
2528 0.313489 
2529 0.313489 
2530 0.313489 
2531 0.313489 
2532 0.313489 
2533 0.313489 
2534 0.313489 
2535 0.288540 
2536 0.288540 
2537 0.288540 
2538 0.288540 
2539 0.288540 
2540 0.288540 
2541 0.288540 
2542 0.207349 
2543 0.207349 
2544 0.207349 
2545 0.207349 
2546 0.207349 
2547 0.207349 
2548 0.207349 
2549 0.141003 
2550 0.141003 
2551 0.141003 
2552 0.141003 
2553 0.141003 
2554 0.141003 
2555 0.141003 
2556 0.126878 
2557 0.126878 
2558 0.126878 
2559 0.126878 
2560 0.126878 
2561 0.126878 
2562 0.126878 
2563 0.169546 
2564 0.169546 
2565 0.169546 
2566 0.169546 
2567 0.169546 
2568 0.169546 
2569 0.169546 
2570 0.172297 
2571 0.172297 
2572 0.172297 
2573 0.172297 
2574 0.172297 
2575 0.172297 
2576 0.172297 
2577 0.178496 
2578 0.178496 
2579 0.178496 
2580 0.178496 
2581 0.178496 
2582 0.178496 
2583 0.178496 
2584 0.182365 
2585 0.182365 
2586 0.182365 
2587 0.182365 
2588 0.182365 
2589 0.182365 
2590 0.182365 
2591 0.184970 
2592 0.184970 
2593 0.184970 
2594 0.184970 
2595 0.184970 
2596 0.184970 
2597 0.184970 
2598 0.190165 
2599 0.190165 
2600 0.190165 
2601 0.190165 
2602 0.190165 
2603 0.190165 
2604 0.190165 
2605 0.200072 
2606 0.200072 
2607 0.200072 
2608 0.200072 
2609 0.200072 
2610 0.200072 
2611 0.200072 
2612 0.216669 
2613 0.216669 
2614 0.216669 
2615 0.216669 
2616 0.216669 
2617 0.216669 
2618 0.216669 
2619 0.223883 
2620 0.223883 
2621 0.223883 
2622 0.223883 
2623 0.223883 
2624 0.223883 
2625 0.223883 
2626 0.258262 
2627 0.258262 
2628 0.258262 
2629 0.258262 
2630 0.258262 
2631 0.258262 
2632 0.258262 
2633 0.322604 
2634 0.322604 
2635 0.322604 
2636 0.322604 
2637 0.322604 
2638 0.322604 
2639 0.322604 
2640 0.356023 
2641 0.356023 
2642 0.356023 
2643 0.356023 
2644 0.356023 
2645 0.356023 
2646 0.356023 
2647 0.475179 
2648 0.475179 
2649 0.475179 
2650 0.475179 
2651 0.475179 
2652 0.475179 
2653 0.475179 
2654 0.681115 
2655 0.681115 
2656 0.681115 
2657 0.681115 
2658 0.681115 
2659 0.681115 
2660 0.681115 
2661 0.754143 
2662 0.754143 
2663 0.754143 
2664 0.754143 
2665 0.754143 
2666 0.754143 
2667 0.754143 
2668 0.728301 
2669 0.728301 
2670 0.728301 
2671 0.728301 
2672 0.728301 
2673 0.728301 
2674 0.728301 
2675 0.661841 
2676 0.661841 
2677 0.661841 
2678 0.661841 
2679 0.661841 
2680 0.661841 
2681 0.661841 
2682 0.425537 
2683 0.425537 
2684 0.425537 
2685 0.425537 
2686 0.425537 
2687 0.425537 
2688 0.425537 
2689 0.275403 
2690 0.275403 
2691 0.275403 
2692 0.275403 
2693 0.275403 
2694 0.275403 
2695 0.275403 
2696 0.259242 
2697 0.259242 
2698 0.259242 
2699 0.259242 
2700 0.259242 
2701 0.259242 
2702 0.259242 
2703 0.239563 
2704 0.239563 
2705 0.239563 
2706 0.239563 
2707 0.239563 
2708 0.239563 
2709 0.239563 
2710 0.223804 
2711 0.223804 
2712 0.223804 
2713 0.223804 
2714 0.223804 
2715 0.223804 
2716 0.223804 
2717 0.215161 
2718 0.215161 
2719 0.215161 
2720 0.215161 
2721 0.215161 
2722 0.215161 
2723 0.215161 
2724 0.178543 
2725 0.178543 
2726 0.178543 
2727 0.178543 
2728 0.178543 
2729 0.178543 
2730 0.178543 
2731 0.219392 
2732 0.219392 
2733 0.219392 
2734 0.219392 
2735 0.219392 
2736 0.219392 
2737 0.219392 
2738 0.279480 
2739 0.279480 
2740 0.279480 
2741 0.279480 
2742 0.279480 
2743 0.279480 
2744 0.279480 
2745 0.288194 
2746 0.288194 
2747 0.288194 
2748 0.288194 
2749 0.288194 
2750 0.288194 
2751 0.288194 
2752 0.310116 
2753 0.310116 
2754 0.310116 
2755 0.310116 
2756 0.310116 
2757 0.310116 
2758 0.310116 
2759 0.319176 
2760 0.319176 
2761 0.319176 
2762 0.319176 
2763 0.319176 
2764 0.319176 
2765 0.319176 
2766 0.358727 
2767 0.358727 
2768 0.358727 
2769 0.358727 
2770 0.358727 
2771 0.358727 
2772 0.358727 
2773 0.359790 
2774 0.359790 
2775 0.359790 
2776 0.359790 
2777 0.359790 
2778 0.359790 
2779 0.359790 
2780 0.368397 
2781 0.368397 
2782 0.368397 
2783 0.368397 
2784 0.368397 
2785 0.368397 
2786 0.368397 
2787 0.411742 
2788 0.411742 
2789 0.411742 
2790 0.411742 
2791 0.411742 
2792 0.411742 
2793 0.411742 
2794 0.416335 
2795 0.416335 
2796 0.416335 
2797 0.416335 
2798 0.416335 
2799 0.416335 
2800 0.416335 
2801 0.424313 
2802 0.424313 
2803 0.424313 
2804 0.424313 
2805 0.424313 
2806 0.424313 
2807 0.424313 
2808 0.434239 
2809 0.434239 
2810 0.434239 
2811 0.434239 
2812 0.434239 
2813 0.434239 
2814 0.434239 
2815 0.452391 
2816 0.452391 
2817 0.452391 
2818 0.452391 
2819 0.452391 
2820 0.452391 
2821 0.452391 
2822 0.459448 
2823 0.459448 
2824 0.459448 
2825 0.459448 
2826 0.459448 
2827 0.459448 
2828 0.459448 
2829 0.469909 
2830 0.469909 
2831 0.469909 
2832 0.469909 
2833 0.469909 
2834 0.469909 
2835 0.469909 
2836 0.452363 
2837 0.452363 
2838 0.452363 
2839 0.452363 
2840 0.452363 
2841 0.452363 
2842 0.452363 
2843 0.453284 
2844 0.453284 
2845 0.453284 
2846 0.453284 
2847 0.453284 
2848 0.453284 
2849 0.453284 
2850 0.458165 
2851 0.458165 
2852 0.458165 
2853 0.458165 
2854 0.458165 
2855 0.458165 
2856 0.458165 
2857 0.475647 
2858 0.475647 
2859 0.475647 
2860 0.475647 
2861 0.475647 
2862 0.475647 
2863 0.475647 
2864 0.490281 
2865 0.490281 
2866 0.490281 
2867 0.490281 
2868 0.490281 
2869 0.490281 
2870 0.490281 
2871 0.494720 
2872 0.494720 
2873 0.494720 
2874 0.494720 
2875 0.494720 
2876 0.494720 
2877 0.494720 
2878 0.491930 
2879 0.491930 
2880 0.491930 
2881 0.491930 
2882 0.491930 
2883 0.491930 
2884 0.491930 
2885 0.498483 
2886 0.498483 
2887 0.498483 
2888 0.498483 
2889 0.498483 
2890 0.498483 
2891 0.498483 
2892 0.486404 
2893 0.486404 
2894 0.486404 
2895 0.486404 
2896 0.486404 
2897 0.486404 
2898 0.486404 
2899 0.479701 
2900 0.479701 
2901 0.479701 
2902 0.479701 
2903 0.479701 
2904 0.479701 
2905 0.479701 
2906 0.474943 
2907 0.474943 
2908 0.474943 
2909 0.474943 
2910 0.474943 
2911 0.474943 
2912 0.474943 
2913 0.481390 
2914 0.481390 
2915 0.481390 
2916 0.481390 
2917 0.481390 
2918 0.481390 
2919 0.481390 
2920 0.486054 
2921 0.486054 
2922 0.486054 
2923 0.486054 
2924 0.486054 
2925 0.486054 
2926 0.486054 
2927 0.499223 
2928 0.499223 
2929 0.499223 
2930 0.499223 
2931 0.499223 
2932 0.499223 
2933 0.499223 
2934 0.511333 
2935 0.511333 
2936 0.511333 
2937 0.511333 
2938 0.511333 
2939 0.511333 
2940 0.511333 
2941 0.531040 
2942 0.531040 
2943 0.531040 
2944 0.531040 
2945 0.531040 
2946 0.531040 
2947 0.531040 
2948 0.532618 
2949 0.532618 
2950 0.532618 
2951 0.532618 
2952 0.532618 
2953 0.532618 
2954 0.532618 
2955 0.530225 
2956 0.530225 
2957 0.530225 
2958 0.530225 
2959 0.530225 
2960 0.530225 
2961 0.530225 
2962 0.456110 
2963 0.456110 
2964 0.456110 
2965 0.456110 
2966 0.456110 
2967 0.456110 
2968 0.456110 
2969 0.843391 
2970 0.843391 
2971 0.843391 
2972 0.843391 
2973 0.843391 
2974 0.843391 
2975 0.843391 
2976 0.955112 
2977 0.955112 
2978 0.955112 
2979 0.955112 
2980 0.955112 
2981 0.955112 
2982 0.955112 
2983 0.972040 
2984 0.972040 
2985 0.972040 
2986 0.972040 
2987 0.972040 
2988 0.972040 
2989 0.972040 
2990 0.988244 
2991 0.988244 
2992 0.988244 
2993 0.988244 
2994 0.988244 
2995 0.988244 
2996 0.988244 
2997 0.988925 
2998 0.988925 
2999 0.988925 
3000 0.988925 
3001 0.988925 
3002 0.988925 
3003 0.988925 
3004 0.990357 
3005 0.990357 
3006 0.990357 
3007 0.990357 
3008 0.990357 
3009 0.990357 
3010 0.990357 
3011 0.991007 
3012 0.991007 
3013 0.991007 
3014 0.991007 
3015 0.991007 
3016 0.991007 
3017 0.991007 
3018 0.988929 
3019 0.988929 
3020 0.988929 
3021 0.988929 
3022 0.988929 
3023 0.988929 
3024 0.988929 
3025 0.987154 
3026 0.987154 
3027 0.987154 
3028 0.987154 
3029 0.987154 
3030 0.987154 
3031 0.987154 
3032 0.986229 
3033 0.986229 
3034 0.986229 
3035 0.986229 
3036 0.986229 
3037 0.986229 
3038 0.986229 
3039 0.986044 
3040 0.986044 
3041 0.986044 
3042 0.986044 
3043 0.986044 
3044 0.986044 
3045 0.986044 
3046 0.985426 
3047 0.985426 
3048 0.985426 
3049 0.985426 
3050 0.985426 
3051 0.985426 
3052 0.985426 
3053 0.985394 
3054 0.985394 
3055 0.985394 
3056 0.985394 
3057 0.985394 
3058 0.985394 
3059 0.985394 
3060 0.982710 
3061 0.982710 
3062 0.982710 
3063 0.982710 
3064 0.982710 
3065 0.982710 
3066 0.982710 
3067 0.980601 
3068 0.980601 
3069 0.980601 
3070 0.980601 
3071 0.980601 
3072 0.980601 
3073 0.980601 
3074 0.980534 
3075 0.980534 
3076 0.980534 
3077 0.980534 
3078 0.980534 
3079 0.980534 
3080 0.980534 
3081 0.979868 
3082 0.979868 
3083 0.979868 
3084 0.979868 
3085 0.979868 
3086 0.979868 
3087 0.979868 
3088 0.976507 
3089 0.976507 
3090 0.976507 
3091 0.976507 
3092 0.976507 
3093 0.976507 
3094 0.976507 
3095 0.976944 
3096 0.976944 
3097 0.976944 
3098 0.976944 
3099 0.976944 
3100 0.976944 
3101 0.976944 
3102 0.976310 
3103 0.976310 
3104 0.976310 
3105 0.976310 
3106 0.976310 
3107 0.976310 
3108 0.976310 
3109 0.978007 
3110 0.978007 
3111 0.978007 
3112 0.978007 
3113 0.978007 
3114 0.978007 
3115 0.978007 
3116 0.976629 
3117 0.976629 
3118 0.976629 
3119 0.976629 
3120 0.976629 
3121 0.976629 
3122 0.976629 
3123 0.975063 
3124 0.975063 
3125 0.975063 
3126 0.975063 
3127 0.975063 
3128 0.975063 
3129 0.975063 
3130 0.972910 
3131 0.972910 
3132 0.972910 
3133 0.972910 
3134 0.972910 
3135 0.972910 
3136 0.972910 
3137 0.970651 
3138 0.970651 
3139 0.970651 
3140 0.970651 
3141 0.970651 
3142 0.970651 
3143 0.970651 
3144 0.964613 
3145 0.964613 
3146 0.964613 
3147 0.964613 
3148 0.964613 
3149 0.964613 
3150 0.964613 
3151 0.962488 
3152 0.962488 
3153 0.962488 
3154 0.962488 
3155 0.962488 
3156 0.962488 
3157 0.962488 
3158 0.961162 
3159 0.961162 
3160 0.961162 
3161 0.961162 
3162 0.961162 
3163 0.961162 
3164 0.961162 
3165 0.961095 
3166 0.961095 
3167 0.961095 
3168 0.961095 
3169 0.961095 
3170 0.961095 
3171 0.961095 
3172 0.960941 
3173 0.960941 
3174 0.960941 
3175 0.960941 
3176 0.960941 
3177 0.960941 
3178 0.960941 
3179 0.960382 
3180 0.960382 
3181 0.960382 
3182 0.960382 
3183 0.960382 
3184 0.960382 
3185 0.960382 
3186 0.959843 
3187 0.959843 
3188 0.959843 
3189 0.959843 
3190 0.959843 
3191 0.959843 
3192 0.959843 
3193 0.959217 
3194 0.959217 
3195 0.959217 
3196 0.959217 
3197 0.959217 
3198 0.959217 
3199 0.959217 
3200 0.959080 
3201 0.959080 
3202 0.959080 
3203 0.959080 
3204 0.959080 
3205 0.959080 
3206 0.959080 
3207 0.958611 
3208 0.958611 
3209 0.958611 
3210 0.958611 
3211 0.958611 
3212 0.958611 
3213 0.958611 
3214 0.959556 
3215 0.959556 
3216 0.959556 
3217 0.959556 
3218 0.959556 
3219 0.959556 
3220 0.959556 
3221 0.960111 
3222 0.960111 
3223 0.960111 
3224 0.960111 
3225 0.960111 
3226 0.960111 
3227 0.960111 
3228 0.960229 
3229 0.960229 
3230 0.960229 
3231 0.960229 
3232 0.960229 
3233 0.960229 
3234 0.960229 
3235 0.958903 
3236 0.958903 
3237 0.958903 
3238 0.958903 
3239 0.958903 
3240 0.958903 
3241 0.958903 
3242 0.959505 
3243 0.959505 
3244 0.959505 
3245 0.959505 
3246 0.959505 
3247 0.959505 
3248 0.959505 
3249 0.959702 
3250 0.959702 
3251 0.959702 
3252 0.959702 
3253 0.959702 
3254 0.959702 
3255 0.959702 
3256 0.959477 
3257 0.959477 
3258 0.959477 
3259 0.959477 
3260 0.959477 
3261 0.959477 
3262 0.959477 
3263 0.959088 
3264 0.959088 
3265 0.959088 
3266 0.959088 
3267 0.959088 
3268 0.959088 
3269 0.959088 
3270 0.959761 
3271 0.959761 
3272 0.959761 
3273 0.959761 
3274 0.959761 
3275 0.959761 
3276 0.959761 
3277 0.958702 
3278 0.958702 
3279 0.958702 
3280 0.958702 
3281 0.958702 
3282 0.958702 
3283 0.958702 
3284 0.958773 
3285 0.958773 
3286 0.958773 
3287 0.958773 
3288 0.958773 
3289 0.958773 
3290 0.958773 
3291 0.957517 
3292 0.957517 
3293 0.957517 
3294 0.957517 
3295 0.957517 
3296 0.957517 
3297 0.957517 
3298 0.957726 
3299 0.957726 
3300 0.957726 
3301 0.957726 
3302 0.957726 
3303 0.957726 
3304 0.957726 
3305 0.957804 
3306 0.957804 
3307 0.957804 
3308 0.957804 
3309 0.957804 
3310 0.957804 
3311 0.957804 
3312 0.958454 
3313 0.958454 
3314 0.958454 
3315 0.958454 
3316 0.958454 
3317 0.958454 
3318 0.958454 
3319 0.958501 
3320 0.958501 
3321 0.958501 
3322 0.958501 
3323 0.958501 
3324 0.958501 
3325 0.958501 
3326 0.957808 
3327 0.957808 
3328 0.957808 
3329 0.957808 
3330 0.957808 
3331 0.957808 
3332 0.957808 
3333 0.957923 
3334 0.957923 
3335 0.957923 
3336 0.957923 
3337 0.957923 
3338 0.957923 
3339 0.957923 
3340 0.958080 
3341 0.958080 
3342 0.958080 
3343 0.958080 
3344 0.958080 
3345 0.958080 
3346 0.958080 
3347 0.956887 
3348 0.956887 
3349 0.956887 
3350 0.956887 
3351 0.956887 
3352 0.956887 
3353 0.956887 
3354 0.956687 
3355 0.956687 
3356 0.956687 
3357 0.956687 
3358 0.956687 
3359 0.956687 
3360 0.956687 
3361 0.957549 
3362 0.957549 
3363 0.957549 
3364 0.957549 
3365 0.957549 
3366 0.957549 
3367 0.957549 
3368 0.958178 
3369 0.958178 
3370 0.958178 
3371 0.958178 
3372 0.958178 
3373 0.958178 
3374 0.958178 
3375 0.958603 
3376 0.958603 
3377 0.958603 
3378 0.958603 
3379 0.958603 
3380 0.958603 
3381 0.958603 
3382 0.958328 
3383 0.958328 
3384 0.958328 
3385 0.958328 
3386 0.958328 
3387 0.958328 
3388 0.958328 
3389 0.958159 
3390 0.958159 
3391 0.958159 
3392 0.958159 
3393 0.958159 
3394 0.958159 
3395 0.958159 
3396 0.957490 
3397 0.957490 
3398 0.957490 
3399 0.957490 
3400 0.957490 
3401 0.957490 
3402 0.957490 
3403 0.957635 
3404 0.957635 
3405 0.957635 
3406 0.957635 
3407 0.957635 
3408 0.957635 
3409 0.957635 
3410 0.958108 
3411 0.958108 
3412 0.958108 
3413 0.958108 
3414 0.958108 
3415 0.958108 
3416 0.958108 
3417 0.957525 
3418 0.957525 
3419 0.957525 
3420 0.957525 
3421 0.957525 
3422 0.957525 
3423 0.957525 
3424 0.957143 
3425 0.957143 
3426 0.957143 
3427 0.957143 
3428 0.957143 
3429 0.957143 
3430 0.957143 
3431 0.957257 
3432 0.957257 
3433 0.957257 
3434 0.957257 
3435 0.957257 
3436 0.957257 
3437 0.957257 
3438 0.959501 
3439 0.959501 
3440 0.959501 
3441 0.959501 
3442 0.959501 
3443 0.959501 
3444 0.959501 
3445 0.958855 
3446 0.958855 
3447 0.958855 
3448 0.958855 
3449 0.958855 
3450 0.958855 
3451 0.958855 
3452 0.958934 
3453 0.958934 
3454 0.958934 
3455 0.958934 
3456 0.958934 
3457 0.958934 
3458 0.958934 
3459 0.958918 
3460 0.958918 
3461 0.958918 
3462 0.958918 
3463 0.958918 
3464 0.958918 
3465 0.958918 
3466 0.958796 
3467 0.958796 
3468 0.958796 
3469 0.958796 
3470 0.958796 
3471 0.958796 
3472 0.958796 
3473 0.958143 
3474 0.958143 
3475 0.958143 
3476 0.958143 
3477 0.958143 
3478 0.958143 
3479 0.958143 
3480 0.958312 
3481 0.958312 
3482 0.958312 
3483 0.958312 
3484 0.958312 
3485 0.958312 
3486 0.958312 
3487 0.958544 
3488 0.958544 
3489 0.958544 
3490 0.958544 
3491 0.958544 
3492 0.958544 
3493 0.958544 
3494 0.958418 
3495 0.958418 
3496 0.958418 
3497 0.958418 
3498 0.958418 
3499 0.958418 
3500 0.958418 
3501 0.958245 
3502 0.958245 
3503 0.958245 
3504 0.958245 
3505 0.958245 
3506 0.958245 
3507 0.958245 
3508 0.958564 
3509 0.958564 
3510 0.958564 
3511 0.958564 
3512 0.958564 
3513 0.958564 
3514 0.958564 
3515 0.960032 
3516 0.960032 
3517 0.960032 
3518 0.960032 
3519 0.960032 
3520 0.960032 
3521 0.960032 
3522 0.959450 
3523 0.959450 
3524 0.959450 
3525 0.959450 
3526 0.959450 
3527 0.959450 
3528 0.959450 
3529 0.959489 
3530 0.959489 
3531 0.959489 
3532 0.959489 
3533 0.959489 
3534 0.959489 
3535 0.959489 
3536 0.959241 
3537 0.959241 
3538 0.959241 
3539 0.959241 
3540 0.959241 
3541 0.959241 
3542 0.959241 
3543 0.959139 
3544 0.959139 
3545 0.959139 
3546 0.959139 
3547 0.959139 
3548 0.959139 
3549 0.959139 
3550 0.958631 
3551 0.958631 
3552 0.958631 
3553 0.958631 
3554 0.958631 
3555 0.958631 
3556 0.958631 
3557 0.957804 
3558 0.957804 
3559 0.957804 
3560 0.957804 
3561 0.957804 
3562 0.957804 
3563 0.957804 
3564 0.957675 
3565 0.957675 
3566 0.957675 
3567 0.957675 
3568 0.957675 
3569 0.957675 
3570 0.957675 
3571 0.958922 
3572 0.958922 
3573 0.958922 
3574 0.958922 
3575 0.958922 
3576 0.958922 
3577 0.958922 
3578 0.959182 
3579 0.959182 
3580 0.959182 
3581 0.959182 
3582 0.959182 
3583 0.959182 
3584 0.959182 
3585 0.958879 
3586 0.958879 
3587 0.958879 
3588 0.958879 
3589 0.958879 
3590 0.958879 
3591 0.958879 
3592 0.959162 
3593 0.959162 
3594 0.959162 
3595 0.959162 
3596 0.959162 
3597 0.959162 
3598 0.959162 
3599 0.957954 
3600 0.957954 
3601 0.957954 
3602 0.957954 
3603 0.957954 
3604 0.957954 
3605 0.957954 
3606 0.957993 
3607 0.957993 
3608 0.957993 
3609 0.957993 
3610 0.957993 
3611 0.957993 
3612 0.957993 
3613 0.957753 
3614 0.957753 
3615 0.957753 
3616 0.957753 
3617 0.957753 
3618 0.957753 
3619 0.957753 
3620 0.958178 
3621 0.958178 
3622 0.958178 
3623 0.958178 
3624 0.958178 
3625 0.958178 
3626 0.958178 
3627 0.958501 
3628 0.958501 
3629 0.958501 
3630 0.958501 
3631 0.958501 
3632 0.958501 
3633 0.958501 
3634 0.958481 
3635 0.958481 
3636 0.958481 
3637 0.958481 
3638 0.958481 
3639 0.958481 
3640 0.958481 
3641 0.958458 
3642 0.958458 
3643 0.958458 
3644 0.958458 
3645 0.958458 
3646 0.958458 
3647 0.958458 
3648 0.960190 
3649 0.960190 
3650 0.960190 
3651 0.960190 
3652 0.960190 
3653 0.960190 
3654 0.960190 
3655 0.960028 
3656 0.960028 
3657 0.960028 
3658 0.960028 
3659 0.960028 
3660 0.960028 
3661 0.960028 
3662 0.959261 
3663 0.959261 
3664 0.959261 
3665 0.959261 
3666 0.959261 
3667 0.959261 
3668 0.959261 
3669 0.959607 
3670 0.959607 
3671 0.959607 
3672 0.959607 
3673 0.959607 
3674 0.959607 
3675 0.959607 
3676 0.959324 
3677 0.959324 
3678 0.959324 
3679 0.959324 
3680 0.959324 
3681 0.959324 
3682 0.959324 
3683 0.958930 
3684 0.958930 
3685 0.958930 
3686 0.958930 
3687 0.958930 
3688 0.958930 
3689 0.958930 
3690 0.958222 
3691 0.958222 
3692 0.958222 
3693 0.958222 
3694 0.958222 
3695 0.958222 
3696 0.958222 
3697 0.957482 
3698 0.957482 
3699 0.957482 
3700 0.957482 
3701 0.957482 
3702 0.957482 
3703 0.957482 
3704 0.958777 
3705 0.958777 
3706 0.958777 
3707 0.958777 
3708 0.958777 
3709 0.958777 
3710 0.958777 
3711 0.959170 
3712 0.959170 
3713 0.959170 
3714 0.959170 
3715 0.959170 
3716 0.959170 
3717 0.959170 
3718 0.959005 
3719 0.959005 
3720 0.959005 
3721 0.959005 
3722 0.959005 
3723 0.959005 
3724 0.959005 
3725 0.959225 
3726 0.959225 
3727 0.959225 
3728 0.959225 
3729 0.959225 
3730 0.959225 
3731 0.959225 
3732 0.958226 
3733 0.958226 
3734 0.958226 
3735 0.958226 
3736 0.958226 
3737 0.958226 
3738 0.958226 
3739 0.957966 
3740 0.957966 
3741 0.957966 
3742 0.957966 
3743 0.957966 
3744 0.957966 
3745 0.957966 
3746 0.958308 
3747 0.958308 
3748 0.958308 
3749 0.958308 
3750 0.958308 
3751 0.958308 
3752 0.958308 
3753 0.958194 
3754 0.958194 
3755 0.958194 
3756 0.958194 
3757 0.958194 
3758 0.958194 
3759 0.958194 
3760 0.958355 
3761 0.958355 
3762 0.958355 
3763 0.958355 
3764 0.958355 
3765 0.958355 
3766 0.958355 
3767 0.958131 
3768 0.958131 
3769 0.958131 
3770 0.958131 
3771 0.958131 
3772 0.958131 
3773 0.958131 
3774 0.959800 
3775 0.959800 
3776 0.959800 
3777 0.959800 
3778 0.959800 
3779 0.959800 
3780 0.959800 
3781 0.959450 
3782 0.959450 
3783 0.959450 
3784 0.959450 
3785 0.959450 
3786 0.959450 
3787 0.959450 
3788 0.959241 
3789 0.959241 
3790 0.959241 
3791 0.959241 
3792 0.959241 
3793 0.959241 
3794 0.959241 
3795 0.958784 
3796 0.958784 
3797 0.958784 
3798 0.958784 
3799 0.958784 
3800 0.958784 
3801 0.958784 
3802 0.957407 
3803 0.957407 
3804 0.957407 
3805 0.957407 
3806 0.957407 
3807 0.957407 
3808 0.957407 
3809 0.957230 
3810 0.957230 
3811 0.957230 
3812 0.957230 
3813 0.957230 
3814 0.957230 
3815 0.957230 
3816 0.957678 
3817 0.957678 
3818 0.957678 
3819 0.957678 
3820 0.957678 
3821 0.957678 
3822 0.957678 
3823 0.961414 
3824 0.961414 
3825 0.961414 
3826 0.961414 
3827 0.961414 
3828 0.961414 
3829 0.961414 
3830 0.961142 
3831 0.961142 
3832 0.961142 
3833 0.961142 
3834 0.961142 
3835 0.961142 
3836 0.961142 
3837 0.961063 
3838 0.961063 
3839 0.961063 
3840 0.961063 
3841 0.961063 
3842 0.961063 
3843 0.961063 
3844 0.961366 
3845 0.961366 
3846 0.961366 
3847 0.961366 
3848 0.961366 
3849 0.961366 
3850 0.961366 
3851 0.961276 
3852 0.961276 
3853 0.961276 
3854 0.961276 
3855 0.961276 
3856 0.961276 
3857 0.961276 
3858 0.961532 
3859 0.961532 
3860 0.961532 
3861 0.961532 
3862 0.961532 
3863 0.961532 
3864 0.961532 
3865 0.961784 
3866 0.961784 
3867 0.961784 
3868 0.961784 
3869 0.961784 
3870 0.961784 
3871 0.961784 
3872 0.962374 
3873 0.962374 
3874 0.962374 
3875 0.962374 
3876 0.962374 
3877 0.962374 
3878 0.962374 
3879 0.962279 
3880 0.962279 
3881 0.962279 
3882 0.962279 
3883 0.962279 
3884 0.962279 
3885 0.962279 
3886 0.962539 
3887 0.962539 
3888 0.962539 
3889 0.962539 
3890 0.962539 
3891 0.962539 
3892 0.962539 
3893 0.962079 
3894 0.962079 
3895 0.962079 
3896 0.962079 
3897 0.962079 
3898 0.962079 
3899 0.962079 
3900 0.961756 
3901 0.961756 
3902 0.961756 
3903 0.961756 
3904 0.961756 
3905 0.961756 
3906 0.961756 
3907 0.961685 
3908 0.961685 
3909 0.961685 
3910 0.961685 
3911 0.961685 
3912 0.961685 
3913 0.961685 
3914 0.961492 
3915 0.961492 
3916 0.961492 
3917 0.961492 
3918 0.961492 
3919 0.961492 
3920 0.961492 
3921 0.964350 
3922 0.964350 
3923 0.964350 
3924 0.964350 
3925 0.964350 
3926 0.964350 
3927 0.964350 
3928 0.964133 
3929 0.964133 
3930 0.964133 
3931 0.964133 
3932 0.964133 
3933 0.964133 
3934 0.964133 
3935 0.963795 
3936 0.963795 
3937 0.963795 
3938 0.963795 
3939 0.963795 
3940 0.963795 
3941 0.963795 
3942 0.963397 
3943 0.963397 
3944 0.963397 
3945 0.963397 
3946 0.963397 
3947 0.963397 
3948 0.963397 
3949 0.961697 
3950 0.961697 
3951 0.961697 
3952 0.961697 
3953 0.961697 
3954 0.961697 
3955 0.961697 
3956 0.962071 
3957 0.962071 
3958 0.962071 
3959 0.962071 
3960 0.962071 
3961 0.962071 
3962 0.962071 
3963 0.962146 
3964 0.962146 
3965 0.962146 
3966 0.962146 
3967 0.962146 
3968 0.962146 
3969 0.962146 
3970 0.962598 
3971 0.962598 
3972 0.962598 
3973 0.962598 
3974 0.962598 
3975 0.962598 
3976 0.962598 
3977 0.962276 
3978 0.962276 
3979 0.962276 
3980 0.962276 
3981 0.962276 
3982 0.962276 
3983 0.962276 
3984 0.962394 
3985 0.962394 
3986 0.962394 
3987 0.962394 
3988 0.962394 
3989 0.962394 
3990 0.962394 
3991 0.962429 
3992 0.962429 
3993 0.962429 
3994 0.962429 
3995 0.962429 
3996 0.962429 
3997 0.962429 
3998 0.962665 
3999 0.962665 
4000 0.962665 
4001 0.962665 
4002 0.962665 
4003 0.962665 
4004 0.962665 
4005 0.962716 
4006 0.962716 
4007 0.962716 
4008 0.962716 
4009 0.962716 
4010 0.962716 
4011 0.962716 
4012 0.963008 
4013 0.963008 
4014 0.963008 
4015 0.963008 
4016 0.963008 
4017 0.963008 
4018 0.963008 
4019 0.963102 
4020 0.963102 
4021 0.963102 
4022 0.963102 
4023 0.963102 
4024 0.963102 
4025 0.963102 
4026 0.963015 
4027 0.963015 
4028 0.963015 
4029 0.963015 
4030 0.963015 
4031 0.963015 
4032 0.963015 
4033 0.962685 
4034 0.962685 
4035 0.962685 
4036 0.962685 
4037 0.962685 
4038 0.962685 
4039 0.962685 
4040 0.962433 
4041 0.962433 
4042 0.962433 
4043 0.962433 
4044 0.962433 
4045 0.962433 
4046 0.962433 
4047 0.962071 
4048 0.962071 
4049 0.962071 
4050 0.962071 
4051 0.962071 
4052 0.962071 
4053 0.962071 
4054 0.961642 
4055 0.961642 
4056 0.961642 
4057 0.961642 
4058 0.961642 
4059 0.961642 
4060 0.961642 
4061 0.962000 
4062 0.962000 
4063 0.962000 
4064 0.962000 
4065 0.962000 
4066 0.962000 
4067 0.962000 
4068 0.962512 
4069 0.962512 
4070 0.962512 
4071 0.962512 
4072 0.962512 
4073 0.962512 
4074 0.962512 
4075 0.961453 
4076 0.961453 
4077 0.961453 
4078 0.961453 
4079 0.961453 
4080 0.961453 
4081 0.961453 
4082 0.961166 
4083 0.961166 
4084 0.961166 
4085 0.961166 
4086 0.961166 
4087 0.961166 
4088 0.961166 
4089 0.961299 
4090 0.961299 
4091 0.961299 
4092 0.961299 
4093 0.961299 
4094 0.961299 
4095 0.961299 
4096 0.964657 
4097 0.964657 
4098 0.964657 
4099 0.964657 
4100 0.964657 
4101 0.964657 
4102 0.964657 
4103 0.964668 
4104 0.964668 
4105 0.964668 
4106 0.964668 
4107 0.964668 
4108 0.964668 
4109 0.964668 
4110 0.963921 
4111 0.963921 
4112 0.963921 
4113 0.963921 
4114 0.963921 
4115 0.963921 
4116 0.963921 
4117 0.964015 
4118 0.964015 
4119 0.964015 
4120 0.964015 
4121 0.964015 
4122 0.964015 
4123 0.964015 
4124 0.964767 
4125 0.964767 
4126 0.964767 
4127 0.964767 
4128 0.964767 
4129 0.964767 
4130 0.964767 
4131 0.964279 
4132 0.964279 
4133 0.964279 
4134 0.964279 
4135 0.964279 
4136 0.964279 
4137 0.964279 
4138 0.964653 
4139 0.964653 
4140 0.964653 
4141 0.964653 
4142 0.964653 
4143 0.964653 
4144 0.964653 
4145 0.966455 
4146 0.966455 
4147 0.966455 
4148 0.966455 
4149 0.966455 
4150 0.966455 
4151 0.966455 
4152 0.966137 
4153 0.966137 
4154 0.966137 
4155 0.966137 
4156 0.966137 
4157 0.966137 
4158 0.966137 
4159 0.966018 
4160 0.966018 
4161 0.966018 
4162 0.966018 
4163 0.966018 
4164 0.966018 
4165 0.966018 
4166 0.965767 
4167 0.965767 
4168 0.965767 
4169 0.965767 
4170 0.965767 
4171 0.965767 
4172 0.965767 
4173 0.964440 
4174 0.964440 
4175 0.964440 
4176 0.964440 
4177 0.964440 
4178 0.964440 
4179 0.964440 
4180 0.961831 
4181 0.961831 
4182 0.961831 
4183 0.961831 
4184 0.961831 
4185 0.961831 
4186 0.961831 
4187 0.962142 
4188 0.962142 
4189 0.962142 
4190 0.962142 
4191 0.962142 
4192 0.962142 
4193 0.962142 
4194 0.970426 
4195 0.970426 
4196 0.970426 
4197 0.970426 
4198 0.970426 
4199 0.970426 
4200 0.970426 
4201 0.969840 
4202 0.969840 
4203 0.969840 
4204 0.969840 
4205 0.969840 
4206 0.969840 
4207 0.969840 
4208 0.971879 
4209 0.971879 
4210 0.971879 
4211 0.971879 
4212 0.971879 
4213 0.971879 
4214 0.971879 
4215 0.974378 
4216 0.974378 
4217 0.974378 
4218 0.974378 
4219 0.974378 
4220 0.974378 
4221 0.974378 
4222 0.975382 
4223 0.975382 
4224 0.975382 
4225 0.975382 
4226 0.975382 
4227 0.975382 
4228 0.975382 
4229 0.975669 
4230 0.975669 
4231 0.975669 
4232 0.975669 
4233 0.975669 
4234 0.975669 
4235 0.975669 
4236 0.978027 
4237 0.978027 
4238 0.978027 
4239 0.978027 
4240 0.978027 
4241 0.978027 
4242 0.978027 
4243 0.975791 
4244 0.975791 
4245 0.975791 
4246 0.975791 
4247 0.975791 
4248 0.975791 
4249 0.975791 
4250 0.975661 
4251 0.975661 
4252 0.975661 
4253 0.975661 
4254 0.975661 
4255 0.975661 
4256 0.975661 
4257 0.977574 
4258 0.977574 
4259 0.977574 
4260 0.977574 
4261 0.977574 
4262 0.977574 
4263 0.977574 
4264 0.980557 
4265 0.980557 
4266 0.980557 
4267 0.980557 
4268 0.980557 
4269 0.980557 
4270 0.980557 
4271 0.983493 
4272 0.983493 
4273 0.983493 
4274 0.983493 
4275 0.983493 
4276 0.983493 
4277 0.983493 
4278 0.986040 
4279 0.986040 
4280 0.986040 
4281 0.986040 
4282 0.986040 
4283 0.986040 
4284 0.986040 
4285 0.986547 
4286 0.986547 
4287 0.986547 
4288 0.986547 
4289 0.986547 
4290 0.986547 
4291 0.986547 
4292 0.985170 
4293 0.985170 
4294 0.985170 
4295 0.985170 
4296 0.985170 
4297 0.985170 
4298 0.985170 
4299 0.985760 
4300 0.985760 
4301 0.985760 
4302 0.985760 
4303 0.985760 
4304 0.985760 
4305 0.985760 
4306 0.989003 
4307 0.989003 
4308 0.989003 
4309 0.989003 
4310 0.989003 
4311 0.989003 
4312 0.989003 
4313 0.988952 
4314 0.988952 
4315 0.988952 
4316 0.988952 
4317 0.988952 
4318 0.988952 
4319 0.988952 
4320 0.987527 
4321 0.987527 
4322 0.987527 
4323 0.987527 
4324 0.987527 
4325 0.987527 
4326 0.987527 
4327 0.988626 
4328 0.988626 
4329 0.988626 
4330 0.988626 
4331 0.988626 
4332 0.988626 
4333 0.988626 
4334 0.986583 
4335 0.986583 
4336 0.986583 
4337 0.986583 
4338 0.986583 
4339 0.986583 
4340 0.986583 
4341 0.987126 
4342 0.987126 
4343 0.987126 
4344 0.987126 
4345 0.987126 
4346 0.987126 
4347 0.987126 
4348 0.986599 
4349 0.986599 
4350 0.986599 
4351 0.986599 
4352 0.986599 
4353 0.986599 
4354 0.986599 
4355 0.985764 
4356 0.985764 
4357 0.985764 
4358 0.985764 
4359 0.985764 
4360 0.985764 
4361 0.985764 
4362 0.986847 
4363 0.986847 
4364 0.986847 
4365 0.986847 
4366 0.986847 
4367 0.986847 
4368 0.986847 
4369 0.984902 
4370 0.984902 
4371 0.984902 
4372 0.984902 
4373 0.984902 
4374 0.984902 
4375 0.984902 
4376 0.985717 
4377 0.985717 
4378 0.985717 
4379 0.985717 
4380 0.985717 
4381 0.985717 
4382 0.985717 
4383 0.977810 
4384 0.977810 
4385 0.977810 
4386 0.977810 
4387 0.977810 
4388 0.977810 
4389 0.977810 
4390 0.966109 
4391 0.966109 
4392 0.966109 
4393 0.966109 
4394 0.966109 
4395 0.966109 
4396 0.966109 
4397 0.930156 
4398 0.930156 
4399 0.930156 
4400 0.930156 
4401 0.930156 
4402 0.930156 
4403 0.930156 
4404 0.885394 
4405 0.885394 
4406 0.885394 
4407 0.885394 
4408 0.885394 
4409 0.885394 
4410 0.885394 
4411 0.815841 
4412 0.815841 
4413 0.815841 
4414 0.815841 
4415 0.815841 
4416 0.815841 
4417 0.815841 
4418 0.941672 
4419 0.941672 
4420 0.941672 
4421 0.941672 
4422 0.941672 
4423 0.941672 
4424 0.941672 
4425 0.984442 
4426 0.984442 
4427 0.984442 
4428 0.984442 
4429 0.984442 
4430 0.984442 
4431 0.984442 
4432 0.982029 
4433 0.982029 
4434 0.982029 
4435 0.982029 
4436 0.982029 
4437 0.982029 
4438 0.982029 
4439 0.980364 
4440 0.980364 
4441 0.980364 
4442 0.980364 
4443 0.980364 
4444 0.980364 
4445 0.980364 
4446 0.977578 
4447 0.977578 
4448 0.977578 
4449 0.977578 
4450 0.977578 
4451 0.977578 
4452 0.977578 
4453 0.968947 
4454 0.968947 
4455 0.968947 
4456 0.968947 
4457 0.968947 
4458 0.968947 
4459 0.968947 
4460 0.964023 
4461 0.964023 
4462 0.964023 
4463 0.964023 
4464 0.964023 
4465 0.964023 
4466 0.964023 
4467 0.953676 
4468 0.953676 
4469 0.953676 
4470 0.953676 
4471 0.953676 
4472 0.953676 
4473 0.953676 
4474 0.963637 
4475 0.963637 
4476 0.963637 
4477 0.963637 
4478 0.963637 
4479 0.963637 
4480 0.963637 
4481 0.967900 
4482 0.967900 
4483 0.967900 
4484 0.967900 
4485 0.967900 
4486 0.967900 
4487 0.967900 
4488 0.928542 
4489 0.928542 
4490 0.928542 
4491 0.928542 
4492 0.928542 
4493 0.928542 
4494 0.928542 
4495 0.925791 
4496 0.925791 
4497 0.925791 
4498 0.925791 
4499 0.925791 
4500 0.925791 
4501 0.925791 
4502 0.946383 
4503 0.946383 
4504 0.946383 
4505 0.946383 
4506 0.946383 
4507 0.946383 
4508 0.946383 
4509 0.979286 
4510 0.979286 
4511 0.979286 
4512 0.979286 
4513 0.979286 
4514 0.979286 
4515 0.979286 
4516 0.983737 
4517 0.983737 
4518 0.983737 
4519 0.983737 
4520 0.983737 
4521 0.983737 
4522 0.983737 
4523 0.983119 
4524 0.983119 
4525 0.983119 
4526 0.983119 
4527 0.983119 
4528 0.983119 
4529 0.983119 
4530 0.985260 
4531 0.985260 
4532 0.985260 
4533 0.985260 
4534 0.985260 
4535 0.985260 
4536 0.985260 
4537 0.984269 
4538 0.984269 
4539 0.984269 
4540 0.984269 
4541 0.984269 
4542 0.984269 
4543 0.984269 
4544 0.985217 
4545 0.985217 
4546 0.985217 
4547 0.985217 
4548 0.985217 
4549 0.985217 
4550 0.985217 
4551 0.981974 
4552 0.981974 
4553 0.981974 
4554 0.981974 
4555 0.981974 
4556 0.981974 
4557 0.981974 
4558 0.981923 
4559 0.981923 
4560 0.981923 
4561 0.981923 
4562 0.981923 
4563 0.981923 
4564 0.981923 
4565 0.980896 
4566 0.980896 
4567 0.980896 
4568 0.980896 
4569 0.980896 
4570 0.980896 
4571 0.980896 
4572 0.981813 
4573 0.981813 
4574 0.981813 
4575 0.981813 
4576 0.981813 
4577 0.981813 
4578 0.981813 
4579 0.982805 
4580 0.982805 
4581 0.982805 
4582 0.982805 
4583 0.982805 
4584 0.982805 
4585 0.982805 
4586 0.982903 
4587 0.982903 
4588 0.982903 
4589 0.982903 
4590 0.982903 
4591 0.982903 
4592 0.982903 
4593 0.980329 
4594 0.980329 
4595 0.980329 
4596 0.980329 
4597 0.980329 
4598 0.980329 
4599 0.980329 
4600 0.977542 
4601 0.977542 
4602 0.977542 
4603 0.977542 
4604 0.977542 
4605 0.977542 
4606 0.977542 
4607 0.974748 
4608 0.974748 
4609 0.974748 
4610 0.974748 
4611 0.974748 
4612 0.974748 
4613 0.974748 
4614 0.977302 
4615 0.977302 
4616 0.977302 
4617 0.977302 
4618 0.977302 
4619 0.977302 
4620 0.977302 
4621 0.981506 
4622 0.981506 
4623 0.981506 
4624 0.981506 
4625 0.981506 
4626 0.981506 
4627 0.981506 
4628 0.978786 
4629 0.978786 
4630 0.978786 
4631 0.978786 
4632 0.978786 
4633 0.978786 
4634 0.978786 
4635 0.981384 
4636 0.981384 
4637 0.981384 
4638 0.981384 
4639 0.981384 
4640 0.981384 
4641 0.981384 
4642 0.981514 
4643 0.981514 
4644 0.981514 
4645 0.981514 
4646 0.981514 
4647 0.981514 
4648 0.981514 
4649 0.982155 
4650 0.982155 
4651 0.982155 
4652 0.982155 
4653 0.982155 
4654 0.982155 
4655 0.982155 
4656 0.983832 
4657 0.983832 
4658 0.983832 
4659 0.983832 
4660 0.983832 
4661 0.983832 
4662 0.983832 
4663 0.987118 
4664 0.987118 
4665 0.987118 
4666 0.987118 
4667 0.987118 
4668 0.987118 
4669 0.987118 
4670 0.986929 
4671 0.986929 
4672 0.986929 
4673 0.986929 
4674 0.986929 
4675 0.986929 
4676 0.986929 
4677 0.982521 
4678 0.982521 
4679 0.982521 
4680 0.982521 
4681 0.982521 
4682 0.982521 
4683 0.982521 
4684 0.975689 
4685 0.975689 
4686 0.975689 
4687 0.975689 
4688 0.975689 
4689 0.975689 
4690 0.975689 
4691 0.959084 
4692 0.959084 
4693 0.959084 
4694 0.959084 
4695 0.959084 
4696 0.959084 
4697 0.959084 
4698 0.954262 
4699 0.954262 
4700 0.954262 
4701 0.954262 
4702 0.954262 
4703 0.954262 
4704 0.954262 
4705 0.961681 
4706 0.961681 
4707 0.961681 
4708 0.961681 
4709 0.961681 
4710 0.961681 
4711 0.961681 
4712 0.975087 
4713 0.975087 
4714 0.975087 
4715 0.975087 
4716 0.975087 
4717 0.975087 
4718 0.975087 
4719 0.988374 
4720 0.988374 
4721 0.988374 
4722 0.988374 
4723 0.988374 
4724 0.988374 
4725 0.988374 
4726 0.987618 
4727 0.987618 
4728 0.987618 
4729 0.987618 
4730 0.987618 
4731 0.987618 
4732 0.987618 
4733 0.982553 
4734 0.982553 
4735 0.982553 
4736 0.982553 
4737 0.982553 
4738 0.982553 
4739 0.982553 
4740 0.986567 
4741 0.986567 
4742 0.986567 
4743 0.986567 
4744 0.986567 
4745 0.986567 
4746 0.986567 
4747 0.983151 
4748 0.983151 
4749 0.983151 
4750 0.983151 
4751 0.983151 
4752 0.983151 
4753 0.983151 
4754 0.801440 
4755 0.801440 
4756 0.801440 
4757 0.801440 
4758 0.801440 
4759 0.801440 
4760 0.801440 
4761 0.342689 
4762 0.342689 
4763 0.342689 
4764 0.342689 
4765 0.342689 
4766 0.342689 
4767 0.342689 
4768 0.220542 
4769 0.220542 
4770 0.220542 
4771 0.220542 
4772 0.220542 
4773 0.220542 
4774 0.220542 
4775 0.142420 
4776 0.142420 
4777 0.142420 
4778 0.142420 
4779 0.142420 
4780 0.142420 
4781 0.142420 
4782 0.098103 
4783 0.098103 
4784 0.098103 
4785 0.098103 
4786 0.098103 
4787 0.098103 
4788 0.098103 
4789 0.071706 
4790 0.071706 
4791 0.071706 
4792 0.071706 
4793 0.071706 
4794 0.071706 
4795 0.071706 
4796 0.063173 
4797 0.063173 
4798 0.063173 
4799 0.063173 
4800 0.063173 
4801 0.063173 
4802 0.063173 
4803 0.061198 
4804 0.061198 
4805 0.061198 
4806 0.061198 
4807 0.061198 
4808 0.061198 
4809 0.061198 
4810 0.061796 
4811 0.061796 
4812 0.061796 
4813 0.061796 
4814 0.061796 
4815 0.061796 
4816 0.061796 
4817 0.071592 
4818 0.071592 
4819 0.071592 
4820 0.071592 
4821 0.071592 
4822 0.071592 
4823 0.071592 
4824 0.094006 
4825 0.094006 
4826 0.094006 
4827 0.094006 
4828 0.094006 
4829 0.094006 
4830 0.094006 
4831 0.094931 
4832 0.094931 
4833 0.094931 
4834 0.094931 
4835 0.094931 
4836 0.094931 
4837 0.094931 
4838 0.098702 
4839 0.098702 
4840 0.098702 
4841 0.098702 
4842 0.098702 
4843 0.098702 
4844 0.098702 
4845 0.104342 
4846 0.104342 
4847 0.104342 
4848 0.104342 
4849 0.104342 
4850 0.104342 
4851 0.104342 
4852 0.113158 
4853 0.113158 
4854 0.113158 
4855 0.113158 
4856 0.113158 
4857 0.113158 
4858 0.113158 
4859 0.104763 
4860 0.104763 
4861 0.104763 
4862 0.104763 
4863 0.104763 
4864 0.104763 
4865 0.104763 
4866 0.109871 
4867 0.109871 
4868 0.109871 
4869 0.109871 
4870 0.109871 
4871 0.109871 
4872 0.109871 
4873 0.117656 
4874 0.117656 
4875 0.117656 
4876 0.117656 
4877 0.117656 
4878 0.117656 
4879 0.117656 
4880 0.122572 
4881 0.122572 
4882 0.122572 
4883 0.122572 
4884 0.122572 
4885 0.122572 
4886 0.122572 
4887 0.106266 
4888 0.106266 
4889 0.106266 
4890 0.106266 
4891 0.106266 
4892 0.106266 
4893 0.106266 
4894 0.110029 
4895 0.110029 
4896 0.110029 
4897 0.110029 
4898 0.110029 
4899 0.110029 
4900 0.110029 
4901 0.118196 
4902 0.118196 
4903 0.118196 
4904 0.118196 
4905 0.118196 
4906 0.118196 
4907 0.118196 
4908 0.098261 
4909 0.098261 
4910 0.098261 
4911 0.098261 
4912 0.098261 
4913 0.098261 
4914 0.098261 
4915 0.101724 
4916 0.101724 
4917 0.101724 
4918 0.101724 
4919 0.101724 
4920 0.101724 
4921 0.101724 
4922 0.210049 
4923 0.210049 
4924 0.210049 
4925 0.210049 
4926 0.210049 
4927 0.210049 
4928 0.210049 
4929 0.269995 
4930 0.269995 
4931 0.269995 
4932 0.269995 
4933 0.269995 
4934 0.269995 
4935 0.269995 
4936 0.383530 
4937 0.383530 
4938 0.383530 
4939 0.383530 
4940 0.383530 
4941 0.383530 
4942 0.383530 
4943 0.638392 
4944 0.638392 
4945 0.638392 
4946 0.638392 
4947 0.638392 
4948 0.638392 
4949 0.638392 
4950 0.713487 
4951 0.713487 
4952 0.713487 
4953 0.713487 
4954 0.713487 
4955 0.713487 
4956 0.713487 
4957 0.558346 
4958 0.558346 
4959 0.558346 
4960 0.558346 
4961 0.558346 
4962 0.558346 
4963 0.558346 
4964 0.111544 
4965 0.111544 
4966 0.111544 
4967 0.111544 
4968 0.111544 
4969 0.111544 
4970 0.111544 
4971 0.220124 
4972 0.220124 
4973 0.220124 
4974 0.220124 
4975 0.220124 
4976 0.220124 
4977 0.220124 
4978 0.332393 
4979 0.332393 
4980 0.332393 
4981 0.332393 
4982 0.332393 
4983 0.332393 
4984 0.332393 
4985 0.318051 
4986 0.318051 
4987 0.318051 
4988 0.318051 
4989 0.318051 
4990 0.318051 
4991 0.318051 
4992 0.271101 
4993 0.271101 
4994 0.271101 
4995 0.271101 
4996 0.271101 
4997 0.271101 
4998 0.271101 
4999 0.216334 
5000 0.216334 
5001 0.216334 
5002 0.216334 
5003 0.216334 
5004 0.216334 
5005 0.216334 
5006 0.140153 
5007 0.140153 
5008 0.140153 
5009 0.140153 
5010 0.140153 
5011 0.140153 
5012 0.140153 
5013 0.116747 
5014 0.116747 
5015 0.116747 
5016 0.116747 
5017 0.116747 
5018 0.116747 
5019 0.116747 
5020 0.112190 
5021 0.112190 
5022 0.112190 
5023 0.112190 
5024 0.112190 
5025 0.112190 
5026 0.112190 
5027 0.140692 
5028 0.140692 
5029 0.140692 
5030 0.140692 
5031 0.140692 
5032 0.140692 
5033 0.140692 
5034 0.115893 
5035 0.115893 
5036 0.115893 
5037 0.115893 
5038 0.115893 
5039 0.115893 
5040 0.115893 
5041 0.111383 
5042 0.111383 
5043 0.111383 
5044 0.111383 
5045 0.111383 
5046 0.111383 
5047 0.111383 
5048 0.100221 
5049 0.100221 
5050 0.100221 
5051 0.100221 
5052 0.100221 
5053 0.100221 
5054 0.100221 
5055 0.170093 
5056 0.170093 
5057 0.170093 
5058 0.170093 
5059 0.170093 
5060 0.170093 
5061 0.170093 
5062 0.301048 
5063 0.301048 
5064 0.301048 
5065 0.301048 
5066 0.301048 
5067 0.301048 
5068 0.301048 
5069 0.483606 
5070 0.483606 
5071 0.483606 
5072 0.483606 
5073 0.483606 
5074 0.483606 
5075 0.483606 
5076 0.623019 
5077 0.623019 
5078 0.623019 
5079 0.623019 
5080 0.623019 
5081 0.623019 
5082 0.623019 
5083 0.720126 
5084 0.720126 
5085 0.720126 
5086 0.720126 
5087 0.720126 
5088 0.720126 
5089 0.720126 
5090 0.406433 
5091 0.406433 
5092 0.406433 
5093 0.406433 
5094 0.406433 
5095 0.406433 
5096 0.406433 
5097 0.304740 
5098 0.304740 
5099 0.304740 
5100 0.304740 
5101 0.304740 
5102 0.304740 
5103 0.304740 
5104 0.301914 
5105 0.301914 
5106 0.301914 
5107 0.301914 
5108 0.301914 
5109 0.301914 
5110 0.301914 
5111 0.380748 
5112 0.380748 
5113 0.380748 
5114 0.380748 
5115 0.380748 
5116 0.380748 
5117 0.380748 
5118 0.337714 
5119 0.337714 
5120 0.337714 
5121 0.337714 
5122 0.337714 
5123 0.337714 
5124 0.337714 
5125 0.333070 
5126 0.333070 
5127 0.333070 
5128 0.333070 
5129 0.333070 
5130 0.333070 
5131 0.333070 
5132 0.343551 
5133 0.343551 
5134 0.343551 
5135 0.343551 
5136 0.343551 
5137 0.343551 
5138 0.343551 
5139 0.421479 
5140 0.421479 
5141 0.421479 
5142 0.421479 
5143 0.421479 
5144 0.421479 
5145 0.421479 
5146 0.419098 
5147 0.419098 
5148 0.419098 
5149 0.419098 
5150 0.419098 
5151 0.419098 
5152 0.419098 
5153 0.418311 
5154 0.418311 
5155 0.418311 
5156 0.418311 
5157 0.418311 
5158 0.418311 
5159 0.418311 
5160 0.396219 
5161 0.396219 
5162 0.396219 
5163 0.396219 
5164 0.396219 
5165 0.396219 
5166 0.396219 
5167 0.399025 
5168 0.399025 
5169 0.399025 
5170 0.399025 
5171 0.399025 
5172 0.399025 
5173 0.399025 
5174 0.405905 
5175 0.405905 
5176 0.405905 
5177 0.405905 
5178 0.405905 
5179 0.405905 
5180 0.405905 
5181 0.411522 
5182 0.411522 
5183 0.411522 
5184 0.411522 
5185 0.411522 
5186 0.411522 
5187 0.411522 
5188 0.353280 
5189 0.353280 
5190 0.353280 
5191 0.353280 
5192 0.353280 
5193 0.353280 
5194 0.353280 
5195 0.326863 
5196 0.326863 
5197 0.326863 
5198 0.326863 
5199 0.326863 
5200 0.326863 
5201 0.326863 
5202 0.337529 
5203 0.337529 
5204 0.337529 
5205 0.337529 
5206 0.337529 
5207 0.337529 
5208 0.337529 
5209 0.343389 
5210 0.343389 
5211 0.343389 
5212 0.343389 
5213 0.343389 
5214 0.343389 
5215 0.343389 
5216 0.348596 
5217 0.348596 
5218 0.348596 
5219 0.348596 
5220 0.348596 
5221 0.348596 
5222 0.348596 
5223 0.076657 
5224 0.076657 
5225 0.076657 
5226 0.076657 
5227 0.076657 
5228 0.076657 
5229 0.076657 
5230 0.159269 
5231 0.159269 
5232 0.159269 
5233 0.159269 
5234 0.159269 
5235 0.159269 
5236 0.159269 
5237 0.225666 
5238 0.225666 
5239 0.225666 
5240 0.225666 
5241 0.225666 
5242 0.225666 
5243 0.225666 
5244 0.343464 
5245 0.343464 
5246 0.343464 
5247 0.343464 
5248 0.343464 
5249 0.343464 
5250 0.343464 
5251 0.357527 
5252 0.357527 
5253 0.357527 
5254 0.357527 
5255 0.357527 
5256 0.357527 
5257 0.357527 
5258 0.390497 
5259 0.390497 
5260 0.390497 
5261 0.390497 
5262 0.390497 
5263 0.390497 
5264 0.390497 
5265 0.465792 
5266 0.465792 
5267 0.465792 
5268 0.465792 
5269 0.465792 
5270 0.465792 
5271 0.465792 
5272 0.219971 
5273 0.219971 
5274 0.219971 
5275 0.219971 
5276 0.219971 
5277 0.219971 
5278 0.219971 
5279 0.224418 
5280 0.224418 
5281 0.224418 
5282 0.224418 
5283 0.224418 
5284 0.224418 
5285 0.224418 
5286 0.210714 
5287 0.210714 
5288 0.210714 
5289 0.210714 
5290 0.210714 
5291 0.210714 
5292 0.210714 
5293 0.332381 
5294 0.332381 
5295 0.332381 
5296 0.332381 
5297 0.332381 
5298 0.332381 
5299 0.332381 
5300 0.535393 
5301 0.535393 
5302 0.535393 
5303 0.535393 
5304 0.535393 
5305 0.535393 
5306 0.535393 
5307 0.745622 
5308 0.745622 
5309 0.745622 
5310 0.745622 
5311 0.745622 
5312 0.745622 
5313 0.745622 
5314 0.831060 
5315 0.831060 
5316 0.831060 
5317 0.831060 
5318 0.831060 
5319 0.831060 
5320 0.831060 
5321 0.910008 
5322 0.910008 
5323 0.910008 
5324 0.910008 
5325 0.910008 
5326 0.910008 
5327 0.910008 
5328 0.919328 
5329 0.919328 
5330 0.919328 
5331 0.919328 
5332 0.919328 
5333 0.919328 
5334 0.919328 
5335 0.930632 
5336 0.930632 
5337 0.930632 
5338 0.930632 
5339 0.930632 
5340 0.930632 
5341 0.930632 
5342 0.933332 
5343 0.933332 
5344 0.933332 
5345 0.933332 
5346 0.933332 
5347 0.933332 
5348 0.933332 
5349 0.898858 
5350 0.898858 
5351 0.898858 
5352 0.898858 
5353 0.898858 
5354 0.898858 
5355 0.898858 
5356 0.913913 
5357 0.913913 
5358 0.913913 
5359 0.913913 
5360 0.913913 
5361 0.913913 
5362 0.913913 
5363 0.879207 
5364 0.879207 
5365 0.879207 
5366 0.879207 
5367 0.879207 
5368 0.879207 
5369 0.879207 
5370 0.632457 
5371 0.632457 
5372 0.632457 
5373 0.632457 
5374 0.632457 
5375 0.632457 
5376 0.632457 
5377 0.605020 
5378 0.605020 
5379 0.605020 
5380 0.605020 
5381 0.605020 
5382 0.605020 
5383 0.605020 
5384 0.543044 
5385 0.543044 
5386 0.543044 
5387 0.543044 
5388 0.543044 
5389 0.543044 
5390 0.543044 
5391 0.554402 
5392 0.554402 
5393 0.554402 
5394 0.554402 
5395 0.554402 
5396 0.554402 
5397 0.554402 
5398 0.591832 
5399 0.591832 
5400 0.591832 
5401 0.591832 
5402 0.591832 
5403 0.591832 
5404 0.591832 
5405 0.582134 
5406 0.582134 
5407 0.582134 
5408 0.582134 
5409 0.582134 
5410 0.582134 
5411 0.582134 
5412 0.558464 
5413 0.558464 
5414 0.558464 
5415 0.558464 
5416 0.558464 
5417 0.558464 
5418 0.558464 
5419 0.566162 
5420 0.566162 
5421 0.566162 
5422 0.566162 
5423 0.566162 
5424 0.566162 
5425 0.566162 
5426 0.606504 
5427 0.606504 
5428 0.606504 
5429 0.606504 
5430 0.606504 
5431 0.606504 
5432 0.606504 
5433 0.625412 
5434 0.625412 
5435 0.625412 
5436 0.625412 
5437 0.625412 
5438 0.625412 
5439 0.625412 
5440 0.664108 
5441 0.664108 
5442 0.664108 
5443 0.664108 
5444 0.664108 
5445 0.664108 
5446 0.664108 
5447 0.689010 
5448 0.689010 
5449 0.689010 
5450 0.689010 
5451 0.689010 
5452 0.689010 
5453 0.689010 
5454 0.703403 
5455 0.703403 
5456 0.703403 
5457 0.703403 
5458 0.703403 
5459 0.703403 
5460 0.703403 
5461 0.708295 
5462 0.708295 
5463 0.708295 
5464 0.708295 
5465 0.708295 
5466 0.708295 
5467 0.708295 
5468 0.753329 
5469 0.753329 
5470 0.753329 
5471 0.753329 
5472 0.753329 
5473 0.753329 
5474 0.753329 
5475 0.812794 
5476 0.812794 
5477 0.812794 
5478 0.812794 
5479 0.812794 
5480 0.812794 
5481 0.812794 
5482 0.816447 
5483 0.816447 
5484 0.816447 
5485 0.816447 
5486 0.816447 
5487 0.816447 
5488 0.816447 
5489 0.823681 
5490 0.823681 
5491 0.823681 
5492 0.823681 
5493 0.823681 
5494 0.823681 
5495 0.823681 
5496 0.902522 
5497 0.902522 
5498 0.902522 
5499 0.902522 
5500 0.902522 
5501 0.902522 
5502 0.902522 
5503 0.973540 
5504 0.973540 
5505 0.973540 
5506 0.973540 
5507 0.973540 
5508 0.973540 
5509 0.973540 
5510 0.978267 
5511 0.978267 
5512 0.978267 
5513 0.978267 
5514 0.978267 
5515 0.978267 
5516 0.978267 
5517 0.980274 
5518 0.980274 
5519 0.980274 
5520 0.980274 
5521 0.980274 
5522 0.980274 
5523 0.980274 
5524 0.982143 
5525 0.982143 
5526 0.982143 
5527 0.982143 
5528 0.982143 
5529 0.982143 
5530 0.982143 
5531 0.981982 
5532 0.981982 
5533 0.981982 
5534 0.981982 
5535 0.981982 
5536 0.981982 
5537 0.981982 
5538 0.980604 
5539 0.980604 
5540 0.980604 
5541 0.980604 
5542 0.980604 
5543 0.980604 
5544 0.980604 
5545 0.980624 
5546 0.980624 
5547 0.980624 
5548 0.980624 
5549 0.980624 
5550 0.980624 
5551 0.980624 
5552 0.979565 
5553 0.979565 
5554 0.979565 
5555 0.979565 
5556 0.979565 
5557 0.979565 
5558 0.979565 
5559 0.978459 
5560 0.978459 
5561 0.978459 
5562 0.978459 
5563 0.978459 
5564 0.978459 
5565 0.978459 
5566 0.976165 
5567 0.976165 
5568 0.976165 
5569 0.976165 
5570 0.976165 
5571 0.976165 
5572 0.976165 
5573 0.974890 
5574 0.974890 
5575 0.974890 
5576 0.974890 
5577 0.974890 
5578 0.974890 
5579 0.974890 
5580 0.973666 
5581 0.973666 
5582 0.973666 
5583 0.973666 
5584 0.973666 
5585 0.973666 
5586 0.973666 
5587 0.973508 
5588 0.973508 
5589 0.973508 
5590 0.973508 
5591 0.973508 
5592 0.973508 
5593 0.973508 
5594 0.974543 
5595 0.974543 
5596 0.974543 
5597 0.974543 
5598 0.974543 
5599 0.974543 
5600 0.974543 
5601 0.974535 
5602 0.974535 
5603 0.974535 
5604 0.974535 
5605 0.974535 
5606 0.974535 
5607 0.974535 
5608 0.973803 
5609 0.973803 
5610 0.973803 
5611 0.973803 
5612 0.973803 
5613 0.973803 
5614 0.973803 
5615 0.971690 
5616 0.971690 
5617 0.971690 
5618 0.971690 
5619 0.971690 
5620 0.971690 
5621 0.971690 
5622 0.969155 
5623 0.969155 
5624 0.969155 
5625 0.969155 
5626 0.969155 
5627 0.969155 
5628 0.969155 
5629 0.970005 
5630 0.970005 
5631 0.970005 
5632 0.970005 
5633 0.970005 
5634 0.970005 
5635 0.970005 
5636 0.972221 
5637 0.972221 
5638 0.972221 
5639 0.972221 
5640 0.972221 
5641 0.972221 
5642 0.972221 
5643 0.972886 
5644 0.972886 
5645 0.972886 
5646 0.972886 
5647 0.972886 
5648 0.972886 
5649 0.972886 
5650 0.971946 
5651 0.971946 
5652 0.971946 
5653 0.971946 
5654 0.971946 
5655 0.971946 
5656 0.971946 
5657 0.972867 
5658 0.972867 
5659 0.972867 
5660 0.972867 
5661 0.972867 
5662 0.972867 
5663 0.972867 
5664 0.973729 
5665 0.973729 
5666 0.973729 
5667 0.973729 
5668 0.973729 
5669 0.973729 
5670 0.973729 
5671 0.975020 
5672 0.975020 
5673 0.975020 
5674 0.975020 
5675 0.975020 
5676 0.975020 
5677 0.975020 
5678 0.975390 
5679 0.975390 
5680 0.975390 
5681 0.975390 
5682 0.975390 
5683 0.975390 
5684 0.975390 
5685 0.975087 
5686 0.975087 
5687 0.975087 
5688 0.975087 
5689 0.975087 
5690 0.975087 
5691 0.975087 
5692 0.974890 
5693 0.974890 
5694 0.974890 
5695 0.974890 
5696 0.974890 
5697 0.974890 
5698 0.974890 
5699 0.975106 
5700 0.975106 
5701 0.975106 
5702 0.975106 
5703 0.975106 
5704 0.975106 
5705 0.975106 
5706 0.975189 
5707 0.975189 
5708 0.975189 
5709 0.975189 
5710 0.975189 
5711 0.975189 
5712 0.975189 
5713 0.975582 
5714 0.975582 
5715 0.975582 
5716 0.975582 
5717 0.975582 
5718 0.975582 
5719 0.975582 
5720 0.975941 
5721 0.975941 
5722 0.975941 
5723 0.975941 
5724 0.975941 
5725 0.975941 
5726 0.975941 
5727 0.976090 
5728 0.976090 
5729 0.976090 
5730 0.976090 
5731 0.976090 
5732 0.976090 
5733 0.976090 
5734 0.976102 
5735 0.976102 
5736 0.976102 
Time taken: 239.661807
