1 0.150468 
2 0.150468 
3 0.150468 
4 0.150468 
5 0.150468 
6 0.150468 
7 0.150468 
8 0.150468 
9 0.150468 
10 0.150468 
11 0.150468 
12 0.150468 
13 0.150468 
14 0.273461 
15 0.273461 
16 0.273461 
17 0.273461 
18 0.273461 
19 0.273461 
20 0.273461 
21 0.273461 
22 0.273461 
23 0.273461 
24 0.273461 
25 0.273461 
26 0.273461 
27 0.274378 
28 0.274378 
29 0.274378 
30 0.274378 
31 0.274378 
32 0.274378 
33 0.274378 
34 0.274378 
35 0.274378 
36 0.274378 
37 0.274378 
38 0.274378 
39 0.274378 
40 0.284191 
41 0.284191 
42 0.284191 
43 0.284191 
44 0.284191 
45 0.284191 
46 0.284191 
47 0.284191 
48 0.284191 
49 0.284191 
50 0.284191 
51 0.284191 
52 0.284191 
53 0.262944 
54 0.262944 
55 0.262944 
56 0.262944 
57 0.262944 
58 0.262944 
59 0.262944 
60 0.262944 
61 0.262944 
62 0.262944 
63 0.262944 
64 0.262944 
65 0.262944 
66 0.248495 
67 0.248495 
68 0.248495 
69 0.248495 
70 0.248495 
71 0.248495 
72 0.248495 
73 0.248495 
74 0.248495 
75 0.248495 
76 0.248495 
77 0.248495 
78 0.248495 
79 0.250114 
80 0.250114 
81 0.250114 
82 0.250114 
83 0.250114 
84 0.250114 
85 0.250114 
86 0.250114 
87 0.250114 
88 0.250114 
89 0.250114 
90 0.250114 
91 0.250114 
92 0.369353 
93 0.369353 
94 0.369353 
95 0.369353 
96 0.369353 
97 0.369353 
98 0.369353 
99 0.369353 
100 0.369353 
101 0.369353 
102 0.369353 
103 0.369353 
104 0.369353 
105 0.418737 
106 0.418737 
107 0.418737 
108 0.418737 
109 0.418737 
110 0.418737 
111 0.418737 
112 0.418737 
113 0.418737 
114 0.418737 
115 0.418737 
116 0.418737 
117 0.418737 
118 0.469806 
119 0.469806 
120 0.469806 
121 0.469806 
122 0.469806 
123 0.469806 
124 0.469806 
125 0.469806 
126 0.469806 
127 0.469806 
128 0.469806 
129 0.469806 
130 0.469806 
131 0.464402 
132 0.464402 
133 0.464402 
134 0.464402 
135 0.464402 
136 0.464402 
137 0.464402 
138 0.464402 
139 0.464402 
140 0.464402 
141 0.464402 
142 0.464402 
143 0.464402 
144 0.424094 
145 0.424094 
146 0.424094 
147 0.424094 
148 0.424094 
149 0.424094 
150 0.424094 
151 0.424094 
152 0.424094 
153 0.424094 
154 0.424094 
155 0.424094 
156 0.424094 
157 0.392293 
158 0.392293 
159 0.392293 
160 0.392293 
161 0.392293 
162 0.392293 
163 0.392293 
164 0.392293 
165 0.392293 
166 0.392293 
167 0.392293 
168 0.392293 
169 0.392293 
170 0.381149 
171 0.381149 
172 0.381149 
173 0.381149 
174 0.381149 
175 0.381149 
176 0.381149 
177 0.381149 
178 0.381149 
179 0.381149 
180 0.381149 
181 0.381149 
182 0.381149 
183 0.362413 
184 0.362413 
185 0.362413 
186 0.362413 
187 0.362413 
188 0.362413 
189 0.362413 
190 0.362413 
191 0.362413 
192 0.362413 
193 0.362413 
194 0.362413 
195 0.362413 
196 0.350716 
197 0.350716 
198 0.350716 
199 0.350716 
200 0.350716 
201 0.350716 
202 0.350716 
203 0.350716 
204 0.350716 
205 0.350716 
206 0.350716 
207 0.350716 
208 0.350716 
209 0.349505 
210 0.349505 
211 0.349505 
212 0.349505 
213 0.349505 
214 0.349505 
215 0.349505 
216 0.349505 
217 0.349505 
218 0.349505 
219 0.349505 
220 0.349505 
221 0.349505 
222 0.364980 
223 0.364980 
224 0.364980 
225 0.364980 
226 0.364980 
227 0.364980 
228 0.364980 
229 0.364980 
230 0.364980 
231 0.364980 
232 0.364980 
233 0.364980 
234 0.364980 
235 0.356805 
236 0.356805 
237 0.356805 
238 0.356805 
239 0.356805 
240 0.356805 
241 0.356805 
242 0.356805 
243 0.356805 
244 0.356805 
245 0.356805 
246 0.356805 
247 0.356805 
248 0.350735 
249 0.350735 
250 0.350735 
251 0.350735 
252 0.350735 
253 0.350735 
254 0.350735 
255 0.350735 
256 0.350735 
257 0.350735 
258 0.350735 
259 0.350735 
260 0.350735 
261 0.348043 
262 0.348043 
263 0.348043 
264 0.348043 
265 0.348043 
266 0.348043 
267 0.348043 
268 0.348043 
269 0.348043 
270 0.348043 
271 0.348043 
272 0.348043 
273 0.348043 
274 0.345621 
275 0.345621 
276 0.345621 
277 0.345621 
278 0.345621 
279 0.345621 
280 0.345621 
281 0.345621 
282 0.345621 
283 0.345621 
284 0.345621 
285 0.345621 
286 0.345621 
287 0.345825 
288 0.345825 
289 0.345825 
290 0.345825 
291 0.345825 
292 0.345825 
293 0.345825 
294 0.345825 
295 0.345825 
296 0.345825 
297 0.345825 
298 0.345825 
299 0.345825 
300 0.343015 
301 0.343015 
302 0.343015 
303 0.343015 
304 0.343015 
305 0.343015 
306 0.343015 
307 0.343015 
308 0.343015 
309 0.343015 
310 0.343015 
311 0.343015 
312 0.343015 
313 0.343497 
314 0.343497 
315 0.343497 
316 0.343497 
317 0.343497 
318 0.343497 
319 0.343497 
320 0.343497 
321 0.343497 
322 0.343497 
323 0.343497 
324 0.343497 
325 0.343497 
326 0.346715 
327 0.346715 
328 0.346715 
329 0.346715 
330 0.346715 
331 0.346715 
332 0.346715 
333 0.346715 
334 0.346715 
335 0.346715 
336 0.346715 
337 0.346715 
338 0.346715 
339 0.346973 
340 0.346973 
341 0.346973 
342 0.346973 
343 0.346973 
344 0.346973 
345 0.346973 
346 0.346973 
347 0.346973 
348 0.346973 
349 0.346973 
350 0.346973 
351 0.346973 
352 0.402220 
353 0.402220 
354 0.402220 
355 0.402220 
356 0.402220 
357 0.402220 
358 0.402220 
359 0.402220 
360 0.402220 
361 0.402220 
362 0.402220 
363 0.402220 
364 0.402220 
365 0.395240 
366 0.395240 
367 0.395240 
368 0.395240 
369 0.395240 
370 0.395240 
371 0.395240 
372 0.395240 
373 0.395240 
374 0.395240 
375 0.395240 
376 0.395240 
377 0.395240 
378 0.384938 
379 0.384938 
380 0.384938 
381 0.384938 
382 0.384938 
383 0.384938 
384 0.384938 
385 0.384938 
386 0.384938 
387 0.384938 
388 0.384938 
389 0.384938 
390 0.384938 
391 0.393485 
392 0.393485 
393 0.393485 
394 0.393485 
395 0.393485 
396 0.393485 
397 0.393485 
398 0.393485 
399 0.393485 
400 0.393485 
401 0.393485 
402 0.393485 
403 0.393485 
404 0.407138 
405 0.407138 
406 0.407138 
407 0.407138 
408 0.407138 
409 0.407138 
410 0.407138 
411 0.407138 
412 0.407138 
413 0.407138 
414 0.407138 
415 0.407138 
416 0.407138 
417 0.470398 
418 0.470398 
419 0.470398 
420 0.470398 
421 0.470398 
422 0.470398 
423 0.470398 
424 0.470398 
425 0.470398 
426 0.470398 
427 0.470398 
428 0.470398 
429 0.470398 
430 0.573731 
431 0.573731 
432 0.573731 
433 0.573731 
434 0.573731 
435 0.573731 
436 0.573731 
437 0.573731 
438 0.573731 
439 0.573731 
440 0.573731 
441 0.573731 
442 0.573731 
443 0.642223 
444 0.642223 
445 0.642223 
446 0.642223 
447 0.642223 
448 0.642223 
449 0.642223 
450 0.642223 
451 0.642223 
452 0.642223 
453 0.642223 
454 0.642223 
455 0.642223 
456 0.688288 
457 0.688288 
458 0.688288 
459 0.688288 
460 0.688288 
461 0.688288 
462 0.688288 
463 0.688288 
464 0.688288 
465 0.688288 
466 0.688288 
467 0.688288 
468 0.688288 
469 0.725582 
470 0.725582 
471 0.725582 
472 0.725582 
473 0.725582 
474 0.725582 
475 0.725582 
476 0.725582 
477 0.725582 
478 0.725582 
479 0.725582 
480 0.725582 
481 0.725582 
482 0.724791 
483 0.724791 
484 0.724791 
485 0.724791 
486 0.724791 
487 0.724791 
488 0.724791 
489 0.724791 
490 0.724791 
491 0.724791 
492 0.724791 
493 0.724791 
494 0.724791 
495 0.716028 
496 0.716028 
497 0.716028 
498 0.716028 
499 0.716028 
500 0.716028 
501 0.716028 
502 0.716028 
503 0.716028 
504 0.716028 
505 0.716028 
506 0.716028 
507 0.716028 
508 0.752069 
509 0.752069 
510 0.752069 
511 0.752069 
512 0.752069 
513 0.752069 
514 0.752069 
515 0.752069 
516 0.752069 
517 0.752069 
518 0.752069 
519 0.752069 
520 0.752069 
521 0.837306 
522 0.837306 
523 0.837306 
524 0.837306 
525 0.837306 
526 0.837306 
527 0.837306 
528 0.837306 
529 0.837306 
530 0.837306 
531 0.837306 
532 0.837306 
533 0.837306 
534 0.920481 
535 0.920481 
536 0.920481 
537 0.920481 
538 0.920481 
539 0.920481 
540 0.920481 
541 0.920481 
542 0.920481 
543 0.920481 
544 0.920481 
545 0.920481 
546 0.920481 
547 0.956639 
548 0.956639 
549 0.956639 
550 0.956639 
551 0.956639 
552 0.956639 
553 0.956639 
554 0.956639 
555 0.956639 
556 0.956639 
557 0.956639 
558 0.956639 
559 0.956639 
560 0.957552 
561 0.957552 
562 0.957552 
563 0.957552 
564 0.957552 
565 0.957552 
566 0.957552 
567 0.957552 
568 0.957552 
569 0.957552 
570 0.957552 
571 0.957552 
572 0.957552 
573 0.951172 
574 0.951172 
575 0.951172 
576 0.951172 
577 0.951172 
578 0.951172 
579 0.951172 
580 0.951172 
581 0.951172 
582 0.951172 
583 0.951172 
584 0.951172 
585 0.951172 
586 0.953743 
587 0.953743 
588 0.953743 
589 0.953743 
590 0.953743 
591 0.953743 
592 0.953743 
593 0.953743 
594 0.953743 
595 0.953743 
596 0.953743 
597 0.953743 
598 0.953743 
599 0.975335 
600 0.975335 
601 0.975335 
602 0.975335 
603 0.975335 
604 0.975335 
605 0.975335 
606 0.975335 
607 0.975335 
608 0.975335 
609 0.975335 
610 0.975335 
611 0.975335 
612 0.979348 
613 0.979348 
614 0.979348 
615 0.979348 
616 0.979348 
617 0.979348 
618 0.979348 
619 0.979348 
620 0.979348 
621 0.979348 
622 0.979348 
623 0.979348 
624 0.979348 
625 0.982076 
626 0.982076 
627 0.982076 
628 0.982076 
629 0.982076 
630 0.982076 
631 0.982076 
632 0.982076 
633 0.982076 
634 0.982076 
635 0.982076 
636 0.982076 
637 0.982076 
638 0.983584 
639 0.983584 
640 0.983584 
641 0.983584 
642 0.983584 
643 0.983584 
644 0.983584 
645 0.983584 
646 0.983584 
647 0.983584 
648 0.983584 
649 0.983584 
650 0.983584 
651 0.983236 
652 0.983236 
653 0.983236 
654 0.983236 
655 0.983236 
656 0.983236 
657 0.983236 
658 0.983236 
659 0.983236 
660 0.983236 
661 0.983236 
662 0.983236 
663 0.983236 
664 0.981441 
665 0.981441 
666 0.981441 
667 0.981441 
668 0.981441 
669 0.981441 
670 0.981441 
671 0.981441 
672 0.981441 
673 0.981441 
674 0.981441 
675 0.981441 
676 0.981441 
677 0.981927 
678 0.981927 
679 0.981927 
680 0.981927 
681 0.981927 
682 0.981927 
683 0.981927 
684 0.981927 
685 0.981927 
686 0.981927 
687 0.981927 
688 0.981927 
689 0.981927 
690 0.982397 
691 0.982397 
692 0.982397 
693 0.982397 
694 0.982397 
695 0.982397 
696 0.982397 
697 0.982397 
698 0.982397 
699 0.982397 
700 0.982397 
701 0.982397 
702 0.982397 
703 0.981253 
704 0.981253 
705 0.981253 
706 0.981253 
707 0.981253 
708 0.981253 
709 0.981253 
710 0.981253 
711 0.981253 
712 0.981253 
713 0.981253 
714 0.981253 
715 0.981253 
716 0.981680 
717 0.981680 
718 0.981680 
719 0.981680 
720 0.981680 
721 0.981680 
722 0.981680 
723 0.981680 
724 0.981680 
725 0.981680 
726 0.981680 
727 0.981680 
728 0.981680 
729 0.980786 
730 0.980786 
731 0.980786 
732 0.980786 
733 0.980786 
734 0.980786 
735 0.980786 
736 0.980786 
737 0.980786 
738 0.980786 
739 0.980786 
740 0.980786 
741 0.980786 
742 0.980261 
743 0.980261 
744 0.980261 
745 0.980261 
746 0.980261 
747 0.980261 
748 0.980261 
749 0.980261 
750 0.980261 
751 0.980261 
752 0.980261 
753 0.980261 
754 0.980261 
755 0.979721 
756 0.979721 
757 0.979721 
758 0.979721 
759 0.979721 
760 0.979721 
761 0.979721 
762 0.979721 
763 0.979721 
764 0.979721 
765 0.979721 
766 0.979721 
767 0.979721 
768 0.979877 
769 0.979877 
770 0.979877 
771 0.979877 
772 0.979877 
773 0.979877 
774 0.979877 
775 0.979877 
776 0.979877 
777 0.979877 
778 0.979877 
779 0.979877 
780 0.979877 
781 0.979775 
782 0.979775 
783 0.979775 
784 0.979775 
785 0.979775 
786 0.979775 
787 0.979775 
788 0.979775 
789 0.979775 
790 0.979775 
791 0.979775 
792 0.979775 
793 0.979775 
794 0.979074 
795 0.979074 
796 0.979074 
797 0.979074 
798 0.979074 
799 0.979074 
800 0.979074 
801 0.979074 
802 0.979074 
803 0.979074 
804 0.979074 
805 0.979074 
806 0.979074 
807 0.976997 
808 0.976997 
809 0.976997 
810 0.976997 
811 0.976997 
812 0.976997 
813 0.976997 
814 0.976997 
815 0.976997 
816 0.976997 
817 0.976997 
818 0.976997 
819 0.976997 
820 0.975708 
821 0.975708 
822 0.975708 
823 0.975708 
824 0.975708 
825 0.975708 
826 0.975708 
827 0.975708 
828 0.975708 
829 0.975708 
830 0.975708 
831 0.975708 
832 0.975708 
833 0.975876 
834 0.975876 
835 0.975876 
836 0.975876 
837 0.975876 
838 0.975876 
839 0.975876 
840 0.975876 
841 0.975876 
842 0.975876 
843 0.975876 
844 0.975876 
845 0.975876 
846 0.975747 
847 0.975747 
848 0.975747 
849 0.975747 
850 0.975747 
851 0.975747 
852 0.975747 
853 0.975747 
854 0.975747 
855 0.975747 
856 0.975747 
857 0.975747 
858 0.975747 
859 0.975347 
860 0.975347 
861 0.975347 
862 0.975347 
863 0.975347 
864 0.975347 
865 0.975347 
866 0.975347 
867 0.975347 
868 0.975347 
869 0.975347 
870 0.975347 
871 0.975347 
872 0.975649 
873 0.975649 
874 0.975649 
875 0.975649 
876 0.975649 
877 0.975649 
878 0.975649 
879 0.975649 
880 0.975649 
881 0.975649 
882 0.975649 
883 0.975649 
884 0.975649 
885 0.975320 
886 0.975320 
887 0.975320 
888 0.975320 
889 0.975320 
890 0.975320 
891 0.975320 
892 0.975320 
893 0.975320 
894 0.975320 
895 0.975320 
896 0.975320 
897 0.975320 
898 0.975402 
899 0.975402 
900 0.975402 
901 0.975402 
902 0.975402 
903 0.975402 
904 0.975402 
905 0.975402 
906 0.975402 
907 0.975402 
908 0.975402 
909 0.975402 
910 0.975402 
911 0.975661 
912 0.975661 
913 0.975661 
914 0.975661 
915 0.975661 
916 0.975661 
917 0.975661 
918 0.975661 
919 0.975661 
920 0.975661 
921 0.975661 
922 0.975661 
923 0.975661 
924 0.975473 
925 0.975473 
926 0.975473 
927 0.975473 
928 0.975473 
929 0.975473 
930 0.975473 
931 0.975473 
932 0.975473 
933 0.975473 
934 0.975473 
935 0.975473 
936 0.975473 
937 0.976021 
938 0.976021 
939 0.976021 
940 0.976021 
941 0.976021 
942 0.976021 
943 0.976021 
944 0.976021 
945 0.976021 
946 0.976021 
947 0.976021 
948 0.976021 
949 0.976021 
950 0.976198 
951 0.976198 
952 0.976198 
953 0.976198 
954 0.976198 
955 0.976198 
956 0.976198 
957 0.976198 
958 0.976198 
959 0.976198 
960 0.976198 
961 0.976198 
962 0.976198 
963 0.976652 
964 0.976652 
965 0.976652 
966 0.976652 
967 0.976652 
968 0.976652 
969 0.976652 
970 0.976652 
971 0.976652 
972 0.976652 
973 0.976652 
974 0.976652 
975 0.976652 
976 0.975876 
977 0.975876 
978 0.975876 
979 0.975876 
980 0.975876 
981 0.975876 
982 0.975876 
983 0.975876 
984 0.975876 
985 0.975876 
986 0.975876 
987 0.975876 
988 0.975876 
989 0.975978 
990 0.975978 
991 0.975978 
992 0.975978 
993 0.975978 
994 0.975978 
995 0.975978 
996 0.975978 
997 0.975978 
998 0.975978 
999 0.975978 
1000 0.975978 
1001 0.975978 
1002 0.976221 
1003 0.976221 
1004 0.976221 
1005 0.976221 
1006 0.976221 
1007 0.976221 
1008 0.976221 
1009 0.976221 
1010 0.976221 
1011 0.976221 
1012 0.976221 
1013 0.976221 
1014 0.976221 
1015 0.974991 
1016 0.974991 
1017 0.974991 
1018 0.974991 
1019 0.974991 
1020 0.974991 
1021 0.974991 
1022 0.974991 
1023 0.974991 
1024 0.974991 
1025 0.974991 
1026 0.974991 
1027 0.974991 
1028 0.974865 
1029 0.974865 
1030 0.974865 
1031 0.974865 
1032 0.974865 
1033 0.974865 
1034 0.974865 
1035 0.974865 
1036 0.974865 
1037 0.974865 
1038 0.974865 
1039 0.974865 
1040 0.974865 
1041 0.976491 
1042 0.976491 
1043 0.976491 
1044 0.976491 
1045 0.976491 
1046 0.976491 
1047 0.976491 
1048 0.976491 
1049 0.976491 
1050 0.976491 
1051 0.976491 
1052 0.976491 
1053 0.976491 
1054 0.976668 
1055 0.976668 
1056 0.976668 
1057 0.976668 
1058 0.976668 
1059 0.976668 
1060 0.976668 
1061 0.976668 
1062 0.976668 
1063 0.976668 
1064 0.976668 
1065 0.976668 
1066 0.976668 
1067 0.975927 
1068 0.975927 
1069 0.975927 
1070 0.975927 
1071 0.975927 
1072 0.975927 
1073 0.975927 
1074 0.975927 
1075 0.975927 
1076 0.975927 
1077 0.975927 
1078 0.975927 
1079 0.975927 
1080 0.975955 
1081 0.975955 
1082 0.975955 
1083 0.975955 
1084 0.975955 
1085 0.975955 
1086 0.975955 
1087 0.975955 
1088 0.975955 
1089 0.975955 
1090 0.975955 
1091 0.975955 
1092 0.975955 
1093 0.975962 
1094 0.975962 
1095 0.975962 
1096 0.975962 
1097 0.975962 
1098 0.975962 
1099 0.975962 
1100 0.975962 
1101 0.975962 
1102 0.975962 
1103 0.975962 
1104 0.975962 
1105 0.975962 
1106 0.975951 
1107 0.975951 
1108 0.975951 
1109 0.975951 
1110 0.975951 
1111 0.975951 
1112 0.975951 
1113 0.975951 
1114 0.975951 
1115 0.975951 
1116 0.975951 
1117 0.975951 
1118 0.975951 
1119 0.975817 
1120 0.975817 
1121 0.975817 
1122 0.975817 
1123 0.975817 
1124 0.975817 
1125 0.975817 
1126 0.975817 
1127 0.975817 
1128 0.975817 
1129 0.975817 
1130 0.975817 
1131 0.975817 
1132 0.976158 
1133 0.976158 
1134 0.976158 
1135 0.976158 
1136 0.976158 
1137 0.976158 
1138 0.976158 
1139 0.976158 
1140 0.976158 
1141 0.976158 
1142 0.976158 
1143 0.976158 
1144 0.976158 
1145 0.976049 
1146 0.976049 
1147 0.976049 
1148 0.976049 
1149 0.976049 
1150 0.976049 
1151 0.976049 
1152 0.976049 
1153 0.976049 
1154 0.976049 
1155 0.976049 
1156 0.976049 
1157 0.976049 
1158 0.976292 
1159 0.976292 
1160 0.976292 
1161 0.976292 
1162 0.976292 
1163 0.976292 
1164 0.976292 
1165 0.976292 
1166 0.976292 
1167 0.976292 
1168 0.976292 
1169 0.976292 
1170 0.976292 
1171 0.976201 
1172 0.976201 
1173 0.976201 
1174 0.976201 
1175 0.976201 
1176 0.976201 
1177 0.976201 
1178 0.976201 
1179 0.976201 
1180 0.976201 
1181 0.976201 
1182 0.976201 
1183 0.976201 
1184 0.976715 
1185 0.976715 
1186 0.976715 
1187 0.976715 
1188 0.976715 
1189 0.976715 
1190 0.976715 
1191 0.976715 
1192 0.976715 
1193 0.976715 
1194 0.976715 
1195 0.976715 
1196 0.976715 
1197 0.975723 
1198 0.975723 
1199 0.975723 
1200 0.975723 
1201 0.975723 
1202 0.975723 
1203 0.975723 
1204 0.975723 
1205 0.975723 
1206 0.975723 
1207 0.975723 
1208 0.975723 
1209 0.975723 
1210 0.976233 
1211 0.976233 
1212 0.976233 
1213 0.976233 
1214 0.976233 
1215 0.976233 
1216 0.976233 
1217 0.976233 
1218 0.976233 
1219 0.976233 
1220 0.976233 
1221 0.976233 
1222 0.976233 
1223 0.975966 
1224 0.975966 
1225 0.975966 
1226 0.975966 
1227 0.975966 
1228 0.975966 
1229 0.975966 
1230 0.975966 
1231 0.975966 
1232 0.975966 
1233 0.975966 
1234 0.975966 
1235 0.975966 
1236 0.975766 
1237 0.975766 
1238 0.975766 
1239 0.975766 
1240 0.975766 
1241 0.975766 
1242 0.975766 
1243 0.975766 
1244 0.975766 
1245 0.975766 
1246 0.975766 
1247 0.975766 
1248 0.975766 
1249 0.976174 
1250 0.976174 
1251 0.976174 
1252 0.976174 
1253 0.976174 
1254 0.976174 
1255 0.976174 
1256 0.976174 
1257 0.976174 
1258 0.976174 
1259 0.976174 
1260 0.976174 
1261 0.976174 
1262 0.975966 
1263 0.975966 
1264 0.975966 
1265 0.975966 
1266 0.975966 
1267 0.975966 
1268 0.975966 
1269 0.975966 
1270 0.975966 
1271 0.975966 
1272 0.975966 
1273 0.975966 
1274 0.975966 
1275 0.976441 
1276 0.976441 
1277 0.976441 
1278 0.976441 
1279 0.976441 
1280 0.976441 
1281 0.976441 
1282 0.976441 
1283 0.976441 
1284 0.976441 
1285 0.976441 
1286 0.976441 
1287 0.976441 
1288 0.975704 
1289 0.975704 
1290 0.975704 
1291 0.975704 
1292 0.975704 
1293 0.975704 
1294 0.975704 
1295 0.975704 
1296 0.975704 
1297 0.975704 
1298 0.975704 
1299 0.975704 
1300 0.975704 
1301 0.976225 
1302 0.976225 
1303 0.976225 
1304 0.976225 
1305 0.976225 
1306 0.976225 
1307 0.976225 
1308 0.976225 
1309 0.976225 
1310 0.976225 
1311 0.976225 
1312 0.976225 
1313 0.976225 
1314 0.976092 
1315 0.976092 
1316 0.976092 
1317 0.976092 
1318 0.976092 
1319 0.976092 
1320 0.976092 
1321 0.976092 
1322 0.976092 
1323 0.976092 
1324 0.976092 
1325 0.976092 
1326 0.976092 
1327 0.976868 
1328 0.976868 
1329 0.976868 
1330 0.976868 
1331 0.976868 
1332 0.976868 
1333 0.976868 
1334 0.976868 
1335 0.976868 
1336 0.976868 
1337 0.976868 
1338 0.976868 
1339 0.976868 
1340 0.977064 
1341 0.977064 
1342 0.977064 
1343 0.977064 
1344 0.977064 
1345 0.977064 
1346 0.977064 
1347 0.977064 
1348 0.977064 
1349 0.977064 
1350 0.977064 
1351 0.977064 
1352 0.977064 
1353 0.976538 
1354 0.976538 
1355 0.976538 
1356 0.976538 
1357 0.976538 
1358 0.976538 
1359 0.976538 
1360 0.976538 
1361 0.976538 
1362 0.976538 
1363 0.976538 
1364 0.976538 
1365 0.976538 
1366 0.977036 
1367 0.977036 
1368 0.977036 
1369 0.977036 
1370 0.977036 
1371 0.977036 
1372 0.977036 
1373 0.977036 
1374 0.977036 
1375 0.977036 
1376 0.977036 
1377 0.977036 
1378 0.977036 
1379 0.977134 
1380 0.977134 
1381 0.977134 
1382 0.977134 
1383 0.977134 
1384 0.977134 
1385 0.977134 
1386 0.977134 
1387 0.977134 
1388 0.977134 
1389 0.977134 
1390 0.977134 
1391 0.977134 
1392 0.976570 
1393 0.976570 
1394 0.976570 
1395 0.976570 
1396 0.976570 
1397 0.976570 
1398 0.976570 
1399 0.976570 
1400 0.976570 
1401 0.976570 
1402 0.976570 
1403 0.976570 
1404 0.976570 
1405 0.977385 
1406 0.977385 
1407 0.977385 
1408 0.977385 
1409 0.977385 
1410 0.977385 
1411 0.977385 
1412 0.977385 
1413 0.977385 
1414 0.977385 
1415 0.977385 
1416 0.977385 
1417 0.977385 
1418 0.977616 
1419 0.977616 
1420 0.977616 
1421 0.977616 
1422 0.977616 
1423 0.977616 
1424 0.977616 
1425 0.977616 
1426 0.977616 
1427 0.977616 
1428 0.977616 
1429 0.977616 
1430 0.977616 
1431 0.977503 
1432 0.977503 
1433 0.977503 
1434 0.977503 
1435 0.977503 
1436 0.977503 
1437 0.977503 
1438 0.977503 
1439 0.977503 
1440 0.977503 
1441 0.977503 
1442 0.977503 
1443 0.977503 
1444 0.976703 
1445 0.976703 
1446 0.976703 
1447 0.976703 
1448 0.976703 
1449 0.976703 
1450 0.976703 
1451 0.976703 
1452 0.976703 
1453 0.976703 
1454 0.976703 
1455 0.976703 
1456 0.976703 
1457 0.977557 
1458 0.977557 
1459 0.977557 
1460 0.977557 
1461 0.977557 
1462 0.977557 
1463 0.977557 
1464 0.977557 
1465 0.977557 
1466 0.977557 
1467 0.977557 
1468 0.977557 
1469 0.977557 
1470 0.979348 
1471 0.979348 
1472 0.979348 
1473 0.979348 
1474 0.979348 
1475 0.979348 
1476 0.979348 
1477 0.979348 
1478 0.979348 
1479 0.979348 
1480 0.979348 
1481 0.979348 
1482 0.979348 
1483 0.979509 
1484 0.979509 
1485 0.979509 
1486 0.979509 
1487 0.979509 
1488 0.979509 
1489 0.979509 
1490 0.979509 
1491 0.979509 
1492 0.979509 
1493 0.979509 
1494 0.979509 
1495 0.979509 
1496 0.980767 
1497 0.980767 
1498 0.980767 
1499 0.980767 
1500 0.980767 
1501 0.980767 
1502 0.980767 
1503 0.980767 
1504 0.980767 
1505 0.980767 
1506 0.980767 
1507 0.980767 
1508 0.980767 
1509 0.985003 
1510 0.985003 
1511 0.985003 
1512 0.985003 
1513 0.985003 
1514 0.985003 
1515 0.985003 
1516 0.985003 
1517 0.985003 
1518 0.985003 
1519 0.985003 
1520 0.985003 
1521 0.985003 
1522 0.988001 
1523 0.988001 
1524 0.988001 
1525 0.988001 
1526 0.988001 
1527 0.988001 
1528 0.988001 
1529 0.988001 
1530 0.988001 
1531 0.988001 
1532 0.988001 
1533 0.988001 
1534 0.988001 
1535 0.988745 
1536 0.988745 
1537 0.988745 
1538 0.988745 
1539 0.988745 
1540 0.988745 
1541 0.988745 
1542 0.988745 
1543 0.988745 
1544 0.988745 
1545 0.988745 
1546 0.988745 
1547 0.988745 
1548 0.986574 
1549 0.986574 
1550 0.986574 
1551 0.986574 
1552 0.986574 
1553 0.986574 
1554 0.986574 
1555 0.986574 
1556 0.986574 
1557 0.986574 
1558 0.986574 
1559 0.986574 
1560 0.986574 
1561 0.987413 
1562 0.987413 
1563 0.987413 
1564 0.987413 
1565 0.987413 
1566 0.987413 
1567 0.987413 
1568 0.987413 
1569 0.987413 
1570 0.987413 
1571 0.987413 
1572 0.987413 
1573 0.987413 
1574 0.983886 
1575 0.983886 
1576 0.983886 
1577 0.983886 
1578 0.983886 
1579 0.983886 
1580 0.983886 
1581 0.983886 
1582 0.983886 
1583 0.983886 
1584 0.983886 
1585 0.983886 
1586 0.983886 
1587 0.982197 
1588 0.982197 
1589 0.982197 
1590 0.982197 
1591 0.982197 
1592 0.982197 
1593 0.982197 
1594 0.982197 
1595 0.982197 
1596 0.982197 
1597 0.982197 
1598 0.982197 
1599 0.982197 
1600 0.984889 
1601 0.984889 
1602 0.984889 
1603 0.984889 
1604 0.984889 
1605 0.984889 
1606 0.984889 
1607 0.984889 
1608 0.984889 
1609 0.984889 
1610 0.984889 
1611 0.984889 
1612 0.984889 
1613 0.989267 
1614 0.989267 
1615 0.989267 
1616 0.989267 
1617 0.989267 
1618 0.989267 
1619 0.989267 
1620 0.989267 
1621 0.989267 
1622 0.989267 
1623 0.989267 
1624 0.989267 
1625 0.989267 
1626 0.989662 
1627 0.989662 
1628 0.989662 
1629 0.989662 
1630 0.989662 
1631 0.989662 
1632 0.989662 
1633 0.989662 
1634 0.989662 
1635 0.989662 
1636 0.989662 
1637 0.989662 
1638 0.989662 
1639 0.990814 
1640 0.990814 
1641 0.990814 
1642 0.990814 
1643 0.990814 
1644 0.990814 
1645 0.990814 
1646 0.990814 
1647 0.990814 
1648 0.990814 
1649 0.990814 
1650 0.990814 
1651 0.990814 
1652 0.990497 
1653 0.990497 
1654 0.990497 
1655 0.990497 
1656 0.990497 
1657 0.990497 
1658 0.990497 
1659 0.990497 
1660 0.990497 
1661 0.990497 
1662 0.990497 
1663 0.990497 
1664 0.990497 
1665 0.987252 
1666 0.987252 
1667 0.987252 
1668 0.987252 
1669 0.987252 
1670 0.987252 
1671 0.987252 
1672 0.987252 
1673 0.987252 
1674 0.987252 
1675 0.987252 
1676 0.987252 
1677 0.987252 
1678 0.983663 
1679 0.983663 
1680 0.983663 
1681 0.983663 
1682 0.983663 
1683 0.983663 
1684 0.983663 
1685 0.983663 
1686 0.983663 
1687 0.983663 
1688 0.983663 
1689 0.983663 
1690 0.983663 
1691 0.971895 
1692 0.971895 
1693 0.971895 
1694 0.971895 
1695 0.971895 
1696 0.971895 
1697 0.971895 
1698 0.971895 
1699 0.971895 
1700 0.971895 
1701 0.971895 
1702 0.971895 
1703 0.971895 
1704 0.978180 
1705 0.978180 
1706 0.978180 
1707 0.978180 
1708 0.978180 
1709 0.978180 
1710 0.978180 
1711 0.978180 
1712 0.978180 
1713 0.978180 
1714 0.978180 
1715 0.978180 
1716 0.978180 
1717 0.969939 
1718 0.969939 
1719 0.969939 
1720 0.969939 
1721 0.969939 
1722 0.969939 
1723 0.969939 
1724 0.969939 
1725 0.969939 
1726 0.969939 
1727 0.969939 
1728 0.969939 
1729 0.969939 
1730 0.971910 
1731 0.971910 
1732 0.971910 
1733 0.971910 
1734 0.971910 
1735 0.971910 
1736 0.971910 
1737 0.971910 
1738 0.971910 
1739 0.971910 
1740 0.971910 
1741 0.971910 
1742 0.971910 
1743 0.900668 
1744 0.900668 
1745 0.900668 
1746 0.900668 
1747 0.900668 
1748 0.900668 
1749 0.900668 
1750 0.900668 
1751 0.900668 
1752 0.900668 
1753 0.900668 
1754 0.900668 
1755 0.900668 
1756 0.696407 
1757 0.696407 
1758 0.696407 
1759 0.696407 
1760 0.696407 
1761 0.696407 
1762 0.696407 
1763 0.696407 
1764 0.696407 
1765 0.696407 
1766 0.696407 
1767 0.696407 
1768 0.696407 
1769 0.713140 
1770 0.713140 
1771 0.713140 
1772 0.713140 
1773 0.713140 
1774 0.713140 
1775 0.713140 
1776 0.713140 
1777 0.713140 
1778 0.713140 
1779 0.713140 
1780 0.713140 
1781 0.713140 
1782 0.836933 
1783 0.836933 
1784 0.836933 
1785 0.836933 
1786 0.836933 
1787 0.836933 
1788 0.836933 
1789 0.836933 
1790 0.836933 
1791 0.836933 
1792 0.836933 
1793 0.836933 
1794 0.836933 
1795 0.739945 
1796 0.739945 
1797 0.739945 
1798 0.739945 
1799 0.739945 
1800 0.739945 
1801 0.739945 
1802 0.739945 
1803 0.739945 
1804 0.739945 
1805 0.739945 
1806 0.739945 
1807 0.739945 
1808 0.769347 
1809 0.769347 
1810 0.769347 
1811 0.769347 
1812 0.769347 
1813 0.769347 
1814 0.769347 
1815 0.769347 
1816 0.769347 
1817 0.769347 
1818 0.769347 
1819 0.769347 
1820 0.769347 
1821 0.726366 
1822 0.726366 
1823 0.726366 
1824 0.726366 
1825 0.726366 
1826 0.726366 
1827 0.726366 
1828 0.726366 
1829 0.726366 
1830 0.726366 
1831 0.726366 
1832 0.726366 
1833 0.726366 
1834 0.703018 
1835 0.703018 
1836 0.703018 
1837 0.703018 
1838 0.703018 
1839 0.703018 
1840 0.703018 
1841 0.703018 
1842 0.703018 
1843 0.703018 
1844 0.703018 
1845 0.703018 
1846 0.703018 
1847 0.564836 
1848 0.564836 
1849 0.564836 
1850 0.564836 
1851 0.564836 
1852 0.564836 
1853 0.564836 
1854 0.564836 
1855 0.564836 
1856 0.564836 
1857 0.564836 
1858 0.564836 
1859 0.564836 
1860 0.596546 
1861 0.596546 
1862 0.596546 
1863 0.596546 
1864 0.596546 
1865 0.596546 
1866 0.596546 
1867 0.596546 
1868 0.596546 
1869 0.596546 
1870 0.596546 
1871 0.596546 
1872 0.596546 
1873 0.698124 
1874 0.698124 
1875 0.698124 
1876 0.698124 
1877 0.698124 
1878 0.698124 
1879 0.698124 
1880 0.698124 
1881 0.698124 
1882 0.698124 
1883 0.698124 
1884 0.698124 
1885 0.698124 
1886 0.633950 
1887 0.633950 
1888 0.633950 
1889 0.633950 
1890 0.633950 
1891 0.633950 
1892 0.633950 
1893 0.633950 
1894 0.633950 
1895 0.633950 
1896 0.633950 
1897 0.633950 
1898 0.633950 
1899 0.651401 
1900 0.651401 
1901 0.651401 
1902 0.651401 
1903 0.651401 
1904 0.651401 
1905 0.651401 
1906 0.651401 
1907 0.651401 
1908 0.651401 
1909 0.651401 
1910 0.651401 
1911 0.651401 
1912 0.834214 
1913 0.834214 
1914 0.834214 
1915 0.834214 
1916 0.834214 
1917 0.834214 
1918 0.834214 
1919 0.834214 
1920 0.834214 
1921 0.834214 
1922 0.834214 
1923 0.834214 
1924 0.834214 
1925 0.746414 
1926 0.746414 
1927 0.746414 
1928 0.746414 
1929 0.746414 
1930 0.746414 
1931 0.746414 
1932 0.746414 
1933 0.746414 
1934 0.746414 
1935 0.746414 
1936 0.746414 
1937 0.746414 
1938 0.375835 
1939 0.375835 
1940 0.375835 
1941 0.375835 
1942 0.375835 
1943 0.375835 
1944 0.375835 
1945 0.375835 
1946 0.375835 
1947 0.375835 
1948 0.375835 
1949 0.375835 
1950 0.375835 
1951 0.257888 
1952 0.257888 
1953 0.257888 
1954 0.257888 
1955 0.257888 
1956 0.257888 
1957 0.257888 
1958 0.257888 
1959 0.257888 
1960 0.257888 
1961 0.257888 
1962 0.257888 
1963 0.257888 
1964 0.107718 
1965 0.107718 
1966 0.107718 
1967 0.107718 
1968 0.107718 
1969 0.107718 
1970 0.107718 
1971 0.107718 
1972 0.107718 
1973 0.107718 
1974 0.107718 
1975 0.107718 
1976 0.107718 
1977 0.083661 
1978 0.083661 
1979 0.083661 
1980 0.083661 
1981 0.083661 
1982 0.083661 
1983 0.083661 
1984 0.083661 
1985 0.083661 
1986 0.083661 
1987 0.083661 
1988 0.083661 
1989 0.083661 
1990 0.064412 
1991 0.064412 
1992 0.064412 
1993 0.064412 
1994 0.064412 
1995 0.064412 
1996 0.064412 
1997 0.064412 
1998 0.064412 
1999 0.064412 
2000 0.064412 
2001 0.064412 
2002 0.064412 
2003 0.151977 
2004 0.151977 
2005 0.151977 
2006 0.151977 
2007 0.151977 
2008 0.151977 
2009 0.151977 
2010 0.151977 
2011 0.151977 
2012 0.151977 
2013 0.151977 
2014 0.151977 
2015 0.151977 
2016 0.560231 
2017 0.560231 
2018 0.560231 
2019 0.560231 
2020 0.560231 
2021 0.560231 
2022 0.560231 
2023 0.560231 
2024 0.560231 
2025 0.560231 
2026 0.560231 
2027 0.560231 
2028 0.560231 
2029 0.894649 
2030 0.894649 
2031 0.894649 
2032 0.894649 
2033 0.894649 
2034 0.894649 
2035 0.894649 
2036 0.894649 
2037 0.894649 
2038 0.894649 
2039 0.894649 
2040 0.894649 
2041 0.894649 
2042 0.732953 
2043 0.732953 
2044 0.732953 
2045 0.732953 
2046 0.732953 
2047 0.732953 
2048 0.732953 
2049 0.732953 
2050 0.732953 
2051 0.732953 
2052 0.732953 
2053 0.732953 
2054 0.732953 
2055 0.318304 
2056 0.318304 
2057 0.318304 
2058 0.318304 
2059 0.318304 
2060 0.318304 
2061 0.318304 
2062 0.318304 
2063 0.318304 
2064 0.318304 
2065 0.318304 
2066 0.318304 
2067 0.318304 
2068 0.126626 
2069 0.126626 
2070 0.126626 
2071 0.126626 
2072 0.126626 
2073 0.126626 
2074 0.126626 
2075 0.126626 
2076 0.126626 
2077 0.126626 
2078 0.126626 
2079 0.126626 
2080 0.126626 
2081 0.074217 
2082 0.074217 
2083 0.074217 
2084 0.074217 
2085 0.074217 
2086 0.074217 
2087 0.074217 
2088 0.074217 
2089 0.074217 
2090 0.074217 
2091 0.074217 
2092 0.074217 
2093 0.074217 
2094 0.069299 
2095 0.069299 
2096 0.069299 
2097 0.069299 
2098 0.069299 
2099 0.069299 
2100 0.069299 
2101 0.069299 
2102 0.069299 
2103 0.069299 
2104 0.069299 
2105 0.069299 
2106 0.069299 
2107 0.123742 
2108 0.123742 
2109 0.123742 
2110 0.123742 
2111 0.123742 
2112 0.123742 
2113 0.123742 
2114 0.123742 
2115 0.123742 
2116 0.123742 
2117 0.123742 
2118 0.123742 
2119 0.123742 
2120 0.889107 
2121 0.889107 
2122 0.889107 
2123 0.889107 
2124 0.889107 
2125 0.889107 
2126 0.889107 
2127 0.889107 
2128 0.889107 
2129 0.889107 
2130 0.889107 
2131 0.889107 
2132 0.889107 
2133 0.990948 
2134 0.990948 
2135 0.990948 
2136 0.990948 
2137 0.990948 
2138 0.990948 
2139 0.990948 
2140 0.990948 
2141 0.990948 
2142 0.990948 
2143 0.990948 
2144 0.990948 
2145 0.990948 
2146 0.994890 
2147 0.994890 
2148 0.994890 
2149 0.994890 
2150 0.994890 
2151 0.994890 
2152 0.994890 
2153 0.994890 
2154 0.994890 
2155 0.994890 
2156 0.994890 
2157 0.994890 
2158 0.994890 
2159 0.981746 
2160 0.981746 
2161 0.981746 
2162 0.981746 
2163 0.981746 
2164 0.981746 
2165 0.981746 
2166 0.981746 
2167 0.981746 
2168 0.981746 
2169 0.981746 
2170 0.981746 
2171 0.981746 
2172 0.943927 
2173 0.943927 
2174 0.943927 
2175 0.943927 
2176 0.943927 
2177 0.943927 
2178 0.943927 
2179 0.943927 
2180 0.943927 
2181 0.943927 
2182 0.943927 
2183 0.943927 
2184 0.943927 
2185 0.131556 
2186 0.131556 
2187 0.131556 
2188 0.131556 
2189 0.131556 
2190 0.131556 
2191 0.131556 
2192 0.131556 
2193 0.131556 
2194 0.131556 
2195 0.131556 
2196 0.131556 
2197 0.131556 
2198 0.079370 
2199 0.079370 
2200 0.079370 
2201 0.079370 
2202 0.079370 
2203 0.079370 
2204 0.079370 
2205 0.079370 
2206 0.079370 
2207 0.079370 
2208 0.079370 
2209 0.079370 
2210 0.079370 
2211 0.095249 
2212 0.095249 
2213 0.095249 
2214 0.095249 
2215 0.095249 
2216 0.095249 
2217 0.095249 
2218 0.095249 
2219 0.095249 
2220 0.095249 
2221 0.095249 
2222 0.095249 
2223 0.095249 
2224 0.095574 
2225 0.095574 
2226 0.095574 
2227 0.095574 
2228 0.095574 
2229 0.095574 
2230 0.095574 
2231 0.095574 
2232 0.095574 
2233 0.095574 
2234 0.095574 
2235 0.095574 
2236 0.095574 
2237 0.090942 
2238 0.090942 
2239 0.090942 
2240 0.090942 
2241 0.090942 
2242 0.090942 
2243 0.090942 
2244 0.090942 
2245 0.090942 
2246 0.090942 
2247 0.090942 
2248 0.090942 
2249 0.090942 
2250 0.098501 
2251 0.098501 
2252 0.098501 
2253 0.098501 
2254 0.098501 
2255 0.098501 
2256 0.098501 
2257 0.098501 
2258 0.098501 
2259 0.098501 
2260 0.098501 
2261 0.098501 
2262 0.098501 
2263 0.096346 
2264 0.096346 
2265 0.096346 
2266 0.096346 
2267 0.096346 
2268 0.096346 
2269 0.096346 
2270 0.096346 
2271 0.096346 
2272 0.096346 
2273 0.096346 
2274 0.096346 
2275 0.096346 
2276 0.225535 
2277 0.225535 
2278 0.225535 
2279 0.225535 
2280 0.225535 
2281 0.225535 
2282 0.225535 
2283 0.225535 
2284 0.225535 
2285 0.225535 
2286 0.225535 
2287 0.225535 
2288 0.225535 
2289 0.324891 
2290 0.324891 
2291 0.324891 
2292 0.324891 
2293 0.324891 
2294 0.324891 
2295 0.324891 
2296 0.324891 
2297 0.324891 
2298 0.324891 
2299 0.324891 
2300 0.324891 
2301 0.324891 
2302 0.287828 
2303 0.287828 
2304 0.287828 
2305 0.287828 
2306 0.287828 
2307 0.287828 
2308 0.287828 
2309 0.287828 
2310 0.287828 
2311 0.287828 
2312 0.287828 
2313 0.287828 
2314 0.287828 
2315 0.235066 
2316 0.235066 
2317 0.235066 
2318 0.235066 
2319 0.235066 
2320 0.235066 
2321 0.235066 
2322 0.235066 
2323 0.235066 
2324 0.235066 
2325 0.235066 
2326 0.235066 
2327 0.235066 
2328 0.158756 
2329 0.158756 
2330 0.158756 
2331 0.158756 
2332 0.158756 
2333 0.158756 
2334 0.158756 
2335 0.158756 
2336 0.158756 
2337 0.158756 
2338 0.158756 
2339 0.158756 
2340 0.158756 
2341 0.137281 
2342 0.137281 
2343 0.137281 
2344 0.137281 
2345 0.137281 
2346 0.137281 
2347 0.137281 
2348 0.137281 
2349 0.137281 
2350 0.137281 
2351 0.137281 
2352 0.137281 
2353 0.137281 
2354 0.165637 
2355 0.165637 
2356 0.165637 
2357 0.165637 
2358 0.165637 
2359 0.165637 
2360 0.165637 
2361 0.165637 
2362 0.165637 
2363 0.165637 
2364 0.165637 
2365 0.165637 
2366 0.165637 
2367 0.130866 
2368 0.130866 
2369 0.130866 
2370 0.130866 
2371 0.130866 
2372 0.130866 
2373 0.130866 
2374 0.130866 
2375 0.130866 
2376 0.130866 
2377 0.130866 
2378 0.130866 
2379 0.130866 
2380 0.100908 
2381 0.100908 
2382 0.100908 
2383 0.100908 
2384 0.100908 
2385 0.100908 
2386 0.100908 
2387 0.100908 
2388 0.100908 
2389 0.100908 
2390 0.100908 
2391 0.100908 
2392 0.100908 
2393 0.340923 
2394 0.340923 
2395 0.340923 
2396 0.340923 
2397 0.340923 
2398 0.340923 
2399 0.340923 
2400 0.340923 
2401 0.340923 
2402 0.340923 
2403 0.340923 
2404 0.340923 
2405 0.340923 
2406 0.694401 
2407 0.694401 
2408 0.694401 
2409 0.694401 
2410 0.694401 
2411 0.694401 
2412 0.694401 
2413 0.694401 
2414 0.694401 
2415 0.694401 
2416 0.694401 
2417 0.694401 
2418 0.694401 
2419 0.072179 
2420 0.072179 
2421 0.072179 
2422 0.072179 
2423 0.072179 
2424 0.072179 
2425 0.072179 
2426 0.072179 
2427 0.072179 
2428 0.072179 
2429 0.072179 
2430 0.072179 
2431 0.072179 
2432 0.097063 
2433 0.097063 
2434 0.097063 
2435 0.097063 
2436 0.097063 
2437 0.097063 
2438 0.097063 
2439 0.097063 
2440 0.097063 
2441 0.097063 
2442 0.097063 
2443 0.097063 
2444 0.097063 
2445 0.238687 
2446 0.238687 
2447 0.238687 
2448 0.238687 
2449 0.238687 
2450 0.238687 
2451 0.238687 
2452 0.238687 
2453 0.238687 
2454 0.238687 
2455 0.238687 
2456 0.238687 
2457 0.238687 
2458 0.160700 
2459 0.160700 
2460 0.160700 
2461 0.160700 
2462 0.160700 
2463 0.160700 
2464 0.160700 
2465 0.160700 
2466 0.160700 
2467 0.160700 
2468 0.160700 
2469 0.160700 
2470 0.160700 
2471 0.112566 
2472 0.112566 
2473 0.112566 
2474 0.112566 
2475 0.112566 
2476 0.112566 
2477 0.112566 
2478 0.112566 
2479 0.112566 
2480 0.112566 
2481 0.112566 
2482 0.112566 
2483 0.112566 
2484 0.161143 
2485 0.161143 
2486 0.161143 
2487 0.161143 
2488 0.161143 
2489 0.161143 
2490 0.161143 
2491 0.161143 
2492 0.161143 
2493 0.161143 
2494 0.161143 
2495 0.161143 
2496 0.161143 
2497 0.136505 
2498 0.136505 
2499 0.136505 
2500 0.136505 
2501 0.136505 
2502 0.136505 
2503 0.136505 
2504 0.136505 
2505 0.136505 
2506 0.136505 
2507 0.136505 
2508 0.136505 
2509 0.136505 
2510 0.184820 
2511 0.184820 
2512 0.184820 
2513 0.184820 
2514 0.184820 
2515 0.184820 
2516 0.184820 
2517 0.184820 
2518 0.184820 
2519 0.184820 
2520 0.184820 
2521 0.184820 
2522 0.184820 
2523 0.300493 
2524 0.300493 
2525 0.300493 
2526 0.300493 
2527 0.300493 
2528 0.300493 
2529 0.300493 
2530 0.300493 
2531 0.300493 
2532 0.300493 
2533 0.300493 
2534 0.300493 
2535 0.300493 
2536 0.294411 
2537 0.294411 
2538 0.294411 
2539 0.294411 
2540 0.294411 
2541 0.294411 
2542 0.294411 
2543 0.294411 
2544 0.294411 
2545 0.294411 
2546 0.294411 
2547 0.294411 
2548 0.294411 
2549 0.115442 
2550 0.115442 
2551 0.115442 
2552 0.115442 
2553 0.115442 
2554 0.115442 
2555 0.115442 
2556 0.115442 
2557 0.115442 
2558 0.115442 
2559 0.115442 
2560 0.115442 
2561 0.115442 
2562 0.157189 
2563 0.157189 
2564 0.157189 
2565 0.157189 
2566 0.157189 
2567 0.157189 
2568 0.157189 
2569 0.157189 
2570 0.157189 
2571 0.157189 
2572 0.157189 
2573 0.157189 
2574 0.157189 
2575 0.165967 
2576 0.165967 
2577 0.165967 
2578 0.165967 
2579 0.165967 
2580 0.165967 
2581 0.165967 
2582 0.165967 
2583 0.165967 
2584 0.165967 
2585 0.165967 
2586 0.165967 
2587 0.165967 
2588 0.173334 
2589 0.173334 
2590 0.173334 
2591 0.173334 
2592 0.173334 
2593 0.173334 
2594 0.173334 
2595 0.173334 
2596 0.173334 
2597 0.173334 
2598 0.173334 
2599 0.173334 
2600 0.173334 
2601 0.184530 
2602 0.184530 
2603 0.184530 
2604 0.184530 
2605 0.184530 
2606 0.184530 
2607 0.184530 
2608 0.184530 
2609 0.184530 
2610 0.184530 
2611 0.184530 
2612 0.184530 
2613 0.184530 
2614 0.208007 
2615 0.208007 
2616 0.208007 
2617 0.208007 
2618 0.208007 
2619 0.208007 
2620 0.208007 
2621 0.208007 
2622 0.208007 
2623 0.208007 
2624 0.208007 
2625 0.208007 
2626 0.208007 
2627 0.266800 
2628 0.266800 
2629 0.266800 
2630 0.266800 
2631 0.266800 
2632 0.266800 
2633 0.266800 
2634 0.266800 
2635 0.266800 
2636 0.266800 
2637 0.266800 
2638 0.266800 
2639 0.266800 
2640 0.356437 
2641 0.356437 
2642 0.356437 
2643 0.356437 
2644 0.356437 
2645 0.356437 
2646 0.356437 
2647 0.356437 
2648 0.356437 
2649 0.356437 
2650 0.356437 
2651 0.356437 
2652 0.356437 
2653 0.665179 
2654 0.665179 
2655 0.665179 
2656 0.665179 
2657 0.665179 
2658 0.665179 
2659 0.665179 
2660 0.665179 
2661 0.665179 
2662 0.665179 
2663 0.665179 
2664 0.665179 
2665 0.665179 
2666 0.738491 
2667 0.738491 
2668 0.738491 
2669 0.738491 
2670 0.738491 
2671 0.738491 
2672 0.738491 
2673 0.738491 
2674 0.738491 
2675 0.738491 
2676 0.738491 
2677 0.738491 
2678 0.738491 
2679 0.596095 
2680 0.596095 
2681 0.596095 
2682 0.596095 
2683 0.596095 
2684 0.596095 
2685 0.596095 
2686 0.596095 
2687 0.596095 
2688 0.596095 
2689 0.596095 
2690 0.596095 
2691 0.596095 
2692 0.247500 
2693 0.247500 
2694 0.247500 
2695 0.247500 
2696 0.247500 
2697 0.247500 
2698 0.247500 
2699 0.247500 
2700 0.247500 
2701 0.247500 
2702 0.247500 
2703 0.247500 
2704 0.247500 
2705 0.225955 
2706 0.225955 
2707 0.225955 
2708 0.225955 
2709 0.225955 
2710 0.225955 
2711 0.225955 
2712 0.225955 
2713 0.225955 
2714 0.225955 
2715 0.225955 
2716 0.225955 
2717 0.225955 
2718 0.205530 
2719 0.205530 
2720 0.205530 
2721 0.205530 
2722 0.205530 
2723 0.205530 
2724 0.205530 
2725 0.205530 
2726 0.205530 
2727 0.205530 
2728 0.205530 
2729 0.205530 
2730 0.205530 
2731 0.215785 
2732 0.215785 
2733 0.215785 
2734 0.215785 
2735 0.215785 
2736 0.215785 
2737 0.215785 
2738 0.215785 
2739 0.215785 
2740 0.215785 
2741 0.215785 
2742 0.215785 
2743 0.215785 
2744 0.285163 
2745 0.285163 
2746 0.285163 
2747 0.285163 
2748 0.285163 
2749 0.285163 
2750 0.285163 
2751 0.285163 
2752 0.285163 
2753 0.285163 
2754 0.285163 
2755 0.285163 
2756 0.285163 
2757 0.316121 
2758 0.316121 
2759 0.316121 
2760 0.316121 
2761 0.316121 
2762 0.316121 
2763 0.316121 
2764 0.316121 
2765 0.316121 
2766 0.316121 
2767 0.316121 
2768 0.316121 
2769 0.316121 
2770 0.352569 
2771 0.352569 
2772 0.352569 
2773 0.352569 
2774 0.352569 
2775 0.352569 
2776 0.352569 
2777 0.352569 
2778 0.352569 
2779 0.352569 
2780 0.352569 
2781 0.352569 
2782 0.352569 
2783 0.369710 
2784 0.369710 
2785 0.369710 
2786 0.369710 
2787 0.369710 
2788 0.369710 
2789 0.369710 
2790 0.369710 
2791 0.369710 
2792 0.369710 
2793 0.369710 
2794 0.369710 
2795 0.369710 
2796 0.409430 
2797 0.409430 
2798 0.409430 
2799 0.409430 
2800 0.409430 
2801 0.409430 
2802 0.409430 
2803 0.409430 
2804 0.409430 
2805 0.409430 
2806 0.409430 
2807 0.409430 
2808 0.409430 
2809 0.425948 
2810 0.425948 
2811 0.425948 
2812 0.425948 
2813 0.425948 
2814 0.425948 
2815 0.425948 
2816 0.425948 
2817 0.425948 
2818 0.425948 
2819 0.425948 
2820 0.425948 
2821 0.425948 
2822 0.449734 
2823 0.449734 
2824 0.449734 
2825 0.449734 
2826 0.449734 
2827 0.449734 
2828 0.449734 
2829 0.449734 
2830 0.449734 
2831 0.449734 
2832 0.449734 
2833 0.449734 
2834 0.449734 
2835 0.438926 
2836 0.438926 
2837 0.438926 
2838 0.438926 
2839 0.438926 
2840 0.438926 
2841 0.438926 
2842 0.438926 
2843 0.438926 
2844 0.438926 
2845 0.438926 
2846 0.438926 
2847 0.438926 
2848 0.445416 
2849 0.445416 
2850 0.445416 
2851 0.445416 
2852 0.445416 
2853 0.445416 
2854 0.445416 
2855 0.445416 
2856 0.445416 
2857 0.445416 
2858 0.445416 
2859 0.445416 
2860 0.445416 
2861 0.484525 
2862 0.484525 
2863 0.484525 
2864 0.484525 
2865 0.484525 
2866 0.484525 
2867 0.484525 
2868 0.484525 
2869 0.484525 
2870 0.484525 
2871 0.484525 
2872 0.484525 
2873 0.484525 
2874 0.480512 
2875 0.480512 
2876 0.480512 
2877 0.480512 
2878 0.480512 
2879 0.480512 
2880 0.480512 
2881 0.480512 
2882 0.480512 
2883 0.480512 
2884 0.480512 
2885 0.480512 
2886 0.480512 
2887 0.484595 
2888 0.484595 
2889 0.484595 
2890 0.484595 
2891 0.484595 
2892 0.484595 
2893 0.484595 
2894 0.484595 
2895 0.484595 
2896 0.484595 
2897 0.484595 
2898 0.484595 
2899 0.484595 
2900 0.466260 
2901 0.466260 
2902 0.466260 
2903 0.466260 
2904 0.466260 
2905 0.466260 
2906 0.466260 
2907 0.466260 
2908 0.466260 
2909 0.466260 
2910 0.466260 
2911 0.466260 
2912 0.466260 
2913 0.468732 
2914 0.468732 
2915 0.468732 
2916 0.468732 
2917 0.468732 
2918 0.468732 
2919 0.468732 
2920 0.468732 
2921 0.468732 
2922 0.468732 
2923 0.468732 
2924 0.468732 
2925 0.468732 
2926 0.487621 
2927 0.487621 
2928 0.487621 
2929 0.487621 
2930 0.487621 
2931 0.487621 
2932 0.487621 
2933 0.487621 
2934 0.487621 
2935 0.487621 
2936 0.487621 
2937 0.487621 
2938 0.487621 
2939 0.519108 
2940 0.519108 
2941 0.519108 
2942 0.519108 
2943 0.519108 
2944 0.519108 
2945 0.519108 
2946 0.519108 
2947 0.519108 
2948 0.519108 
2949 0.519108 
2950 0.519108 
2951 0.519108 
2952 0.530578 
2953 0.530578 
2954 0.530578 
2955 0.530578 
2956 0.530578 
2957 0.530578 
2958 0.530578 
2959 0.530578 
2960 0.530578 
2961 0.530578 
2962 0.530578 
2963 0.530578 
2964 0.530578 
2965 0.602695 
2966 0.602695 
2967 0.602695 
2968 0.602695 
2969 0.602695 
2970 0.602695 
2971 0.602695 
2972 0.602695 
2973 0.602695 
2974 0.602695 
2975 0.602695 
2976 0.602695 
2977 0.602695 
2978 0.968971 
2979 0.968971 
2980 0.968971 
2981 0.968971 
2982 0.968971 
2983 0.968971 
2984 0.968971 
2985 0.968971 
2986 0.968971 
2987 0.968971 
2988 0.968971 
2989 0.968971 
2990 0.968971 
2991 0.990603 
2992 0.990603 
2993 0.990603 
2994 0.990603 
2995 0.990603 
2996 0.990603 
2997 0.990603 
2998 0.990603 
2999 0.990603 
3000 0.990603 
3001 0.990603 
3002 0.990603 
3003 0.990603 
3004 0.991861 
3005 0.991861 
3006 0.991861 
3007 0.991861 
3008 0.991861 
3009 0.991861 
3010 0.991861 
3011 0.991861 
3012 0.991861 
3013 0.991861 
3014 0.991861 
3015 0.991861 
3016 0.991861 
3017 0.990552 
3018 0.990552 
3019 0.990552 
3020 0.990552 
3021 0.990552 
3022 0.990552 
3023 0.990552 
3024 0.990552 
3025 0.990552 
3026 0.990552 
3027 0.990552 
3028 0.990552 
3029 0.990552 
3030 0.987468 
3031 0.987468 
3032 0.987468 
3033 0.987468 
3034 0.987468 
3035 0.987468 
3036 0.987468 
3037 0.987468 
3038 0.987468 
3039 0.987468 
3040 0.987468 
3041 0.987468 
3042 0.987468 
3043 0.986970 
3044 0.986970 
3045 0.986970 
3046 0.986970 
3047 0.986970 
3048 0.986970 
3049 0.986970 
3050 0.986970 
3051 0.986970 
3052 0.986970 
3053 0.986970 
3054 0.986970 
3055 0.986970 
3056 0.986331 
3057 0.986331 
3058 0.986331 
3059 0.986331 
3060 0.986331 
3061 0.986331 
3062 0.986331 
3063 0.986331 
3064 0.986331 
3065 0.986331 
3066 0.986331 
3067 0.986331 
3068 0.986331 
3069 0.981652 
3070 0.981652 
3071 0.981652 
3072 0.981652 
3073 0.981652 
3074 0.981652 
3075 0.981652 
3076 0.981652 
3077 0.981652 
3078 0.981652 
3079 0.981652 
3080 0.981652 
3081 0.981652 
3082 0.980771 
3083 0.980771 
3084 0.980771 
3085 0.980771 
3086 0.980771 
3087 0.980771 
3088 0.980771 
3089 0.980771 
3090 0.980771 
3091 0.980771 
3092 0.980771 
3093 0.980771 
3094 0.980771 
3095 0.977083 
3096 0.977083 
3097 0.977083 
3098 0.977083 
3099 0.977083 
3100 0.977083 
3101 0.977083 
3102 0.977083 
3103 0.977083 
3104 0.977083 
3105 0.977083 
3106 0.977083 
3107 0.977083 
3108 0.979019 
3109 0.979019 
3110 0.979019 
3111 0.979019 
3112 0.979019 
3113 0.979019 
3114 0.979019 
3115 0.979019 
3116 0.979019 
3117 0.979019 
3118 0.979019 
3119 0.979019 
3120 0.979019 
3121 0.977416 
3122 0.977416 
3123 0.977416 
3124 0.977416 
3125 0.977416 
3126 0.977416 
3127 0.977416 
3128 0.977416 
3129 0.977416 
3130 0.977416 
3131 0.977416 
3132 0.977416 
3133 0.977416 
3134 0.973639 
3135 0.973639 
3136 0.973639 
3137 0.973639 
3138 0.973639 
3139 0.973639 
3140 0.973639 
3141 0.973639 
3142 0.973639 
3143 0.973639 
3144 0.973639 
3145 0.973639 
3146 0.973639 
3147 0.963262 
3148 0.963262 
3149 0.963262 
3150 0.963262 
3151 0.963262 
3152 0.963262 
3153 0.963262 
3154 0.963262 
3155 0.963262 
3156 0.963262 
3157 0.963262 
3158 0.963262 
3159 0.963262 
3160 0.962447 
3161 0.962447 
3162 0.962447 
3163 0.962447 
3164 0.962447 
3165 0.962447 
3166 0.962447 
3167 0.962447 
3168 0.962447 
3169 0.962447 
3170 0.962447 
3171 0.962447 
3172 0.962447 
3173 0.959982 
3174 0.959982 
3175 0.959982 
3176 0.959982 
3177 0.959982 
3178 0.959982 
3179 0.959982 
3180 0.959982 
3181 0.959982 
3182 0.959982 
3183 0.959982 
3184 0.959982 
3185 0.959982 
3186 0.959629 
3187 0.959629 
3188 0.959629 
3189 0.959629 
3190 0.959629 
3191 0.959629 
3192 0.959629 
3193 0.959629 
3194 0.959629 
3195 0.959629 
3196 0.959629 
3197 0.959629 
3198 0.959629 
3199 0.958865 
3200 0.958865 
3201 0.958865 
3202 0.958865 
3203 0.958865 
3204 0.958865 
3205 0.958865 
3206 0.958865 
3207 0.958865 
3208 0.958865 
3209 0.958865 
3210 0.958865 
3211 0.958865 
3212 0.958955 
3213 0.958955 
3214 0.958955 
3215 0.958955 
3216 0.958955 
3217 0.958955 
3218 0.958955 
3219 0.958955 
3220 0.958955 
3221 0.958955 
3222 0.958955 
3223 0.958955 
3224 0.958955 
3225 0.959798 
3226 0.959798 
3227 0.959798 
3228 0.959798 
3229 0.959798 
3230 0.959798 
3231 0.959798 
3232 0.959798 
3233 0.959798 
3234 0.959798 
3235 0.959798 
3236 0.959798 
3237 0.959798 
3238 0.958865 
3239 0.958865 
3240 0.958865 
3241 0.958865 
3242 0.958865 
3243 0.958865 
3244 0.958865 
3245 0.958865 
3246 0.958865 
3247 0.958865 
3248 0.958865 
3249 0.958865 
3250 0.958865 
3251 0.959124 
3252 0.959124 
3253 0.959124 
3254 0.959124 
3255 0.959124 
3256 0.959124 
3257 0.959124 
3258 0.959124 
3259 0.959124 
3260 0.959124 
3261 0.959124 
3262 0.959124 
3263 0.959124 
3264 0.959950 
3265 0.959950 
3266 0.959950 
3267 0.959950 
3268 0.959950 
3269 0.959950 
3270 0.959950 
3271 0.959950 
3272 0.959950 
3273 0.959950 
3274 0.959950 
3275 0.959950 
3276 0.959950 
3277 0.959175 
3278 0.959175 
3279 0.959175 
3280 0.959175 
3281 0.959175 
3282 0.959175 
3283 0.959175 
3284 0.959175 
3285 0.959175 
3286 0.959175 
3287 0.959175 
3288 0.959175 
3289 0.959175 
3290 0.956980 
3291 0.956980 
3292 0.956980 
3293 0.956980 
3294 0.956980 
3295 0.956980 
3296 0.956980 
3297 0.956980 
3298 0.956980 
3299 0.956980 
3300 0.956980 
3301 0.956980 
3302 0.956980 
3303 0.956827 
3304 0.956827 
3305 0.956827 
3306 0.956827 
3307 0.956827 
3308 0.956827 
3309 0.956827 
3310 0.956827 
3311 0.956827 
3312 0.956827 
3313 0.956827 
3314 0.956827 
3315 0.956827 
3316 0.958485 
3317 0.958485 
3318 0.958485 
3319 0.958485 
3320 0.958485 
3321 0.958485 
3322 0.958485 
3323 0.958485 
3324 0.958485 
3325 0.958485 
3326 0.958485 
3327 0.958485 
3328 0.958485 
3329 0.957466 
3330 0.957466 
3331 0.957466 
3332 0.957466 
3333 0.957466 
3334 0.957466 
3335 0.957466 
3336 0.957466 
3337 0.957466 
3338 0.957466 
3339 0.957466 
3340 0.957466 
3341 0.957466 
3342 0.957341 
3343 0.957341 
3344 0.957341 
3345 0.957341 
3346 0.957341 
3347 0.957341 
3348 0.957341 
3349 0.957341 
3350 0.957341 
3351 0.957341 
3352 0.957341 
3353 0.957341 
3354 0.957341 
3355 0.956878 
3356 0.956878 
3357 0.956878 
3358 0.956878 
3359 0.956878 
3360 0.956878 
3361 0.956878 
3362 0.956878 
3363 0.956878 
3364 0.956878 
3365 0.956878 
3366 0.956878 
3367 0.956878 
3368 0.957619 
3369 0.957619 
3370 0.957619 
3371 0.957619 
3372 0.957619 
3373 0.957619 
3374 0.957619 
3375 0.957619 
3376 0.957619 
3377 0.957619 
3378 0.957619 
3379 0.957619 
3380 0.957619 
3381 0.957446 
3382 0.957446 
3383 0.957446 
3384 0.957446 
3385 0.957446 
3386 0.957446 
3387 0.957446 
3388 0.957446 
3389 0.957446 
3390 0.957446 
3391 0.957446 
3392 0.957446 
3393 0.957446 
3394 0.957513 
3395 0.957513 
3396 0.957513 
3397 0.957513 
3398 0.957513 
3399 0.957513 
3400 0.957513 
3401 0.957513 
3402 0.957513 
3403 0.957513 
3404 0.957513 
3405 0.957513 
3406 0.957513 
3407 0.957564 
3408 0.957564 
3409 0.957564 
3410 0.957564 
3411 0.957564 
3412 0.957564 
3413 0.957564 
3414 0.957564 
3415 0.957564 
3416 0.957564 
3417 0.957564 
3418 0.957564 
3419 0.957564 
3420 0.956678 
3421 0.956678 
3422 0.956678 
3423 0.956678 
3424 0.956678 
3425 0.956678 
3426 0.956678 
3427 0.956678 
3428 0.956678 
3429 0.956678 
3430 0.956678 
3431 0.956678 
3432 0.956678 
3433 0.957489 
3434 0.957489 
3435 0.957489 
3436 0.957489 
3437 0.957489 
3438 0.957489 
3439 0.957489 
3440 0.957489 
3441 0.957489 
3442 0.957489 
3443 0.957489 
3444 0.957489 
3445 0.957489 
3446 0.958689 
3447 0.958689 
3448 0.958689 
3449 0.958689 
3450 0.958689 
3451 0.958689 
3452 0.958689 
3453 0.958689 
3454 0.958689 
3455 0.958689 
3456 0.958689 
3457 0.958689 
3458 0.958689 
3459 0.958042 
3460 0.958042 
3461 0.958042 
3462 0.958042 
3463 0.958042 
3464 0.958042 
3465 0.958042 
3466 0.958042 
3467 0.958042 
3468 0.958042 
3469 0.958042 
3470 0.958042 
3471 0.958042 
3472 0.958081 
3473 0.958081 
3474 0.958081 
3475 0.958081 
3476 0.958081 
3477 0.958081 
3478 0.958081 
3479 0.958081 
3480 0.958081 
3481 0.958081 
3482 0.958081 
3483 0.958081 
3484 0.958081 
3485 0.958802 
3486 0.958802 
3487 0.958802 
3488 0.958802 
3489 0.958802 
3490 0.958802 
3491 0.958802 
3492 0.958802 
3493 0.958802 
3494 0.958802 
3495 0.958802 
3496 0.958802 
3497 0.958802 
3498 0.958834 
3499 0.958834 
3500 0.958834 
3501 0.958834 
3502 0.958834 
3503 0.958834 
3504 0.958834 
3505 0.958834 
3506 0.958834 
3507 0.958834 
3508 0.958834 
3509 0.958834 
3510 0.958834 
3511 0.959927 
3512 0.959927 
3513 0.959927 
3514 0.959927 
3515 0.959927 
3516 0.959927 
3517 0.959927 
3518 0.959927 
3519 0.959927 
3520 0.959927 
3521 0.959927 
3522 0.959927 
3523 0.959927 
3524 0.959155 
3525 0.959155 
3526 0.959155 
3527 0.959155 
3528 0.959155 
3529 0.959155 
3530 0.959155 
3531 0.959155 
3532 0.959155 
3533 0.959155 
3534 0.959155 
3535 0.959155 
3536 0.959155 
3537 0.959241 
3538 0.959241 
3539 0.959241 
3540 0.959241 
3541 0.959241 
3542 0.959241 
3543 0.959241 
3544 0.959241 
3545 0.959241 
3546 0.959241 
3547 0.959241 
3548 0.959241 
3549 0.959241 
3550 0.958767 
3551 0.958767 
3552 0.958767 
3553 0.958767 
3554 0.958767 
3555 0.958767 
3556 0.958767 
3557 0.958767 
3558 0.958767 
3559 0.958767 
3560 0.958767 
3561 0.958767 
3562 0.958767 
3563 0.957768 
3564 0.957768 
3565 0.957768 
3566 0.957768 
3567 0.957768 
3568 0.957768 
3569 0.957768 
3570 0.957768 
3571 0.957768 
3572 0.957768 
3573 0.957768 
3574 0.957768 
3575 0.957768 
3576 0.958269 
3577 0.958269 
3578 0.958269 
3579 0.958269 
3580 0.958269 
3581 0.958269 
3582 0.958269 
3583 0.958269 
3584 0.958269 
3585 0.958269 
3586 0.958269 
3587 0.958269 
3588 0.958269 
3589 0.958540 
3590 0.958540 
3591 0.958540 
3592 0.958540 
3593 0.958540 
3594 0.958540 
3595 0.958540 
3596 0.958540 
3597 0.958540 
3598 0.958540 
3599 0.958540 
3600 0.958540 
3601 0.958540 
3602 0.957098 
3603 0.957098 
3604 0.957098 
3605 0.957098 
3606 0.957098 
3607 0.957098 
3608 0.957098 
3609 0.957098 
3610 0.957098 
3611 0.957098 
3612 0.957098 
3613 0.957098 
3614 0.957098 
3615 0.957125 
3616 0.957125 
3617 0.957125 
3618 0.957125 
3619 0.957125 
3620 0.957125 
3621 0.957125 
3622 0.957125 
3623 0.957125 
3624 0.957125 
3625 0.957125 
3626 0.957125 
3627 0.957125 
3628 0.958140 
3629 0.958140 
3630 0.958140 
3631 0.958140 
3632 0.958140 
3633 0.958140 
3634 0.958140 
3635 0.958140 
3636 0.958140 
3637 0.958140 
3638 0.958140 
3639 0.958140 
3640 0.958140 
3641 0.957834 
3642 0.957834 
3643 0.957834 
3644 0.957834 
3645 0.957834 
3646 0.957834 
3647 0.957834 
3648 0.957834 
3649 0.957834 
3650 0.957834 
3651 0.957834 
3652 0.957834 
3653 0.957834 
3654 0.960378 
3655 0.960378 
3656 0.960378 
3657 0.960378 
3658 0.960378 
3659 0.960378 
3660 0.960378 
3661 0.960378 
3662 0.960378 
3663 0.960378 
3664 0.960378 
3665 0.960378 
3666 0.960378 
3667 0.959151 
3668 0.959151 
3669 0.959151 
3670 0.959151 
3671 0.959151 
3672 0.959151 
3673 0.959151 
3674 0.959151 
3675 0.959151 
3676 0.959151 
3677 0.959151 
3678 0.959151 
3679 0.959151 
3680 0.958504 
3681 0.958504 
3682 0.958504 
3683 0.958504 
3684 0.958504 
3685 0.958504 
3686 0.958504 
3687 0.958504 
3688 0.958504 
3689 0.958504 
3690 0.958504 
3691 0.958504 
3692 0.958504 
3693 0.957646 
3694 0.957646 
3695 0.957646 
3696 0.957646 
3697 0.957646 
3698 0.957646 
3699 0.957646 
3700 0.957646 
3701 0.957646 
3702 0.957646 
3703 0.957646 
3704 0.957646 
3705 0.957646 
3706 0.958575 
3707 0.958575 
3708 0.958575 
3709 0.958575 
3710 0.958575 
3711 0.958575 
3712 0.958575 
3713 0.958575 
3714 0.958575 
3715 0.958575 
3716 0.958575 
3717 0.958575 
3718 0.958575 
3719 0.959300 
3720 0.959300 
3721 0.959300 
3722 0.959300 
3723 0.959300 
3724 0.959300 
3725 0.959300 
3726 0.959300 
3727 0.959300 
3728 0.959300 
3729 0.959300 
3730 0.959300 
3731 0.959300 
3732 0.957979 
3733 0.957979 
3734 0.957979 
3735 0.957979 
3736 0.957979 
3737 0.957979 
3738 0.957979 
3739 0.957979 
3740 0.957979 
3741 0.957979 
3742 0.957979 
3743 0.957979 
3744 0.957979 
3745 0.957576 
3746 0.957576 
3747 0.957576 
3748 0.957576 
3749 0.957576 
3750 0.957576 
3751 0.957576 
3752 0.957576 
3753 0.957576 
3754 0.957576 
3755 0.957576 
3756 0.957576 
3757 0.957576 
3758 0.957874 
3759 0.957874 
3760 0.957874 
3761 0.957874 
3762 0.957874 
3763 0.957874 
3764 0.957874 
3765 0.957874 
3766 0.957874 
3767 0.957874 
3768 0.957874 
3769 0.957874 
3770 0.957874 
3771 0.958720 
3772 0.958720 
3773 0.958720 
3774 0.958720 
3775 0.958720 
3776 0.958720 
3777 0.958720 
3778 0.958720 
3779 0.958720 
3780 0.958720 
3781 0.958720 
3782 0.958720 
3783 0.958720 
3784 0.958861 
3785 0.958861 
3786 0.958861 
3787 0.958861 
3788 0.958861 
3789 0.958861 
3790 0.958861 
3791 0.958861 
3792 0.958861 
3793 0.958861 
3794 0.958861 
3795 0.958861 
3796 0.958861 
3797 0.958269 
3798 0.958269 
3799 0.958269 
3800 0.958269 
3801 0.958269 
3802 0.958269 
3803 0.958269 
3804 0.958269 
3805 0.958269 
3806 0.958269 
3807 0.958269 
3808 0.958269 
3809 0.958269 
3810 0.956925 
3811 0.956925 
3812 0.956925 
3813 0.956925 
3814 0.956925 
3815 0.956925 
3816 0.956925 
3817 0.956925 
3818 0.956925 
3819 0.956925 
3820 0.956925 
3821 0.956925 
3822 0.956925 
3823 0.961114 
3824 0.961114 
3825 0.961114 
3826 0.961114 
3827 0.961114 
3828 0.961114 
3829 0.961114 
3830 0.961114 
3831 0.961114 
3832 0.961114 
3833 0.961114 
3834 0.961114 
3835 0.961114 
3836 0.961181 
3837 0.961181 
3838 0.961181 
3839 0.961181 
3840 0.961181 
3841 0.961181 
3842 0.961181 
3843 0.961181 
3844 0.961181 
3845 0.961181 
3846 0.961181 
3847 0.961181 
3848 0.961181 
3849 0.960985 
3850 0.960985 
3851 0.960985 
3852 0.960985 
3853 0.960985 
3854 0.960985 
3855 0.960985 
3856 0.960985 
3857 0.960985 
3858 0.960985 
3859 0.960985 
3860 0.960985 
3861 0.960985 
3862 0.961577 
3863 0.961577 
3864 0.961577 
3865 0.961577 
3866 0.961577 
3867 0.961577 
3868 0.961577 
3869 0.961577 
3870 0.961577 
3871 0.961577 
3872 0.961577 
3873 0.961577 
3874 0.961577 
3875 0.962223 
3876 0.962223 
3877 0.962223 
3878 0.962223 
3879 0.962223 
3880 0.962223 
3881 0.962223 
3882 0.962223 
3883 0.962223 
3884 0.962223 
3885 0.962223 
3886 0.962223 
3887 0.962223 
3888 0.962282 
3889 0.962282 
3890 0.962282 
3891 0.962282 
3892 0.962282 
3893 0.962282 
3894 0.962282 
3895 0.962282 
3896 0.962282 
3897 0.962282 
3898 0.962282 
3899 0.962282 
3900 0.962282 
3901 0.961604 
3902 0.961604 
3903 0.961604 
3904 0.961604 
3905 0.961604 
3906 0.961604 
3907 0.961604 
3908 0.961604 
3909 0.961604 
3910 0.961604 
3911 0.961604 
3912 0.961604 
3913 0.961604 
3914 0.961549 
3915 0.961549 
3916 0.961549 
3917 0.961549 
3918 0.961549 
3919 0.961549 
3920 0.961549 
3921 0.961549 
3922 0.961549 
3923 0.961549 
3924 0.961549 
3925 0.961549 
3926 0.961549 
3927 0.963932 
3928 0.963932 
3929 0.963932 
3930 0.963932 
3931 0.963932 
3932 0.963932 
3933 0.963932 
3934 0.963932 
3935 0.963932 
3936 0.963932 
3937 0.963932 
3938 0.963932 
3939 0.963932 
3940 0.963775 
3941 0.963775 
3942 0.963775 
3943 0.963775 
3944 0.963775 
3945 0.963775 
3946 0.963775 
3947 0.963775 
3948 0.963775 
3949 0.963775 
3950 0.963775 
3951 0.963775 
3952 0.963775 
3953 0.961839 
3954 0.961839 
3955 0.961839 
3956 0.961839 
3957 0.961839 
3958 0.961839 
3959 0.961839 
3960 0.961839 
3961 0.961839 
3962 0.961839 
3963 0.961839 
3964 0.961839 
3965 0.961839 
3966 0.962357 
3967 0.962357 
3968 0.962357 
3969 0.962357 
3970 0.962357 
3971 0.962357 
3972 0.962357 
3973 0.962357 
3974 0.962357 
3975 0.962357 
3976 0.962357 
3977 0.962357 
3978 0.962357 
3979 0.962290 
3980 0.962290 
3981 0.962290 
3982 0.962290 
3983 0.962290 
3984 0.962290 
3985 0.962290 
3986 0.962290 
3987 0.962290 
3988 0.962290 
3989 0.962290 
3990 0.962290 
3991 0.962290 
3992 0.962106 
3993 0.962106 
3994 0.962106 
3995 0.962106 
3996 0.962106 
3997 0.962106 
3998 0.962106 
3999 0.962106 
4000 0.962106 
4001 0.962106 
4002 0.962106 
4003 0.962106 
4004 0.962106 
4005 0.963035 
4006 0.963035 
4007 0.963035 
4008 0.963035 
4009 0.963035 
4010 0.963035 
4011 0.963035 
4012 0.963035 
4013 0.963035 
4014 0.963035 
4015 0.963035 
4016 0.963035 
4017 0.963035 
4018 0.963195 
4019 0.963195 
4020 0.963195 
4021 0.963195 
4022 0.963195 
4023 0.963195 
4024 0.963195 
4025 0.963195 
4026 0.963195 
4027 0.963195 
4028 0.963195 
4029 0.963195 
4030 0.963195 
4031 0.962866 
4032 0.962866 
4033 0.962866 
4034 0.962866 
4035 0.962866 
4036 0.962866 
4037 0.962866 
4038 0.962866 
4039 0.962866 
4040 0.962866 
4041 0.962866 
4042 0.962866 
4043 0.962866 
4044 0.962192 
4045 0.962192 
4046 0.962192 
4047 0.962192 
4048 0.962192 
4049 0.962192 
4050 0.962192 
4051 0.962192 
4052 0.962192 
4053 0.962192 
4054 0.962192 
4055 0.962192 
4056 0.962192 
4057 0.962008 
4058 0.962008 
4059 0.962008 
4060 0.962008 
4061 0.962008 
4062 0.962008 
4063 0.962008 
4064 0.962008 
4065 0.962008 
4066 0.962008 
4067 0.962008 
4068 0.962008 
4069 0.962008 
4070 0.961005 
4071 0.961005 
4072 0.961005 
4073 0.961005 
4074 0.961005 
4075 0.961005 
4076 0.961005 
4077 0.961005 
4078 0.961005 
4079 0.961005 
4080 0.961005 
4081 0.961005 
4082 0.961005 
4083 0.961573 
4084 0.961573 
4085 0.961573 
4086 0.961573 
4087 0.961573 
4088 0.961573 
4089 0.961573 
4090 0.961573 
4091 0.961573 
4092 0.961573 
4093 0.961573 
4094 0.961573 
4095 0.961573 
4096 0.964445 
4097 0.964445 
4098 0.964445 
4099 0.964445 
4100 0.964445 
4101 0.964445 
4102 0.964445 
4103 0.964445 
4104 0.964445 
4105 0.964445 
4106 0.964445 
4107 0.964445 
4108 0.964445 
4109 0.963626 
4110 0.963626 
4111 0.963626 
4112 0.963626 
4113 0.963626 
4114 0.963626 
4115 0.963626 
4116 0.963626 
4117 0.963626 
4118 0.963626 
4119 0.963626 
4120 0.963626 
4121 0.963626 
4122 0.965010 
4123 0.965010 
4124 0.965010 
4125 0.965010 
4126 0.965010 
4127 0.965010 
4128 0.965010 
4129 0.965010 
4130 0.965010 
4131 0.965010 
4132 0.965010 
4133 0.965010 
4134 0.965010 
4135 0.964712 
4136 0.964712 
4137 0.964712 
4138 0.964712 
4139 0.964712 
4140 0.964712 
4141 0.964712 
4142 0.964712 
4143 0.964712 
4144 0.964712 
4145 0.964712 
4146 0.964712 
4147 0.964712 
4148 0.967090 
4149 0.967090 
4150 0.967090 
4151 0.967090 
4152 0.967090 
4153 0.967090 
4154 0.967090 
4155 0.967090 
4156 0.967090 
4157 0.967090 
4158 0.967090 
4159 0.967090 
4160 0.967090 
4161 0.966401 
4162 0.966401 
4163 0.966401 
4164 0.966401 
4165 0.966401 
4166 0.966401 
4167 0.966401 
4168 0.966401 
4169 0.966401 
4170 0.966401 
4171 0.966401 
4172 0.966401 
4173 0.966401 
4174 0.965844 
4175 0.965844 
4176 0.965844 
4177 0.965844 
4178 0.965844 
4179 0.965844 
4180 0.965844 
4181 0.965844 
4182 0.965844 
4183 0.965844 
4184 0.965844 
4185 0.965844 
4186 0.965844 
4187 0.964457 
4188 0.964457 
4189 0.964457 
4190 0.964457 
4191 0.964457 
4192 0.964457 
4193 0.964457 
4194 0.964457 
4195 0.964457 
4196 0.964457 
4197 0.964457 
4198 0.964457 
4199 0.964457 
4200 0.971389 
4201 0.971389 
4202 0.971389 
4203 0.971389 
4204 0.971389 
4205 0.971389 
4206 0.971389 
4207 0.971389 
4208 0.971389 
4209 0.971389 
4210 0.971389 
4211 0.971389 
4212 0.971389 
4213 0.973572 
4214 0.973572 
4215 0.973572 
4216 0.973572 
4217 0.973572 
4218 0.973572 
4219 0.973572 
4220 0.973572 
4221 0.973572 
4222 0.973572 
4223 0.973572 
4224 0.973572 
4225 0.973572 
4226 0.974822 
4227 0.974822 
4228 0.974822 
4229 0.974822 
4230 0.974822 
4231 0.974822 
4232 0.974822 
4233 0.974822 
4234 0.974822 
4235 0.974822 
4236 0.974822 
4237 0.974822 
4238 0.974822 
4239 0.979399 
4240 0.979399 
4241 0.979399 
4242 0.979399 
4243 0.979399 
4244 0.979399 
4245 0.979399 
4246 0.979399 
4247 0.979399 
4248 0.979399 
4249 0.979399 
4250 0.979399 
4251 0.979399 
4252 0.974552 
4253 0.974552 
4254 0.974552 
4255 0.974552 
4256 0.974552 
4257 0.974552 
4258 0.974552 
4259 0.974552 
4260 0.974552 
4261 0.974552 
4262 0.974552 
4263 0.974552 
4264 0.974552 
4265 0.980222 
4266 0.980222 
4267 0.980222 
4268 0.980222 
4269 0.980222 
4270 0.980222 
4271 0.980222 
4272 0.980222 
4273 0.980222 
4274 0.980222 
4275 0.980222 
4276 0.980222 
4277 0.980222 
4278 0.985430 
4279 0.985430 
4280 0.985430 
4281 0.985430 
4282 0.985430 
4283 0.985430 
4284 0.985430 
4285 0.985430 
4286 0.985430 
4287 0.985430 
4288 0.985430 
4289 0.985430 
4290 0.985430 
4291 0.986347 
4292 0.986347 
4293 0.986347 
4294 0.986347 
4295 0.986347 
4296 0.986347 
4297 0.986347 
4298 0.986347 
4299 0.986347 
4300 0.986347 
4301 0.986347 
4302 0.986347 
4303 0.986347 
4304 0.990117 
4305 0.990117 
4306 0.990117 
4307 0.990117 
4308 0.990117 
4309 0.990117 
4310 0.990117 
4311 0.990117 
4312 0.990117 
4313 0.990117 
4314 0.990117 
4315 0.990117 
4316 0.990117 
4317 0.989012 
4318 0.989012 
4319 0.989012 
4320 0.989012 
4321 0.989012 
4322 0.989012 
4323 0.989012 
4324 0.989012 
4325 0.989012 
4326 0.989012 
4327 0.989012 
4328 0.989012 
4329 0.989012 
4330 0.988871 
4331 0.988871 
4332 0.988871 
4333 0.988871 
4334 0.988871 
4335 0.988871 
4336 0.988871 
4337 0.988871 
4338 0.988871 
4339 0.988871 
4340 0.988871 
4341 0.988871 
4342 0.988871 
4343 0.989020 
4344 0.989020 
4345 0.989020 
4346 0.989020 
4347 0.989020 
4348 0.989020 
4349 0.989020 
4350 0.989020 
4351 0.989020 
4352 0.989020 
4353 0.989020 
4354 0.989020 
4355 0.989020 
4356 0.986955 
4357 0.986955 
4358 0.986955 
4359 0.986955 
4360 0.986955 
4361 0.986955 
4362 0.986955 
4363 0.986955 
4364 0.986955 
4365 0.986955 
4366 0.986955 
4367 0.986955 
4368 0.986955 
4369 0.985618 
4370 0.985618 
4371 0.985618 
4372 0.985618 
4373 0.985618 
4374 0.985618 
4375 0.985618 
4376 0.985618 
4377 0.985618 
4378 0.985618 
4379 0.985618 
4380 0.985618 
4381 0.985618 
4382 0.980971 
4383 0.980971 
4384 0.980971 
4385 0.980971 
4386 0.980971 
4387 0.980971 
4388 0.980971 
4389 0.980971 
4390 0.980971 
4391 0.980971 
4392 0.980971 
4393 0.980971 
4394 0.980971 
4395 0.936085 
4396 0.936085 
4397 0.936085 
4398 0.936085 
4399 0.936085 
4400 0.936085 
4401 0.936085 
4402 0.936085 
4403 0.936085 
4404 0.936085 
4405 0.936085 
4406 0.936085 
4407 0.936085 
4408 0.861163 
4409 0.861163 
4410 0.861163 
4411 0.861163 
4412 0.861163 
4413 0.861163 
4414 0.861163 
4415 0.861163 
4416 0.861163 
4417 0.861163 
4418 0.861163 
4419 0.861163 
4420 0.861163 
4421 0.983851 
4422 0.983851 
4423 0.983851 
4424 0.983851 
4425 0.983851 
4426 0.983851 
4427 0.983851 
4428 0.983851 
4429 0.983851 
4430 0.983851 
4431 0.983851 
4432 0.983851 
4433 0.983851 
4434 0.984000 
4435 0.984000 
4436 0.984000 
4437 0.984000 
4438 0.984000 
4439 0.984000 
4440 0.984000 
4441 0.984000 
4442 0.984000 
4443 0.984000 
4444 0.984000 
4445 0.984000 
4446 0.984000 
4447 0.978188 
4448 0.978188 
4449 0.978188 
4450 0.978188 
4451 0.978188 
4452 0.978188 
4453 0.978188 
4454 0.978188 
4455 0.978188 
4456 0.978188 
4457 0.978188 
4458 0.978188 
4459 0.978188 
4460 0.963038 
4461 0.963038 
4462 0.963038 
4463 0.963038 
4464 0.963038 
4465 0.963038 
4466 0.963038 
4467 0.963038 
4468 0.963038 
4469 0.963038 
4470 0.963038 
4471 0.963038 
4472 0.963038 
4473 0.966095 
4474 0.966095 
4475 0.966095 
4476 0.966095 
4477 0.966095 
4478 0.966095 
4479 0.966095 
4480 0.966095 
4481 0.966095 
4482 0.966095 
4483 0.966095 
4484 0.966095 
4485 0.966095 
4486 0.939463 
4487 0.939463 
4488 0.939463 
4489 0.939463 
4490 0.939463 
4491 0.939463 
4492 0.939463 
4493 0.939463 
4494 0.939463 
4495 0.939463 
4496 0.939463 
4497 0.939463 
4498 0.939463 
4499 0.940745 
4500 0.940745 
4501 0.940745 
4502 0.940745 
4503 0.940745 
4504 0.940745 
4505 0.940745 
4506 0.940745 
4507 0.940745 
4508 0.940745 
4509 0.940745 
4510 0.940745 
4511 0.940745 
4512 0.981457 
4513 0.981457 
4514 0.981457 
4515 0.981457 
4516 0.981457 
4517 0.981457 
4518 0.981457 
4519 0.981457 
4520 0.981457 
4521 0.981457 
4522 0.981457 
4523 0.981457 
4524 0.981457 
4525 0.984031 
4526 0.984031 
4527 0.984031 
4528 0.984031 
4529 0.984031 
4530 0.984031 
4531 0.984031 
4532 0.984031 
4533 0.984031 
4534 0.984031 
4535 0.984031 
4536 0.984031 
4537 0.984031 
4538 0.984192 
4539 0.984192 
4540 0.984192 
4541 0.984192 
4542 0.984192 
4543 0.984192 
4544 0.984192 
4545 0.984192 
4546 0.984192 
4547 0.984192 
4548 0.984192 
4549 0.984192 
4550 0.984192 
4551 0.982409 
4552 0.982409 
4553 0.982409 
4554 0.982409 
4555 0.982409 
4556 0.982409 
4557 0.982409 
4558 0.982409 
4559 0.982409 
4560 0.982409 
4561 0.982409 
4562 0.982409 
4563 0.982409 
4564 0.980892 
4565 0.980892 
4566 0.980892 
4567 0.980892 
4568 0.980892 
4569 0.980892 
4570 0.980892 
4571 0.980892 
4572 0.980892 
4573 0.980892 
4574 0.980892 
4575 0.980892 
4576 0.980892 
4577 0.984407 
4578 0.984407 
4579 0.984407 
4580 0.984407 
4581 0.984407 
4582 0.984407 
4583 0.984407 
4584 0.984407 
4585 0.984407 
4586 0.984407 
4587 0.984407 
4588 0.984407 
4589 0.984407 
4590 0.980559 
4591 0.980559 
4592 0.980559 
4593 0.980559 
4594 0.980559 
4595 0.980559 
4596 0.980559 
4597 0.980559 
4598 0.980559 
4599 0.980559 
4600 0.980559 
4601 0.980559 
4602 0.980559 
4603 0.974904 
4604 0.974904 
4605 0.974904 
4606 0.974904 
4607 0.974904 
4608 0.974904 
4609 0.974904 
4610 0.974904 
4611 0.974904 
4612 0.974904 
4613 0.974904 
4614 0.974904 
4615 0.974904 
4616 0.979881 
4617 0.979881 
4618 0.979881 
4619 0.979881 
4620 0.979881 
4621 0.979881 
4622 0.979881 
4623 0.979881 
4624 0.979881 
4625 0.979881 
4626 0.979881 
4627 0.979881 
4628 0.979881 
4629 0.982432 
4630 0.982432 
4631 0.982432 
4632 0.982432 
4633 0.982432 
4634 0.982432 
4635 0.982432 
4636 0.982432 
4637 0.982432 
4638 0.982432 
4639 0.982432 
4640 0.982432 
4641 0.982432 
4642 0.980939 
4643 0.980939 
4644 0.980939 
4645 0.980939 
4646 0.980939 
4647 0.980939 
4648 0.980939 
4649 0.980939 
4650 0.980939 
4651 0.980939 
4652 0.980939 
4653 0.980939 
4654 0.980939 
4655 0.982750 
4656 0.982750 
4657 0.982750 
4658 0.982750 
4659 0.982750 
4660 0.982750 
4661 0.982750 
4662 0.982750 
4663 0.982750 
4664 0.982750 
4665 0.982750 
4666 0.982750 
4667 0.982750 
4668 0.987864 
4669 0.987864 
4670 0.987864 
4671 0.987864 
4672 0.987864 
4673 0.987864 
4674 0.987864 
4675 0.987864 
4676 0.987864 
4677 0.987864 
4678 0.987864 
4679 0.987864 
4680 0.987864 
4681 0.980003 
4682 0.980003 
4683 0.980003 
4684 0.980003 
4685 0.980003 
4686 0.980003 
4687 0.980003 
4688 0.980003 
4689 0.980003 
4690 0.980003 
4691 0.980003 
4692 0.980003 
4693 0.980003 
4694 0.950165 
4695 0.950165 
4696 0.950165 
4697 0.950165 
4698 0.950165 
4699 0.950165 
4700 0.950165 
4701 0.950165 
4702 0.950165 
4703 0.950165 
4704 0.950165 
4705 0.950165 
4706 0.950165 
4707 0.963093 
4708 0.963093 
4709 0.963093 
4710 0.963093 
4711 0.963093 
4712 0.963093 
4713 0.963093 
4714 0.963093 
4715 0.963093 
4716 0.963093 
4717 0.963093 
4718 0.963093 
4719 0.963093 
4720 0.990031 
4721 0.990031 
4722 0.990031 
4723 0.990031 
4724 0.990031 
4725 0.990031 
4726 0.990031 
4727 0.990031 
4728 0.990031 
4729 0.990031 
4730 0.990031 
4731 0.990031 
4732 0.990031 
4733 0.982609 
4734 0.982609 
4735 0.982609 
4736 0.982609 
4737 0.982609 
4738 0.982609 
4739 0.982609 
4740 0.982609 
4741 0.982609 
4742 0.982609 
4743 0.982609 
4744 0.982609 
4745 0.982609 
4746 0.984987 
4747 0.984987 
4748 0.984987 
4749 0.984987 
4750 0.984987 
4751 0.984987 
4752 0.984987 
4753 0.984987 
4754 0.984987 
4755 0.984987 
4756 0.984987 
4757 0.984987 
4758 0.984987 
4759 0.390201 
4760 0.390201 
4761 0.390201 
4762 0.390201 
4763 0.390201 
4764 0.390201 
4765 0.390201 
4766 0.390201 
4767 0.390201 
4768 0.390201 
4769 0.390201 
4770 0.390201 
4771 0.390201 
4772 0.133061 
4773 0.133061 
4774 0.133061 
4775 0.133061 
4776 0.133061 
4777 0.133061 
4778 0.133061 
4779 0.133061 
4780 0.133061 
4781 0.133061 
4782 0.133061 
4783 0.133061 
4784 0.133061 
4785 0.059694 
4786 0.059694 
4787 0.059694 
4788 0.059694 
4789 0.059694 
4790 0.059694 
4791 0.059694 
4792 0.059694 
4793 0.059694 
4794 0.059694 
4795 0.059694 
4796 0.059694 
4797 0.059694 
4798 0.054302 
4799 0.054302 
4800 0.054302 
4801 0.054302 
4802 0.054302 
4803 0.054302 
4804 0.054302 
4805 0.054302 
4806 0.054302 
4807 0.054302 
4808 0.054302 
4809 0.054302 
4810 0.054302 
4811 0.055192 
4812 0.055192 
4813 0.055192 
4814 0.055192 
4815 0.055192 
4816 0.055192 
4817 0.055192 
4818 0.055192 
4819 0.055192 
4820 0.055192 
4821 0.055192 
4822 0.055192 
4823 0.055192 
4824 0.083309 
4825 0.083309 
4826 0.083309 
4827 0.083309 
4828 0.083309 
4829 0.083309 
4830 0.083309 
4831 0.083309 
4832 0.083309 
4833 0.083309 
4834 0.083309 
4835 0.083309 
4836 0.083309 
4837 0.088407 
4838 0.088407 
4839 0.088407 
4840 0.088407 
4841 0.088407 
4842 0.088407 
4843 0.088407 
4844 0.088407 
4845 0.088407 
4846 0.088407 
4847 0.088407 
4848 0.088407 
4849 0.088407 
4850 0.101151 
4851 0.101151 
4852 0.101151 
4853 0.101151 
4854 0.101151 
4855 0.101151 
4856 0.101151 
4857 0.101151 
4858 0.101151 
4859 0.101151 
4860 0.101151 
4861 0.101151 
4862 0.101151 
4863 0.095539 
4864 0.095539 
4865 0.095539 
4866 0.095539 
4867 0.095539 
4868 0.095539 
4869 0.095539 
4870 0.095539 
4871 0.095539 
4872 0.095539 
4873 0.095539 
4874 0.095539 
4875 0.095539 
4876 0.108385 
4877 0.108385 
4878 0.108385 
4879 0.108385 
4880 0.108385 
4881 0.108385 
4882 0.108385 
4883 0.108385 
4884 0.108385 
4885 0.108385 
4886 0.108385 
4887 0.108385 
4888 0.108385 
4889 0.097306 
4890 0.097306 
4891 0.097306 
4892 0.097306 
4893 0.097306 
4894 0.097306 
4895 0.097306 
4896 0.097306 
4897 0.097306 
4898 0.097306 
4899 0.097306 
4900 0.097306 
4901 0.097306 
4902 0.107981 
4903 0.107981 
4904 0.107981 
4905 0.107981 
4906 0.107981 
4907 0.107981 
4908 0.107981 
4909 0.107981 
4910 0.107981 
4911 0.107981 
4912 0.107981 
4913 0.107981 
4914 0.107981 
4915 0.093458 
4916 0.093458 
4917 0.093458 
4918 0.093458 
4919 0.093458 
4920 0.093458 
4921 0.093458 
4922 0.093458 
4923 0.093458 
4924 0.093458 
4925 0.093458 
4926 0.093458 
4927 0.093458 
4928 0.254424 
4929 0.254424 
4930 0.254424 
4931 0.254424 
4932 0.254424 
4933 0.254424 
4934 0.254424 
4935 0.254424 
4936 0.254424 
4937 0.254424 
4938 0.254424 
4939 0.254424 
4940 0.254424 
4941 0.611128 
4942 0.611128 
4943 0.611128 
4944 0.611128 
4945 0.611128 
4946 0.611128 
4947 0.611128 
4948 0.611128 
4949 0.611128 
4950 0.611128 
4951 0.611128 
4952 0.611128 
4953 0.611128 
4954 0.714755 
4955 0.714755 
4956 0.714755 
4957 0.714755 
4958 0.714755 
4959 0.714755 
4960 0.714755 
4961 0.714755 
4962 0.714755 
4963 0.714755 
4964 0.714755 
4965 0.714755 
4966 0.714755 
4967 0.106468 
4968 0.106468 
4969 0.106468 
4970 0.106468 
4971 0.106468 
4972 0.106468 
4973 0.106468 
4974 0.106468 
4975 0.106468 
4976 0.106468 
4977 0.106468 
4978 0.106468 
4979 0.106468 
4980 0.338242 
4981 0.338242 
4982 0.338242 
4983 0.338242 
4984 0.338242 
4985 0.338242 
4986 0.338242 
4987 0.338242 
4988 0.338242 
4989 0.338242 
4990 0.338242 
4991 0.338242 
4992 0.338242 
4993 0.264962 
4994 0.264962 
4995 0.264962 
4996 0.264962 
4997 0.264962 
4998 0.264962 
4999 0.264962 
5000 0.264962 
5001 0.264962 
5002 0.264962 
5003 0.264962 
5004 0.264962 
5005 0.264962 
5006 0.116814 
5007 0.116814 
5008 0.116814 
5009 0.116814 
5010 0.116814 
5011 0.116814 
5012 0.116814 
5013 0.116814 
5014 0.116814 
5015 0.116814 
5016 0.116814 
5017 0.116814 
5018 0.116814 
5019 0.098795 
5020 0.098795 
5021 0.098795 
5022 0.098795 
5023 0.098795 
5024 0.098795 
5025 0.098795 
5026 0.098795 
5027 0.098795 
5028 0.098795 
5029 0.098795 
5030 0.098795 
5031 0.098795 
5032 0.123268 
5033 0.123268 
5034 0.123268 
5035 0.123268 
5036 0.123268 
5037 0.123268 
5038 0.123268 
5039 0.123268 
5040 0.123268 
5041 0.123268 
5042 0.123268 
5043 0.123268 
5044 0.123268 
5045 0.092322 
5046 0.092322 
5047 0.092322 
5048 0.092322 
5049 0.092322 
5050 0.092322 
5051 0.092322 
5052 0.092322 
5053 0.092322 
5054 0.092322 
5055 0.092322 
5056 0.092322 
5057 0.092322 
5058 0.232746 
5059 0.232746 
5060 0.232746 
5061 0.232746 
5062 0.232746 
5063 0.232746 
5064 0.232746 
5065 0.232746 
5066 0.232746 
5067 0.232746 
5068 0.232746 
5069 0.232746 
5070 0.232746 
5071 0.536248 
5072 0.536248 
5073 0.536248 
5074 0.536248 
5075 0.536248 
5076 0.536248 
5077 0.536248 
5078 0.536248 
5079 0.536248 
5080 0.536248 
5081 0.536248 
5082 0.536248 
5083 0.536248 
5084 0.722796 
5085 0.722796 
5086 0.722796 
5087 0.722796 
5088 0.722796 
5089 0.722796 
5090 0.722796 
5091 0.722796 
5092 0.722796 
5093 0.722796 
5094 0.722796 
5095 0.722796 
5096 0.722796 
5097 0.290261 
5098 0.290261 
5099 0.290261 
5100 0.290261 
5101 0.290261 
5102 0.290261 
5103 0.290261 
5104 0.290261 
5105 0.290261 
5106 0.290261 
5107 0.290261 
5108 0.290261 
5109 0.290261 
5110 0.366477 
5111 0.366477 
5112 0.366477 
5113 0.366477 
5114 0.366477 
5115 0.366477 
5116 0.366477 
5117 0.366477 
5118 0.366477 
5119 0.366477 
5120 0.366477 
5121 0.366477 
5122 0.366477 
5123 0.332133 
5124 0.332133 
5125 0.332133 
5126 0.332133 
5127 0.332133 
5128 0.332133 
5129 0.332133 
5130 0.332133 
5131 0.332133 
5132 0.332133 
5133 0.332133 
5134 0.332133 
5135 0.332133 
5136 0.419156 
5137 0.419156 
5138 0.419156 
5139 0.419156 
5140 0.419156 
5141 0.419156 
5142 0.419156 
5143 0.419156 
5144 0.419156 
5145 0.419156 
5146 0.419156 
5147 0.419156 
5148 0.419156 
5149 0.418075 
5150 0.418075 
5151 0.418075 
5152 0.418075 
5153 0.418075 
5154 0.418075 
5155 0.418075 
5156 0.418075 
5157 0.418075 
5158 0.418075 
5159 0.418075 
5160 0.418075 
5161 0.418075 
5162 0.399284 
5163 0.399284 
5164 0.399284 
5165 0.399284 
5166 0.399284 
5167 0.399284 
5168 0.399284 
5169 0.399284 
5170 0.399284 
5171 0.399284 
5172 0.399284 
5173 0.399284 
5174 0.399284 
5175 0.408117 
5176 0.408117 
5177 0.408117 
5178 0.408117 
5179 0.408117 
5180 0.408117 
5181 0.408117 
5182 0.408117 
5183 0.408117 
5184 0.408117 
5185 0.408117 
5186 0.408117 
5187 0.408117 
5188 0.351821 
5189 0.351821 
5190 0.351821 
5191 0.351821 
5192 0.351821 
5193 0.351821 
5194 0.351821 
5195 0.351821 
5196 0.351821 
5197 0.351821 
5198 0.351821 
5199 0.351821 
5200 0.351821 
5201 0.331694 
5202 0.331694 
5203 0.331694 
5204 0.331694 
5205 0.331694 
5206 0.331694 
5207 0.331694 
5208 0.331694 
5209 0.331694 
5210 0.331694 
5211 0.331694 
5212 0.331694 
5213 0.331694 
5214 0.346742 
5215 0.346742 
5216 0.346742 
5217 0.346742 
5218 0.346742 
5219 0.346742 
5220 0.346742 
5221 0.346742 
5222 0.346742 
5223 0.346742 
5224 0.346742 
5225 0.346742 
5226 0.346742 
5227 0.128590 
5228 0.128590 
5229 0.128590 
5230 0.128590 
5231 0.128590 
5232 0.128590 
5233 0.128590 
5234 0.128590 
5235 0.128590 
5236 0.128590 
5237 0.128590 
5238 0.128590 
5239 0.128590 
5240 0.241441 
5241 0.241441 
5242 0.241441 
5243 0.241441 
5244 0.241441 
5245 0.241441 
5246 0.241441 
5247 0.241441 
5248 0.241441 
5249 0.241441 
5250 0.241441 
5251 0.241441 
5252 0.241441 
5253 0.360124 
5254 0.360124 
5255 0.360124 
5256 0.360124 
5257 0.360124 
5258 0.360124 
5259 0.360124 
5260 0.360124 
5261 0.360124 
5262 0.360124 
5263 0.360124 
5264 0.360124 
5265 0.360124 
5266 0.454225 
5267 0.454225 
5268 0.454225 
5269 0.454225 
5270 0.454225 
5271 0.454225 
5272 0.454225 
5273 0.454225 
5274 0.454225 
5275 0.454225 
5276 0.454225 
5277 0.454225 
5278 0.454225 
5279 0.232158 
5280 0.232158 
5281 0.232158 
5282 0.232158 
5283 0.232158 
5284 0.232158 
5285 0.232158 
5286 0.232158 
5287 0.232158 
5288 0.232158 
5289 0.232158 
5290 0.232158 
5291 0.232158 
5292 0.315435 
5293 0.315435 
5294 0.315435 
5295 0.315435 
5296 0.315435 
5297 0.315435 
5298 0.315435 
5299 0.315435 
5300 0.315435 
5301 0.315435 
5302 0.315435 
5303 0.315435 
5304 0.315435 
5305 0.715362 
5306 0.715362 
5307 0.715362 
5308 0.715362 
5309 0.715362 
5310 0.715362 
5311 0.715362 
5312 0.715362 
5313 0.715362 
5314 0.715362 
5315 0.715362 
5316 0.715362 
5317 0.715362 
5318 0.862546 
5319 0.862546 
5320 0.862546 
5321 0.862546 
5322 0.862546 
5323 0.862546 
5324 0.862546 
5325 0.862546 
5326 0.862546 
5327 0.862546 
5328 0.862546 
5329 0.862546 
5330 0.862546 
5331 0.932805 
5332 0.932805 
5333 0.932805 
5334 0.932805 
5335 0.932805 
5336 0.932805 
5337 0.932805 
5338 0.932805 
5339 0.932805 
5340 0.932805 
5341 0.932805 
5342 0.932805 
5343 0.932805 
5344 0.883896 
5345 0.883896 
5346 0.883896 
5347 0.883896 
5348 0.883896 
5349 0.883896 
5350 0.883896 
5351 0.883896 
5352 0.883896 
5353 0.883896 
5354 0.883896 
5355 0.883896 
5356 0.883896 
5357 0.920183 
5358 0.920183 
5359 0.920183 
5360 0.920183 
5361 0.920183 
5362 0.920183 
5363 0.920183 
5364 0.920183 
5365 0.920183 
5366 0.920183 
5367 0.920183 
5368 0.920183 
5369 0.920183 
5370 0.633339 
5371 0.633339 
5372 0.633339 
5373 0.633339 
5374 0.633339 
5375 0.633339 
5376 0.633339 
5377 0.633339 
5378 0.633339 
5379 0.633339 
5380 0.633339 
5381 0.633339 
5382 0.633339 
5383 0.539630 
5384 0.539630 
5385 0.539630 
5386 0.539630 
5387 0.539630 
5388 0.539630 
5389 0.539630 
5390 0.539630 
5391 0.539630 
5392 0.539630 
5393 0.539630 
5394 0.539630 
5395 0.539630 
5396 0.570533 
5397 0.570533 
5398 0.570533 
5399 0.570533 
5400 0.570533 
5401 0.570533 
5402 0.570533 
5403 0.570533 
5404 0.570533 
5405 0.570533 
5406 0.570533 
5407 0.570533 
5408 0.570533 
5409 0.564024 
5410 0.564024 
5411 0.564024 
5412 0.564024 
5413 0.564024 
5414 0.564024 
5415 0.564024 
5416 0.564024 
5417 0.564024 
5418 0.564024 
5419 0.564024 
5420 0.564024 
5421 0.564024 
5422 0.586150 
5423 0.586150 
5424 0.586150 
5425 0.586150 
5426 0.586150 
5427 0.586150 
5428 0.586150 
5429 0.586150 
5430 0.586150 
5431 0.586150 
5432 0.586150 
5433 0.586150 
5434 0.586150 
5435 0.641956 
5436 0.641956 
5437 0.641956 
5438 0.641956 
5439 0.641956 
5440 0.641956 
5441 0.641956 
5442 0.641956 
5443 0.641956 
5444 0.641956 
5445 0.641956 
5446 0.641956 
5447 0.641956 
5448 0.695028 
5449 0.695028 
5450 0.695028 
5451 0.695028 
5452 0.695028 
5453 0.695028 
5454 0.695028 
5455 0.695028 
5456 0.695028 
5457 0.695028 
5458 0.695028 
5459 0.695028 
5460 0.695028 
5461 0.713532 
5462 0.713532 
5463 0.713532 
5464 0.713532 
5465 0.713532 
5466 0.713532 
5467 0.713532 
5468 0.713532 
5469 0.713532 
5470 0.713532 
5471 0.713532 
5472 0.713532 
5473 0.713532 
5474 0.818797 
5475 0.818797 
5476 0.818797 
5477 0.818797 
5478 0.818797 
5479 0.818797 
5480 0.818797 
5481 0.818797 
5482 0.818797 
5483 0.818797 
5484 0.818797 
5485 0.818797 
5486 0.818797 
5487 0.827254 
5488 0.827254 
5489 0.827254 
5490 0.827254 
5491 0.827254 
5492 0.827254 
5493 0.827254 
5494 0.827254 
5495 0.827254 
5496 0.827254 
5497 0.827254 
5498 0.827254 
5499 0.827254 
5500 0.970343 
5501 0.970343 
5502 0.970343 
5503 0.970343 
5504 0.970343 
5505 0.970343 
5506 0.970343 
5507 0.970343 
5508 0.970343 
5509 0.970343 
5510 0.970343 
5511 0.970343 
5512 0.970343 
5513 0.982483 
5514 0.982483 
5515 0.982483 
5516 0.982483 
5517 0.982483 
5518 0.982483 
5519 0.982483 
5520 0.982483 
5521 0.982483 
5522 0.982483 
5523 0.982483 
5524 0.982483 
5525 0.982483 
5526 0.983800 
5527 0.983800 
5528 0.983800 
5529 0.983800 
5530 0.983800 
5531 0.983800 
5532 0.983800 
5533 0.983800 
5534 0.983800 
5535 0.983800 
5536 0.983800 
5537 0.983800 
5538 0.983800 
5539 0.981688 
5540 0.981688 
5541 0.981688 
5542 0.981688 
5543 0.981688 
5544 0.981688 
5545 0.981688 
5546 0.981688 
5547 0.981688 
5548 0.981688 
5549 0.981688 
5550 0.981688 
5551 0.981688 
5552 0.980594 
5553 0.980594 
5554 0.980594 
5555 0.980594 
5556 0.980594 
5557 0.980594 
5558 0.980594 
5559 0.980594 
5560 0.980594 
5561 0.980594 
5562 0.980594 
5563 0.980594 
5564 0.980594 
5565 0.977706 
5566 0.977706 
5567 0.977706 
5568 0.977706 
5569 0.977706 
5570 0.977706 
5571 0.977706 
5572 0.977706 
5573 0.977706 
5574 0.977706 
5575 0.977706 
5576 0.977706 
5577 0.977706 
5578 0.974344 
5579 0.974344 
5580 0.974344 
5581 0.974344 
5582 0.974344 
5583 0.974344 
5584 0.974344 
5585 0.974344 
5586 0.974344 
5587 0.974344 
5588 0.974344 
5589 0.974344 
5590 0.974344 
5591 0.973987 
5592 0.973987 
5593 0.973987 
5594 0.973987 
5595 0.973987 
5596 0.973987 
5597 0.973987 
5598 0.973987 
5599 0.973987 
5600 0.973987 
5601 0.973987 
5602 0.973987 
5603 0.973987 
5604 0.973227 
5605 0.973227 
5606 0.973227 
5607 0.973227 
5608 0.973227 
5609 0.973227 
5610 0.973227 
5611 0.973227 
5612 0.973227 
5613 0.973227 
5614 0.973227 
5615 0.973227 
5616 0.973227 
5617 0.971295 
5618 0.971295 
5619 0.971295 
5620 0.971295 
5621 0.971295 
5622 0.971295 
5623 0.971295 
5624 0.971295 
5625 0.971295 
5626 0.971295 
5627 0.971295 
5628 0.971295 
5629 0.971295 
5630 0.969367 
5631 0.969367 
5632 0.969367 
5633 0.969367 
5634 0.969367 
5635 0.969367 
5636 0.969367 
5637 0.969367 
5638 0.969367 
5639 0.969367 
5640 0.969367 
5641 0.969367 
5642 0.969367 
5643 0.972302 
5644 0.972302 
5645 0.972302 
5646 0.972302 
5647 0.972302 
5648 0.972302 
5649 0.972302 
5650 0.972302 
5651 0.972302 
5652 0.972302 
5653 0.972302 
5654 0.972302 
5655 0.972302 
5656 0.971131 
5657 0.971131 
5658 0.971131 
5659 0.971131 
5660 0.971131 
5661 0.971131 
5662 0.971131 
5663 0.971131 
5664 0.971131 
5665 0.971131 
5666 0.971131 
5667 0.971131 
5668 0.971131 
5669 0.974532 
5670 0.974532 
5671 0.974532 
5672 0.974532 
5673 0.974532 
5674 0.974532 
5675 0.974532 
5676 0.974532 
5677 0.974532 
5678 0.974532 
5679 0.974532 
5680 0.974532 
5681 0.974532 
5682 0.974430 
5683 0.974430 
5684 0.974430 
5685 0.974430 
5686 0.974430 
5687 0.974430 
5688 0.974430 
5689 0.974430 
5690 0.974430 
5691 0.974430 
5692 0.974430 
5693 0.974430 
5694 0.974430 
5695 0.974497 
5696 0.974497 
5697 0.974497 
5698 0.974497 
5699 0.974497 
5700 0.974497 
5701 0.974497 
5702 0.974497 
5703 0.974497 
5704 0.974497 
5705 0.974497 
5706 0.974497 
5707 0.974497 
5708 0.974571 
5709 0.974571 
5710 0.974571 
5711 0.974571 
5712 0.974571 
5713 0.974571 
5714 0.974571 
5715 0.974571 
5716 0.974571 
5717 0.974571 
5718 0.974571 
5719 0.974571 
5720 0.974571 
5721 0.974681 
5722 0.974681 
5723 0.974681 
5724 0.974681 
5725 0.974681 
5726 0.974681 
5727 0.974681 
5728 0.974681 
5729 0.974681 
5730 0.974681 
5731 0.974681 
5732 0.974681 
5733 0.974681 
5734 0.974767 
5735 0.974767 
5736 0.974767 
Time taken: 175.524552
