1 0.165352 
2 0.165352 
3 0.165352 
4 0.165352 
5 0.165352 
6 0.165352 
7 0.227022 
8 0.227022 
9 0.227022 
10 0.227022 
11 0.227022 
12 0.227022 
13 0.267104 
14 0.267104 
15 0.267104 
16 0.267104 
17 0.267104 
18 0.267104 
19 0.271298 
20 0.271298 
21 0.271298 
22 0.271298 
23 0.271298 
24 0.271298 
25 0.270145 
26 0.270145 
27 0.270145 
28 0.270145 
29 0.270145 
30 0.270145 
31 0.279138 
32 0.279138 
33 0.279138 
34 0.279138 
35 0.279138 
36 0.279138 
37 0.288606 
38 0.288606 
39 0.288606 
40 0.288606 
41 0.288606 
42 0.288606 
43 0.282199 
44 0.282199 
45 0.282199 
46 0.282199 
47 0.282199 
48 0.282199 
49 0.281594 
50 0.281594 
51 0.281594 
52 0.281594 
53 0.281594 
54 0.281594 
55 0.275399 
56 0.275399 
57 0.275399 
58 0.275399 
59 0.275399 
60 0.275399 
61 0.272283 
62 0.272283 
63 0.272283 
64 0.272283 
65 0.272283 
66 0.272283 
67 0.263623 
68 0.263623 
69 0.263623 
70 0.263623 
71 0.263623 
72 0.263623 
73 0.269168 
74 0.269168 
75 0.269168 
76 0.269168 
77 0.269168 
78 0.269168 
79 0.271863 
80 0.271863 
81 0.271863 
82 0.271863 
83 0.271863 
84 0.271863 
85 0.311749 
86 0.311749 
87 0.311749 
88 0.311749 
89 0.311749 
90 0.311749 
91 0.381211 
92 0.381211 
93 0.381211 
94 0.381211 
95 0.381211 
96 0.381211 
97 0.427869 
98 0.427869 
99 0.427869 
100 0.427869 
101 0.427869 
102 0.427869 
103 0.452083 
104 0.452083 
105 0.452083 
106 0.452083 
107 0.452083 
108 0.452083 
109 0.460331 
110 0.460331 
111 0.460331 
112 0.460331 
113 0.460331 
114 0.460331 
115 0.468433 
116 0.468433 
117 0.468433 
118 0.468433 
119 0.468433 
120 0.468433 
121 0.482009 
122 0.482009 
123 0.482009 
124 0.482009 
125 0.482009 
126 0.482009 
127 0.479122 
128 0.479122 
129 0.479122 
130 0.479122 
131 0.479122 
132 0.479122 
133 0.465600 
134 0.465600 
135 0.465600 
136 0.465600 
137 0.465600 
138 0.465600 
139 0.455579 
140 0.455579 
141 0.455579 
142 0.455579 
143 0.455579 
144 0.455579 
145 0.436148 
146 0.436148 
147 0.436148 
148 0.436148 
149 0.436148 
150 0.436148 
151 0.423506 
152 0.423506 
153 0.423506 
154 0.423506 
155 0.423506 
156 0.423506 
157 0.409718 
158 0.409718 
159 0.409718 
160 0.409718 
161 0.409718 
162 0.409718 
163 0.400893 
164 0.400893 
165 0.400893 
166 0.400893 
167 0.400893 
168 0.400893 
169 0.400991 
170 0.400991 
171 0.400991 
172 0.400991 
173 0.400991 
174 0.400991 
175 0.390393 
176 0.390393 
177 0.390393 
178 0.390393 
179 0.390393 
180 0.390393 
181 0.384837 
182 0.384837 
183 0.384837 
184 0.384837 
185 0.384837 
186 0.384837 
187 0.376130 
188 0.376130 
189 0.376130 
190 0.376130 
191 0.376130 
192 0.376130 
193 0.371202 
194 0.371202 
195 0.371202 
196 0.371202 
197 0.371202 
198 0.371202 
199 0.371296 
200 0.371296 
201 0.371296 
202 0.371296 
203 0.371296 
204 0.371296 
205 0.369770 
206 0.369770 
207 0.369770 
208 0.369770 
209 0.369770 
210 0.369770 
211 0.370119 
212 0.370119 
213 0.370119 
214 0.370119 
215 0.370119 
216 0.370119 
217 0.371108 
218 0.371108 
219 0.371108 
220 0.371108 
221 0.371108 
222 0.371108 
223 0.383652 
224 0.383652 
225 0.383652 
226 0.383652 
227 0.383652 
228 0.383652 
229 0.379006 
230 0.379006 
231 0.379006 
232 0.379006 
233 0.379006 
234 0.379006 
235 0.376624 
236 0.376624 
237 0.376624 
238 0.376624 
239 0.376624 
240 0.376624 
241 0.376652 
242 0.376652 
243 0.376652 
244 0.376652 
245 0.376652 
246 0.376652 
247 0.371735 
248 0.371735 
249 0.371735 
250 0.371735 
251 0.371735 
252 0.371735 
253 0.370201 
254 0.370201 
255 0.370201 
256 0.370201 
257 0.370201 
258 0.370201 
259 0.367145 
260 0.367145 
261 0.367145 
262 0.367145 
263 0.367145 
264 0.367145 
265 0.367584 
266 0.367584 
267 0.367584 
268 0.367584 
269 0.367584 
270 0.367584 
271 0.368377 
272 0.368377 
273 0.368377 
274 0.368377 
275 0.368377 
276 0.368377 
277 0.367776 
278 0.367776 
279 0.367776 
280 0.367776 
281 0.367776 
282 0.367776 
283 0.376577 
284 0.376577 
285 0.376577 
286 0.376577 
287 0.376577 
288 0.376577 
289 0.377621 
290 0.377621 
291 0.377621 
292 0.377621 
293 0.377621 
294 0.377621 
295 0.371320 
296 0.371320 
297 0.371320 
298 0.371320 
299 0.371320 
300 0.371320 
301 0.362719 
302 0.362719 
303 0.362719 
304 0.362719 
305 0.362719 
306 0.362719 
307 0.362742 
308 0.362742 
309 0.362742 
310 0.362742 
311 0.362742 
312 0.362742 
313 0.363091 
314 0.363091 
315 0.363091 
316 0.363091 
317 0.363091 
318 0.363091 
319 0.371810 
320 0.371810 
321 0.371810 
322 0.371810 
323 0.371810 
324 0.371810 
325 0.368122 
326 0.368122 
327 0.368122 
328 0.368122 
329 0.368122 
330 0.368122 
331 0.367537 
332 0.367537 
333 0.367537 
334 0.367537 
335 0.367537 
336 0.367537 
337 0.367027 
338 0.367027 
339 0.367027 
340 0.367027 
341 0.367027 
342 0.367027 
343 0.380941 
344 0.380941 
345 0.380941 
346 0.380941 
347 0.380941 
348 0.380941 
349 0.408572 
350 0.408572 
351 0.408572 
352 0.408572 
353 0.408572 
354 0.408572 
355 0.412578 
356 0.412578 
357 0.412578 
358 0.412578 
359 0.412578 
360 0.412578 
361 0.412712 
362 0.412712 
363 0.412712 
364 0.412712 
365 0.412712 
366 0.412712 
367 0.407214 
368 0.407214 
369 0.407214 
370 0.407214 
371 0.407214 
372 0.407214 
373 0.407662 
374 0.407662 
375 0.407662 
376 0.407662 
377 0.407662 
378 0.407662 
379 0.400854 
380 0.400854 
381 0.400854 
382 0.400854 
383 0.400854 
384 0.400854 
385 0.405507 
386 0.405507 
387 0.405507 
388 0.405507 
389 0.405507 
390 0.405507 
391 0.423659 
392 0.423659 
393 0.423659 
394 0.423659 
395 0.423659 
396 0.423659 
397 0.434881 
398 0.434881 
399 0.434881 
400 0.434881 
401 0.434881 
402 0.434881 
403 0.440645 
404 0.440645 
405 0.440645 
406 0.440645 
407 0.440645 
408 0.440645 
409 0.461143 
410 0.461143 
411 0.461143 
412 0.461143 
413 0.461143 
414 0.461143 
415 0.494668 
416 0.494668 
417 0.494668 
418 0.494668 
419 0.494668 
420 0.494668 
421 0.547415 
422 0.547415 
423 0.547415 
424 0.547415 
425 0.547415 
426 0.547415 
427 0.592978 
428 0.592978 
429 0.592978 
430 0.592978 
431 0.592978 
432 0.592978 
433 0.635312 
434 0.635312 
435 0.635312 
436 0.635312 
437 0.635312 
438 0.635312 
439 0.666678 
440 0.666678 
441 0.666678 
442 0.666678 
443 0.666678 
444 0.666678 
445 0.694329 
446 0.694329 
447 0.694329 
448 0.694329 
449 0.694329 
450 0.694329 
451 0.710711 
452 0.710711 
453 0.710711 
454 0.710711 
455 0.710711 
456 0.710711 
457 0.723993 
458 0.723993 
459 0.723993 
460 0.723993 
461 0.723993 
462 0.723993 
463 0.738256 
464 0.738256 
465 0.738256 
466 0.738256 
467 0.738256 
468 0.738256 
469 0.753849 
470 0.753849 
471 0.753849 
472 0.753849 
473 0.753849 
474 0.753849 
475 0.755984 
476 0.755984 
477 0.755984 
478 0.755984 
479 0.755984 
480 0.755984 
481 0.754697 
482 0.754697 
483 0.754697 
484 0.754697 
485 0.754697 
486 0.754697 
487 0.753677 
488 0.753677 
489 0.753677 
490 0.753677 
491 0.753677 
492 0.753677 
493 0.753080 
494 0.753080 
495 0.753080 
496 0.753080 
497 0.753080 
498 0.753080 
499 0.754265 
500 0.754265 
501 0.754265 
502 0.754265 
503 0.754265 
504 0.754265 
505 0.769737 
506 0.769737 
507 0.769737 
508 0.769737 
509 0.769737 
510 0.769737 
511 0.781324 
512 0.781324 
513 0.781324 
514 0.781324 
515 0.781324 
516 0.781324 
517 0.807997 
518 0.807997 
519 0.807997 
520 0.807997 
521 0.807997 
522 0.807997 
523 0.876593 
524 0.876593 
525 0.876593 
526 0.876593 
527 0.876593 
528 0.876593 
529 0.907654 
530 0.907654 
531 0.907654 
532 0.907654 
533 0.907654 
534 0.907654 
535 0.922933 
536 0.922933 
537 0.922933 
538 0.922933 
539 0.922933 
540 0.922933 
541 0.928363 
542 0.928363 
543 0.928363 
544 0.928363 
545 0.928363 
546 0.928363 
547 0.953582 
548 0.953582 
549 0.953582 
550 0.953582 
551 0.953582 
552 0.953582 
553 0.954743 
554 0.954743 
555 0.954743 
556 0.954743 
557 0.954743 
558 0.954743 
559 0.954068 
560 0.954068 
561 0.954068 
562 0.954068 
563 0.954068 
564 0.954068 
565 0.954190 
566 0.954190 
567 0.954190 
568 0.954190 
569 0.954190 
570 0.954190 
571 0.945883 
572 0.945883 
573 0.945883 
574 0.945883 
575 0.945883 
576 0.945883 
577 0.947229 
578 0.947229 
579 0.947229 
580 0.947229 
581 0.947229 
582 0.947229 
583 0.949038 
584 0.949038 
585 0.949038 
586 0.949038 
587 0.949038 
588 0.949038 
589 0.952350 
590 0.952350 
591 0.952350 
592 0.952350 
593 0.952350 
594 0.952350 
595 0.965514 
596 0.965514 
597 0.965514 
598 0.965514 
599 0.965514 
600 0.965514 
601 0.970886 
602 0.970886 
603 0.970886 
604 0.970886 
605 0.970886 
606 0.970886 
607 0.973828 
608 0.973828 
609 0.973828 
610 0.973828 
611 0.973828 
612 0.973828 
613 0.975531 
614 0.975531 
615 0.975531 
616 0.975531 
617 0.975531 
618 0.975531 
619 0.979486 
620 0.979486 
621 0.979486 
622 0.979486 
623 0.979486 
624 0.979486 
625 0.978969 
626 0.978969 
627 0.978969 
628 0.978969 
629 0.978969 
630 0.978969 
631 0.979620 
632 0.979620 
633 0.979620 
634 0.979620 
635 0.979620 
636 0.979620 
637 0.980773 
638 0.980773 
639 0.980773 
640 0.980773 
641 0.980773 
642 0.980773 
643 0.981060 
644 0.981060 
645 0.981060 
646 0.981060 
647 0.981060 
648 0.981060 
649 0.979734 
650 0.979734 
651 0.979734 
652 0.979734 
653 0.979734 
654 0.979734 
655 0.979588 
656 0.979588 
657 0.979588 
658 0.979588 
659 0.979588 
660 0.979588 
661 0.979149 
662 0.979149 
663 0.979149 
664 0.979149 
665 0.979149 
666 0.979149 
667 0.979569 
668 0.979569 
669 0.979569 
670 0.979569 
671 0.979569 
672 0.979569 
673 0.979569 
674 0.979569 
675 0.979569 
676 0.979569 
677 0.979569 
678 0.979569 
679 0.979604 
680 0.979604 
681 0.979604 
682 0.979604 
683 0.979604 
684 0.979604 
685 0.979851 
686 0.979851 
687 0.979851 
688 0.979851 
689 0.979851 
690 0.979851 
691 0.979934 
692 0.979934 
693 0.979934 
694 0.979934 
695 0.979934 
696 0.979934 
697 0.980071 
698 0.980071 
699 0.980071 
700 0.980071 
701 0.980071 
702 0.980071 
703 0.979781 
704 0.979781 
705 0.979781 
706 0.979781 
707 0.979781 
708 0.979781 
709 0.980377 
710 0.980377 
711 0.980377 
712 0.980377 
713 0.980377 
714 0.980377 
715 0.979989 
716 0.979989 
717 0.979989 
718 0.979989 
719 0.979989 
720 0.979989 
721 0.979577 
722 0.979577 
723 0.979577 
724 0.979577 
725 0.979577 
726 0.979577 
727 0.979549 
728 0.979549 
729 0.979549 
730 0.979549 
731 0.979549 
732 0.979549 
733 0.979416 
734 0.979416 
735 0.979416 
736 0.979416 
737 0.979416 
738 0.979416 
739 0.979129 
740 0.979129 
741 0.979129 
742 0.979129 
743 0.979129 
744 0.979129 
745 0.979498 
746 0.979498 
747 0.979498 
748 0.979498 
749 0.979498 
750 0.979498 
751 0.979200 
752 0.979200 
753 0.979200 
754 0.979200 
755 0.979200 
756 0.979200 
757 0.979176 
758 0.979176 
759 0.979176 
760 0.979176 
761 0.979176 
762 0.979176 
763 0.979341 
764 0.979341 
765 0.979341 
766 0.979341 
767 0.979341 
768 0.979341 
769 0.979392 
770 0.979392 
771 0.979392 
772 0.979392 
773 0.979392 
774 0.979392 
775 0.979647 
776 0.979647 
777 0.979647 
778 0.979647 
779 0.979647 
780 0.979647 
781 0.979310 
782 0.979310 
783 0.979310 
784 0.979310 
785 0.979310 
786 0.979310 
787 0.978839 
788 0.978839 
789 0.978839 
790 0.978839 
791 0.978839 
792 0.978839 
793 0.978545 
794 0.978545 
795 0.978545 
796 0.978545 
797 0.978545 
798 0.978545 
799 0.978086 
800 0.978086 
801 0.978086 
802 0.978086 
803 0.978086 
804 0.978086 
805 0.977124 
806 0.977124 
807 0.977124 
808 0.977124 
809 0.977124 
810 0.977124 
811 0.977548 
812 0.977548 
813 0.977548 
814 0.977548 
815 0.977548 
816 0.977548 
817 0.976967 
818 0.976967 
819 0.976967 
820 0.976967 
821 0.976967 
822 0.976967 
823 0.975304 
824 0.975304 
825 0.975304 
826 0.975304 
827 0.975304 
828 0.975304 
829 0.975339 
830 0.975339 
831 0.975339 
832 0.975339 
833 0.975339 
834 0.975339 
835 0.976081 
836 0.976081 
837 0.976081 
838 0.976081 
839 0.976081 
840 0.976081 
841 0.976104 
842 0.976104 
843 0.976104 
844 0.976104 
845 0.976104 
846 0.976104 
847 0.976524 
848 0.976524 
849 0.976524 
850 0.976524 
851 0.976524 
852 0.976524 
853 0.976375 
854 0.976375 
855 0.976375 
856 0.976375 
857 0.976375 
858 0.976375 
859 0.975924 
860 0.975924 
861 0.975924 
862 0.975924 
863 0.975924 
864 0.975924 
865 0.976265 
866 0.976265 
867 0.976265 
868 0.976265 
869 0.976265 
870 0.976265 
871 0.975727 
872 0.975727 
873 0.975727 
874 0.975727 
875 0.975727 
876 0.975727 
877 0.975935 
878 0.975935 
879 0.975935 
880 0.975935 
881 0.975935 
882 0.975935 
883 0.976324 
884 0.976324 
885 0.976324 
886 0.976324 
887 0.976324 
888 0.976324 
889 0.976022 
890 0.976022 
891 0.976022 
892 0.976022 
893 0.976022 
894 0.976022 
895 0.976273 
896 0.976273 
897 0.976273 
898 0.976273 
899 0.976273 
900 0.976273 
901 0.976253 
902 0.976253 
903 0.976253 
904 0.976253 
905 0.976253 
906 0.976253 
907 0.975853 
908 0.975853 
909 0.975853 
910 0.975853 
911 0.975853 
912 0.975853 
913 0.976069 
914 0.976069 
915 0.976069 
916 0.976069 
917 0.976069 
918 0.976069 
919 0.976261 
920 0.976261 
921 0.976261 
922 0.976261 
923 0.976261 
924 0.976261 
925 0.976206 
926 0.976206 
927 0.976206 
928 0.976206 
929 0.976206 
930 0.976206 
931 0.976222 
932 0.976222 
933 0.976222 
934 0.976222 
935 0.976222 
936 0.976222 
937 0.976336 
938 0.976336 
939 0.976336 
940 0.976336 
941 0.976336 
942 0.976336 
943 0.976595 
944 0.976595 
945 0.976595 
946 0.976595 
947 0.976595 
948 0.976595 
949 0.976602 
950 0.976602 
951 0.976602 
952 0.976602 
953 0.976602 
954 0.976602 
955 0.976595 
956 0.976595 
957 0.976595 
958 0.976595 
959 0.976595 
960 0.976595 
961 0.976822 
962 0.976822 
963 0.976822 
964 0.976822 
965 0.976822 
966 0.976822 
967 0.976599 
968 0.976599 
969 0.976599 
970 0.976599 
971 0.976599 
972 0.976599 
973 0.976563 
974 0.976563 
975 0.976563 
976 0.976563 
977 0.976563 
978 0.976563 
979 0.975775 
980 0.975775 
981 0.975775 
982 0.975775 
983 0.975775 
984 0.975775 
985 0.976037 
986 0.976037 
987 0.976037 
988 0.976037 
989 0.976037 
990 0.976037 
991 0.976375 
992 0.976375 
993 0.976375 
994 0.976375 
995 0.976375 
996 0.976375 
997 0.976277 
998 0.976277 
999 0.976277 
1000 0.976277 
1001 0.976277 
1002 0.976277 
1003 0.976634 
1004 0.976634 
1005 0.976634 
1006 0.976634 
1007 0.976634 
1008 0.976634 
1009 0.976559 
1010 0.976559 
1011 0.976559 
1012 0.976559 
1013 0.976559 
1014 0.976559 
1015 0.975206 
1016 0.975206 
1017 0.975206 
1018 0.975206 
1019 0.975206 
1020 0.975206 
1021 0.975692 
1022 0.975692 
1023 0.975692 
1024 0.975692 
1025 0.975692 
1026 0.975692 
1027 0.975606 
1028 0.975606 
1029 0.975606 
1030 0.975606 
1031 0.975606 
1032 0.975606 
1033 0.975861 
1034 0.975861 
1035 0.975861 
1036 0.975861 
1037 0.975861 
1038 0.975861 
1039 0.976818 
1040 0.976818 
1041 0.976818 
1042 0.976818 
1043 0.976818 
1044 0.976818 
1045 0.976956 
1046 0.976956 
1047 0.976956 
1048 0.976956 
1049 0.976956 
1050 0.976956 
1051 0.976775 
1052 0.976775 
1053 0.976775 
1054 0.976775 
1055 0.976775 
1056 0.976775 
1057 0.976795 
1058 0.976795 
1059 0.976795 
1060 0.976795 
1061 0.976795 
1062 0.976795 
1063 0.976171 
1064 0.976171 
1065 0.976171 
1066 0.976171 
1067 0.976171 
1068 0.976171 
1069 0.976555 
1070 0.976555 
1071 0.976555 
1072 0.976555 
1073 0.976555 
1074 0.976555 
1075 0.976583 
1076 0.976583 
1077 0.976583 
1078 0.976583 
1079 0.976583 
1080 0.976583 
1081 0.976810 
1082 0.976810 
1083 0.976810 
1084 0.976810 
1085 0.976810 
1086 0.976810 
1087 0.976465 
1088 0.976465 
1089 0.976465 
1090 0.976465 
1091 0.976465 
1092 0.976465 
1093 0.976445 
1094 0.976445 
1095 0.976445 
1096 0.976445 
1097 0.976445 
1098 0.976445 
1099 0.976336 
1100 0.976336 
1101 0.976336 
1102 0.976336 
1103 0.976336 
1104 0.976336 
1105 0.976367 
1106 0.976367 
1107 0.976367 
1108 0.976367 
1109 0.976367 
1110 0.976367 
1111 0.976363 
1112 0.976363 
1113 0.976363 
1114 0.976363 
1115 0.976363 
1116 0.976363 
1117 0.976485 
1118 0.976485 
1119 0.976485 
1120 0.976485 
1121 0.976485 
1122 0.976485 
1123 0.976701 
1124 0.976701 
1125 0.976701 
1126 0.976701 
1127 0.976701 
1128 0.976701 
1129 0.976861 
1130 0.976861 
1131 0.976861 
1132 0.976861 
1133 0.976861 
1134 0.976861 
1135 0.976971 
1136 0.976971 
1137 0.976971 
1138 0.976971 
1139 0.976971 
1140 0.976971 
1141 0.977222 
1142 0.977222 
1143 0.977222 
1144 0.977222 
1145 0.977222 
1146 0.977222 
1147 0.977591 
1148 0.977591 
1149 0.977591 
1150 0.977591 
1151 0.977591 
1152 0.977591 
1153 0.977509 
1154 0.977509 
1155 0.977509 
1156 0.977509 
1157 0.977509 
1158 0.977509 
1159 0.977305 
1160 0.977305 
1161 0.977305 
1162 0.977305 
1163 0.977305 
1164 0.977305 
1165 0.976563 
1166 0.976563 
1167 0.976563 
1168 0.976563 
1169 0.976563 
1170 0.976563 
1171 0.976854 
1172 0.976854 
1173 0.976854 
1174 0.976854 
1175 0.976854 
1176 0.976854 
1177 0.977340 
1178 0.977340 
1179 0.977340 
1180 0.977340 
1181 0.977340 
1182 0.977340 
1183 0.977309 
1184 0.977309 
1185 0.977309 
1186 0.977309 
1187 0.977309 
1188 0.977309 
1189 0.976359 
1190 0.976359 
1191 0.976359 
1192 0.976359 
1193 0.976359 
1194 0.976359 
1195 0.976712 
1196 0.976712 
1197 0.976712 
1198 0.976712 
1199 0.976712 
1200 0.976712 
1201 0.976724 
1202 0.976724 
1203 0.976724 
1204 0.976724 
1205 0.976724 
1206 0.976724 
1207 0.976854 
1208 0.976854 
1209 0.976854 
1210 0.976854 
1211 0.976854 
1212 0.976854 
1213 0.976622 
1214 0.976622 
1215 0.976622 
1216 0.976622 
1217 0.976622 
1218 0.976622 
1219 0.976650 
1220 0.976650 
1221 0.976650 
1222 0.976650 
1223 0.976650 
1224 0.976650 
1225 0.976650 
1226 0.976650 
1227 0.976650 
1228 0.976650 
1229 0.976650 
1230 0.976650 
1231 0.976897 
1232 0.976897 
1233 0.976897 
1234 0.976897 
1235 0.976897 
1236 0.976897 
1237 0.976614 
1238 0.976614 
1239 0.976614 
1240 0.976614 
1241 0.976614 
1242 0.976614 
1243 0.976489 
1244 0.976489 
1245 0.976489 
1246 0.976489 
1247 0.976489 
1248 0.976489 
1249 0.976787 
1250 0.976787 
1251 0.976787 
1252 0.976787 
1253 0.976787 
1254 0.976787 
1255 0.976147 
1256 0.976147 
1257 0.976147 
1258 0.976147 
1259 0.976147 
1260 0.976147 
1261 0.976304 
1262 0.976304 
1263 0.976304 
1264 0.976304 
1265 0.976304 
1266 0.976304 
1267 0.976536 
1268 0.976536 
1269 0.976536 
1270 0.976536 
1271 0.976536 
1272 0.976536 
1273 0.976791 
1274 0.976791 
1275 0.976791 
1276 0.976791 
1277 0.976791 
1278 0.976791 
1279 0.976963 
1280 0.976963 
1281 0.976963 
1282 0.976963 
1283 0.976963 
1284 0.976963 
1285 0.976398 
1286 0.976398 
1287 0.976398 
1288 0.976398 
1289 0.976398 
1290 0.976398 
1291 0.977066 
1292 0.977066 
1293 0.977066 
1294 0.977066 
1295 0.977066 
1296 0.977066 
1297 0.976744 
1298 0.976744 
1299 0.976744 
1300 0.976744 
1301 0.976744 
1302 0.976744 
1303 0.976779 
1304 0.976779 
1305 0.976779 
1306 0.976779 
1307 0.976779 
1308 0.976779 
1309 0.976963 
1310 0.976963 
1311 0.976963 
1312 0.976963 
1313 0.976963 
1314 0.976963 
1315 0.976912 
1316 0.976912 
1317 0.976912 
1318 0.976912 
1319 0.976912 
1320 0.976912 
1321 0.977454 
1322 0.977454 
1323 0.977454 
1324 0.977454 
1325 0.977454 
1326 0.977454 
1327 0.977293 
1328 0.977293 
1329 0.977293 
1330 0.977293 
1331 0.977293 
1332 0.977293 
1333 0.977301 
1334 0.977301 
1335 0.977301 
1336 0.977301 
1337 0.977301 
1338 0.977301 
1339 0.977929 
1340 0.977929 
1341 0.977929 
1342 0.977929 
1343 0.977929 
1344 0.977929 
1345 0.977364 
1346 0.977364 
1347 0.977364 
1348 0.977364 
1349 0.977364 
1350 0.977364 
1351 0.977815 
1352 0.977815 
1353 0.977815 
1354 0.977815 
1355 0.977815 
1356 0.977815 
1357 0.977748 
1358 0.977748 
1359 0.977748 
1360 0.977748 
1361 0.977748 
1362 0.977748 
1363 0.977383 
1364 0.977383 
1365 0.977383 
1366 0.977383 
1367 0.977383 
1368 0.977383 
1369 0.977556 
1370 0.977556 
1371 0.977556 
1372 0.977556 
1373 0.977556 
1374 0.977556 
1375 0.977313 
1376 0.977313 
1377 0.977313 
1378 0.977313 
1379 0.977313 
1380 0.977313 
1381 0.977670 
1382 0.977670 
1383 0.977670 
1384 0.977670 
1385 0.977670 
1386 0.977670 
1387 0.977246 
1388 0.977246 
1389 0.977246 
1390 0.977246 
1391 0.977246 
1392 0.977246 
1393 0.977183 
1394 0.977183 
1395 0.977183 
1396 0.977183 
1397 0.977183 
1398 0.977183 
1399 0.977760 
1400 0.977760 
1401 0.977760 
1402 0.977760 
1403 0.977760 
1404 0.977760 
1405 0.977984 
1406 0.977984 
1407 0.977984 
1408 0.977984 
1409 0.977984 
1410 0.977984 
1411 0.977136 
1412 0.977136 
1413 0.977136 
1414 0.977136 
1415 0.977136 
1416 0.977136 
1417 0.978184 
1418 0.978184 
1419 0.978184 
1420 0.978184 
1421 0.978184 
1422 0.978184 
1423 0.978215 
1424 0.978215 
1425 0.978215 
1426 0.978215 
1427 0.978215 
1428 0.978215 
1429 0.978042 
1430 0.978042 
1431 0.978042 
1432 0.978042 
1433 0.978042 
1434 0.978042 
1435 0.976987 
1436 0.976987 
1437 0.976987 
1438 0.976987 
1439 0.976987 
1440 0.976987 
1441 0.976916 
1442 0.976916 
1443 0.976916 
1444 0.976916 
1445 0.976916 
1446 0.976916 
1447 0.976673 
1448 0.976673 
1449 0.976673 
1450 0.976673 
1451 0.976673 
1452 0.976673 
1453 0.977485 
1454 0.977485 
1455 0.977485 
1456 0.977485 
1457 0.977485 
1458 0.977485 
1459 0.977705 
1460 0.977705 
1461 0.977705 
1462 0.977705 
1463 0.977705 
1464 0.977705 
1465 0.978666 
1466 0.978666 
1467 0.978666 
1468 0.978666 
1469 0.978666 
1470 0.978666 
1471 0.979871 
1472 0.979871 
1473 0.979871 
1474 0.979871 
1475 0.979871 
1476 0.979871 
1477 0.979600 
1478 0.979600 
1479 0.979600 
1480 0.979600 
1481 0.979600 
1482 0.979600 
1483 0.979161 
1484 0.979161 
1485 0.979161 
1486 0.979161 
1487 0.979161 
1488 0.979161 
1489 0.979694 
1490 0.979694 
1491 0.979694 
1492 0.979694 
1493 0.979694 
1494 0.979694 
1495 0.979855 
1496 0.979855 
1497 0.979855 
1498 0.979855 
1499 0.979855 
1500 0.979855 
1501 0.982822 
1502 0.982822 
1503 0.982822 
1504 0.982822 
1505 0.982822 
1506 0.982822 
1507 0.984509 
1508 0.984509 
1509 0.984509 
1510 0.984509 
1511 0.984509 
1512 0.984509 
1513 0.985761 
1514 0.985761 
1515 0.985761 
1516 0.985761 
1517 0.985761 
1518 0.985761 
1519 0.987514 
1520 0.987514 
1521 0.987514 
1522 0.987514 
1523 0.987514 
1524 0.987514 
1525 0.987475 
1526 0.987475 
1527 0.987475 
1528 0.987475 
1529 0.987475 
1530 0.987475 
1531 0.987526 
1532 0.987526 
1533 0.987526 
1534 0.987526 
1535 0.987526 
1536 0.987526 
1537 0.987538 
1538 0.987538 
1539 0.987538 
1540 0.987538 
1541 0.987538 
1542 0.987538 
1543 0.986341 
1544 0.986341 
1545 0.986341 
1546 0.986341 
1547 0.986341 
1548 0.986341 
1549 0.986322 
1550 0.986322 
1551 0.986322 
1552 0.986322 
1553 0.986322 
1554 0.986322 
1555 0.986514 
1556 0.986514 
1557 0.986514 
1558 0.986514 
1559 0.986514 
1560 0.986514 
1561 0.987413 
1562 0.987413 
1563 0.987413 
1564 0.987413 
1565 0.987413 
1566 0.987413 
1567 0.985372 
1568 0.985372 
1569 0.985372 
1570 0.985372 
1571 0.985372 
1572 0.985372 
1573 0.984168 
1574 0.984168 
1575 0.984168 
1576 0.984168 
1577 0.984168 
1578 0.984168 
1579 0.984038 
1580 0.984038 
1581 0.984038 
1582 0.984038 
1583 0.984038 
1584 0.984038 
1585 0.982139 
1586 0.982139 
1587 0.982139 
1588 0.982139 
1589 0.982139 
1590 0.982139 
1591 0.982265 
1592 0.982265 
1593 0.982265 
1594 0.982265 
1595 0.982265 
1596 0.982265 
1597 0.983457 
1598 0.983457 
1599 0.983457 
1600 0.983457 
1601 0.983457 
1602 0.983457 
1603 0.983653 
1604 0.983653 
1605 0.983653 
1606 0.983653 
1607 0.983653 
1608 0.983653 
1609 0.985941 
1610 0.985941 
1611 0.985941 
1612 0.985941 
1613 0.985941 
1614 0.985941 
1615 0.987428 
1616 0.987428 
1617 0.987428 
1618 0.987428 
1619 0.987428 
1620 0.987428 
1621 0.988853 
1622 0.988853 
1623 0.988853 
1624 0.988853 
1625 0.988853 
1626 0.988853 
1627 0.988664 
1628 0.988664 
1629 0.988664 
1630 0.988664 
1631 0.988664 
1632 0.988664 
1633 0.989237 
1634 0.989237 
1635 0.989237 
1636 0.989237 
1637 0.989237 
1638 0.989237 
1639 0.990136 
1640 0.990136 
1641 0.990136 
1642 0.990136 
1643 0.990136 
1644 0.990136 
1645 0.990559 
1646 0.990559 
1647 0.990559 
1648 0.990559 
1649 0.990559 
1650 0.990559 
1651 0.990932 
1652 0.990932 
1653 0.990932 
1654 0.990932 
1655 0.990932 
1656 0.990932 
1657 0.988962 
1658 0.988962 
1659 0.988962 
1660 0.988962 
1661 0.988962 
1662 0.988962 
1663 0.987793 
1664 0.987793 
1665 0.987793 
1666 0.987793 
1667 0.987793 
1668 0.987793 
1669 0.986851 
1670 0.986851 
1671 0.986851 
1672 0.986851 
1673 0.986851 
1674 0.986851 
1675 0.985941 
1676 0.985941 
1677 0.985941 
1678 0.985941 
1679 0.985941 
1680 0.985941 
1681 0.982386 
1682 0.982386 
1683 0.982386 
1684 0.982386 
1685 0.982386 
1686 0.982386 
1687 0.977222 
1688 0.977222 
1689 0.977222 
1690 0.977222 
1691 0.977222 
1692 0.977222 
1693 0.973687 
1694 0.973687 
1695 0.973687 
1696 0.973687 
1697 0.973687 
1698 0.973687 
1699 0.976493 
1700 0.976493 
1701 0.976493 
1702 0.976493 
1703 0.976493 
1704 0.976493 
1705 0.978290 
1706 0.978290 
1707 0.978290 
1708 0.978290 
1709 0.978290 
1710 0.978290 
1711 0.972435 
1712 0.972435 
1713 0.972435 
1714 0.972435 
1715 0.972435 
1716 0.972435 
1717 0.966448 
1718 0.966448 
1719 0.966448 
1720 0.966448 
1721 0.966448 
1722 0.966448 
1723 0.960845 
1724 0.960845 
1725 0.960845 
1726 0.960845 
1727 0.960845 
1728 0.960845 
1729 0.976065 
1730 0.976065 
1731 0.976065 
1732 0.976065 
1733 0.976065 
1734 0.976065 
1735 0.929737 
1736 0.929737 
1737 0.929737 
1738 0.929737 
1739 0.929737 
1740 0.929737 
1741 0.925083 
1742 0.925083 
1743 0.925083 
1744 0.925083 
1745 0.925083 
1746 0.925083 
1747 0.765083 
1748 0.765083 
1749 0.765083 
1750 0.765083 
1751 0.765083 
1752 0.765083 
1753 0.695008 
1754 0.695008 
1755 0.695008 
1756 0.695008 
1757 0.695008 
1758 0.695008 
1759 0.690598 
1760 0.690598 
1761 0.690598 
1762 0.690598 
1763 0.690598 
1764 0.690598 
1765 0.678544 
1766 0.678544 
1767 0.678544 
1768 0.678544 
1769 0.678544 
1770 0.678544 
1771 0.729498 
1772 0.729498 
1773 0.729498 
1774 0.729498 
1775 0.729498 
1776 0.729498 
1777 0.823277 
1778 0.823277 
1779 0.823277 
1780 0.823277 
1781 0.823277 
1782 0.823277 
1783 0.834220 
1784 0.834220 
1785 0.834220 
1786 0.834220 
1787 0.834220 
1788 0.834220 
1789 0.804686 
1790 0.804686 
1791 0.804686 
1792 0.804686 
1793 0.804686 
1794 0.804686 
1795 0.758495 
1796 0.758495 
1797 0.758495 
1798 0.758495 
1799 0.758495 
1800 0.758495 
1801 0.762952 
1802 0.762952 
1803 0.762952 
1804 0.762952 
1805 0.762952 
1806 0.762952 
1807 0.782505 
1808 0.782505 
1809 0.782505 
1810 0.782505 
1811 0.782505 
1812 0.782505 
1813 0.746881 
1814 0.746881 
1815 0.746881 
1816 0.746881 
1817 0.746881 
1818 0.746881 
1819 0.740677 
1820 0.740677 
1821 0.740677 
1822 0.740677 
1823 0.740677 
1824 0.740677 
1825 0.716000 
1826 0.716000 
1827 0.716000 
1828 0.716000 
1829 0.716000 
1830 0.716000 
1831 0.700737 
1832 0.700737 
1833 0.700737 
1834 0.700737 
1835 0.700737 
1836 0.700737 
1837 0.632577 
1838 0.632577 
1839 0.632577 
1840 0.632577 
1841 0.632577 
1842 0.632577 
1843 0.587355 
1844 0.587355 
1845 0.587355 
1846 0.587355 
1847 0.587355 
1848 0.587355 
1849 0.541200 
1850 0.541200 
1851 0.541200 
1852 0.541200 
1853 0.541200 
1854 0.541200 
1855 0.545261 
1856 0.545261 
1857 0.545261 
1858 0.545261 
1859 0.545261 
1860 0.545261 
1861 0.591059 
1862 0.591059 
1863 0.591059 
1864 0.591059 
1865 0.591059 
1866 0.591059 
1867 0.628885 
1868 0.628885 
1869 0.628885 
1870 0.628885 
1871 0.628885 
1872 0.628885 
1873 0.689884 
1874 0.689884 
1875 0.689884 
1876 0.689884 
1877 0.689884 
1878 0.689884 
1879 0.748521 
1880 0.748521 
1881 0.748521 
1882 0.748521 
1883 0.748521 
1884 0.748521 
1885 0.651117 
1886 0.651117 
1887 0.651117 
1888 0.651117 
1889 0.651117 
1890 0.651117 
1891 0.655072 
1892 0.655072 
1893 0.655072 
1894 0.655072 
1895 0.655072 
1896 0.655072 
1897 0.658285 
1898 0.658285 
1899 0.658285 
1900 0.658285 
1901 0.658285 
1902 0.658285 
1903 0.703864 
1904 0.703864 
1905 0.703864 
1906 0.703864 
1907 0.703864 
1908 0.703864 
1909 0.795382 
1910 0.795382 
1911 0.795382 
1912 0.795382 
1913 0.795382 
1914 0.795382 
1915 0.849778 
1916 0.849778 
1917 0.849778 
1918 0.849778 
1919 0.849778 
1920 0.849778 
1921 0.866674 
1922 0.866674 
1923 0.866674 
1924 0.866674 
1925 0.866674 
1926 0.866674 
1927 0.700847 
1928 0.700847 
1929 0.700847 
1930 0.700847 
1931 0.700847 
1932 0.700847 
1933 0.493879 
1934 0.493879 
1935 0.493879 
1936 0.493879 
1937 0.493879 
1938 0.493879 
1939 0.399834 
1940 0.399834 
1941 0.399834 
1942 0.399834 
1943 0.399834 
1944 0.399834 
1945 0.353721 
1946 0.353721 
1947 0.353721 
1948 0.353721 
1949 0.353721 
1950 0.353721 
1951 0.291529 
1952 0.291529 
1953 0.291529 
1954 0.291529 
1955 0.291529 
1956 0.291529 
1957 0.211802 
1958 0.211802 
1959 0.211802 
1960 0.211802 
1961 0.211802 
1962 0.211802 
1963 0.134080 
1964 0.134080 
1965 0.134080 
1966 0.134080 
1967 0.134080 
1968 0.134080 
1969 0.114543 
1970 0.114543 
1971 0.114543 
1972 0.114543 
1973 0.114543 
1974 0.114543 
1975 0.105051 
1976 0.105051 
1977 0.105051 
1978 0.105051 
1979 0.105051 
1980 0.105051 
1981 0.099448 
1982 0.099448 
1983 0.099448 
1984 0.099448 
1985 0.099448 
1986 0.099448 
1987 0.078291 
1988 0.078291 
1989 0.078291 
1990 0.078291 
1991 0.078291 
1992 0.078291 
1993 0.076380 
1994 0.076380 
1995 0.076380 
1996 0.076380 
1997 0.076380 
1998 0.076380 
1999 0.089505 
2000 0.089505 
2001 0.089505 
2002 0.089505 
2003 0.089505 
2004 0.089505 
2005 0.215149 
2006 0.215149 
2007 0.215149 
2008 0.215149 
2009 0.215149 
2010 0.215149 
2011 0.430953 
2012 0.430953 
2013 0.430953 
2014 0.430953 
2015 0.430953 
2016 0.430953 
2017 0.604706 
2018 0.604706 
2019 0.604706 
2020 0.604706 
2021 0.604706 
2022 0.604706 
2023 0.803207 
2024 0.803207 
2025 0.803207 
2026 0.803207 
2027 0.803207 
2028 0.803207 
2029 0.886634 
2030 0.886634 
2031 0.886634 
2032 0.886634 
2033 0.886634 
2034 0.886634 
2035 0.948661 
2036 0.948661 
2037 0.948661 
2038 0.948661 
2039 0.948661 
2040 0.948661 
2041 0.805988 
2042 0.805988 
2043 0.805988 
2044 0.805988 
2045 0.805988 
2046 0.805988 
2047 0.513149 
2048 0.513149 
2049 0.513149 
2050 0.513149 
2051 0.513149 
2052 0.513149 
2053 0.390464 
2054 0.390464 
2055 0.390464 
2056 0.390464 
2057 0.390464 
2058 0.390464 
2059 0.289736 
2060 0.289736 
2061 0.289736 
2062 0.289736 
2063 0.289736 
2064 0.289736 
2065 0.187114 
2066 0.187114 
2067 0.187114 
2068 0.187114 
2069 0.187114 
2070 0.187114 
2071 0.117996 
2072 0.117996 
2073 0.117996 
2074 0.117996 
2075 0.117996 
2076 0.117996 
2077 0.091075 
2078 0.091075 
2079 0.091075 
2080 0.091075 
2081 0.091075 
2082 0.091075 
2083 0.085621 
2084 0.085621 
2085 0.085621 
2086 0.085621 
2087 0.085621 
2088 0.085621 
2089 0.079653 
2090 0.079653 
2091 0.079653 
2092 0.079653 
2093 0.079653 
2094 0.079653 
2095 0.079786 
2096 0.079786 
2097 0.079786 
2098 0.079786 
2099 0.079786 
2100 0.079786 
2101 0.094810 
2102 0.094810 
2103 0.094810 
2104 0.094810 
2105 0.094810 
2106 0.094810 
2107 0.149339 
2108 0.149339 
2109 0.149339 
2110 0.149339 
2111 0.149339 
2112 0.149339 
2113 0.259543 
2114 0.259543 
2115 0.259543 
2116 0.259543 
2117 0.259543 
2118 0.259543 
2119 0.836002 
2120 0.836002 
2121 0.836002 
2122 0.836002 
2123 0.836002 
2124 0.836002 
2125 0.956128 
2126 0.956128 
2127 0.956128 
2128 0.956128 
2129 0.956128 
2130 0.956128 
2131 0.987444 
2132 0.987444 
2133 0.987444 
2134 0.987444 
2135 0.987444 
2136 0.987444 
2137 0.991709 
2138 0.991709 
2139 0.991709 
2140 0.991709 
2141 0.991709 
2142 0.991709 
2143 0.993400 
2144 0.993400 
2145 0.993400 
2146 0.993400 
2147 0.993400 
2148 0.993400 
2149 0.993334 
2150 0.993334 
2151 0.993334 
2152 0.993334 
2153 0.993334 
2154 0.993334 
2155 0.992196 
2156 0.992196 
2157 0.992196 
2158 0.992196 
2159 0.992196 
2160 0.992196 
2161 0.945326 
2162 0.945326 
2163 0.945326 
2164 0.945326 
2165 0.945326 
2166 0.945326 
2167 0.937055 
2168 0.937055 
2169 0.937055 
2170 0.937055 
2171 0.937055 
2172 0.937055 
2173 0.938043 
2174 0.938043 
2175 0.938043 
2176 0.938043 
2177 0.938043 
2178 0.938043 
2179 0.523362 
2180 0.523362 
2181 0.523362 
2182 0.523362 
2183 0.523362 
2184 0.523362 
2185 0.146538 
2186 0.146538 
2187 0.146538 
2188 0.146538 
2189 0.146538 
2190 0.146538 
2191 0.110831 
2192 0.110831 
2193 0.110831 
2194 0.110831 
2195 0.110831 
2196 0.110831 
2197 0.095827 
2198 0.095827 
2199 0.095827 
2200 0.095827 
2201 0.095827 
2202 0.095827 
2203 0.088748 
2204 0.088748 
2205 0.088748 
2206 0.088748 
2207 0.088748 
2208 0.088748 
2209 0.091715 
2210 0.091715 
2211 0.091715 
2212 0.091715 
2213 0.091715 
2214 0.091715 
2215 0.109446 
2216 0.109446 
2217 0.109446 
2218 0.109446 
2219 0.109446 
2220 0.109446 
2221 0.109619 
2222 0.109619 
2223 0.109619 
2224 0.109619 
2225 0.109619 
2226 0.109619 
2227 0.111333 
2228 0.111333 
2229 0.111333 
2230 0.111333 
2231 0.111333 
2232 0.111333 
2233 0.114131 
2234 0.114131 
2235 0.114131 
2236 0.114131 
2237 0.114131 
2238 0.114131 
2239 0.104910 
2240 0.104910 
2241 0.104910 
2242 0.104910 
2243 0.104910 
2244 0.104910 
2245 0.107323 
2246 0.107323 
2247 0.107323 
2248 0.107323 
2249 0.107323 
2250 0.107323 
2251 0.112279 
2252 0.112279 
2253 0.112279 
2254 0.112279 
2255 0.112279 
2256 0.112279 
2257 0.115571 
2258 0.115571 
2259 0.115571 
2260 0.115571 
2261 0.115571 
2262 0.115571 
2263 0.110753 
2264 0.110753 
2265 0.110753 
2266 0.110753 
2267 0.110753 
2268 0.110753 
2269 0.150505 
2270 0.150505 
2271 0.150505 
2272 0.150505 
2273 0.150505 
2274 0.150505 
2275 0.232017 
2276 0.232017 
2277 0.232017 
2278 0.232017 
2279 0.232017 
2280 0.232017 
2281 0.282987 
2282 0.282987 
2283 0.282987 
2284 0.282987 
2285 0.282987 
2286 0.282987 
2287 0.346553 
2288 0.346553 
2289 0.346553 
2290 0.346553 
2291 0.346553 
2292 0.346553 
2293 0.334671 
2294 0.334671 
2295 0.334671 
2296 0.334671 
2297 0.334671 
2298 0.334671 
2299 0.308708 
2300 0.308708 
2301 0.308708 
2302 0.308708 
2303 0.308708 
2304 0.308708 
2305 0.275630 
2306 0.275630 
2307 0.275630 
2308 0.275630 
2309 0.275630 
2310 0.275630 
2311 0.253331 
2312 0.253331 
2313 0.253331 
2314 0.253331 
2315 0.253331 
2316 0.253331 
2317 0.236137 
2318 0.236137 
2319 0.236137 
2320 0.236137 
2321 0.236137 
2322 0.236137 
2323 0.193321 
2324 0.193321 
2325 0.193321 
2326 0.193321 
2327 0.193321 
2328 0.193321 
2329 0.169170 
2330 0.169170 
2331 0.169170 
2332 0.169170 
2333 0.169170 
2334 0.169170 
2335 0.178285 
2336 0.178285 
2337 0.178285 
2338 0.178285 
2339 0.178285 
2340 0.178285 
2341 0.151662 
2342 0.151662 
2343 0.151662 
2344 0.151662 
2345 0.151662 
2346 0.151662 
2347 0.140617 
2348 0.140617 
2349 0.140617 
2350 0.140617 
2351 0.140617 
2352 0.140617 
2353 0.170253 
2354 0.170253 
2355 0.170253 
2356 0.170253 
2357 0.170253 
2358 0.170253 
2359 0.165329 
2360 0.165329 
2361 0.165329 
2362 0.165329 
2363 0.165329 
2364 0.165329 
2365 0.150218 
2366 0.150218 
2367 0.150218 
2368 0.150218 
2369 0.150218 
2370 0.150218 
2371 0.145816 
2372 0.145816 
2373 0.145816 
2374 0.145816 
2375 0.145816 
2376 0.145816 
2377 0.126138 
2378 0.126138 
2379 0.126138 
2380 0.126138 
2381 0.126138 
2382 0.126138 
2383 0.128543 
2384 0.128543 
2385 0.128543 
2386 0.128543 
2387 0.128543 
2388 0.128543 
2389 0.289246 
2390 0.289246 
2391 0.289246 
2392 0.289246 
2393 0.289246 
2394 0.289246 
2395 0.402047 
2396 0.402047 
2397 0.402047 
2398 0.402047 
2399 0.402047 
2400 0.402047 
2401 0.611710 
2402 0.611710 
2403 0.611710 
2404 0.611710 
2405 0.611710 
2406 0.611710 
2407 0.678316 
2408 0.678316 
2409 0.678316 
2410 0.678316 
2411 0.678316 
2412 0.678316 
2413 0.312365 
2414 0.312365 
2415 0.312365 
2416 0.312365 
2417 0.312365 
2418 0.312365 
2419 0.086774 
2420 0.086774 
2421 0.086774 
2422 0.086774 
2423 0.086774 
2424 0.086774 
2425 0.082450 
2426 0.082450 
2427 0.082450 
2428 0.082450 
2429 0.082450 
2430 0.082450 
2431 0.089866 
2432 0.089866 
2433 0.089866 
2434 0.089866 
2435 0.089866 
2436 0.089866 
2437 0.239782 
2438 0.239782 
2439 0.239782 
2440 0.239782 
2441 0.239782 
2442 0.239782 
2443 0.255066 
2444 0.255066 
2445 0.255066 
2446 0.255066 
2447 0.255066 
2448 0.255066 
2449 0.243224 
2450 0.243224 
2451 0.243224 
2452 0.243224 
2453 0.243224 
2454 0.243224 
2455 0.209448 
2456 0.209448 
2457 0.209448 
2458 0.209448 
2459 0.209448 
2460 0.209448 
2461 0.157548 
2462 0.157548 
2463 0.157548 
2464 0.157548 
2465 0.157548 
2466 0.157548 
2467 0.130501 
2468 0.130501 
2469 0.130501 
2470 0.130501 
2471 0.130501 
2472 0.130501 
2473 0.131313 
2474 0.131313 
2475 0.131313 
2476 0.131313 
2477 0.131313 
2478 0.131313 
2479 0.166726 
2480 0.166726 
2481 0.166726 
2482 0.166726 
2483 0.166726 
2484 0.166726 
2485 0.173219 
2486 0.173219 
2487 0.173219 
2488 0.173219 
2489 0.173219 
2490 0.173219 
2491 0.157975 
2492 0.157975 
2493 0.157975 
2494 0.157975 
2495 0.157975 
2496 0.157975 
2497 0.153483 
2498 0.153483 
2499 0.153483 
2500 0.153483 
2501 0.153483 
2502 0.153483 
2503 0.143304 
2504 0.143304 
2505 0.143304 
2506 0.143304 
2507 0.143304 
2508 0.143304 
2509 0.167530 
2510 0.167530 
2511 0.167530 
2512 0.167530 
2513 0.167530 
2514 0.167530 
2515 0.266091 
2516 0.266091 
2517 0.266091 
2518 0.266091 
2519 0.266091 
2520 0.266091 
2521 0.293789 
2522 0.293789 
2523 0.293789 
2524 0.293789 
2525 0.293789 
2526 0.293789 
2527 0.329264 
2528 0.329264 
2529 0.329264 
2530 0.329264 
2531 0.329264 
2532 0.329264 
2533 0.328770 
2534 0.328770 
2535 0.328770 
2536 0.328770 
2537 0.328770 
2538 0.328770 
2539 0.301343 
2540 0.301343 
2541 0.301343 
2542 0.301343 
2543 0.301343 
2544 0.301343 
2545 0.165811 
2546 0.165811 
2547 0.165811 
2548 0.165811 
2549 0.165811 
2550 0.165811 
2551 0.133150 
2552 0.133150 
2553 0.133150 
2554 0.133150 
2555 0.133150 
2556 0.133150 
2557 0.126134 
2558 0.126134 
2559 0.126134 
2560 0.126134 
2561 0.126134 
2562 0.126134 
2563 0.177002 
2564 0.177002 
2565 0.177002 
2566 0.177002 
2567 0.177002 
2568 0.177002 
2569 0.181145 
2570 0.181145 
2571 0.181145 
2572 0.181145 
2573 0.181145 
2574 0.181145 
2575 0.185403 
2576 0.185403 
2577 0.185403 
2578 0.185403 
2579 0.185403 
2580 0.185403 
2581 0.190704 
2582 0.190704 
2583 0.190704 
2584 0.190704 
2585 0.190704 
2586 0.190704 
2587 0.192701 
2588 0.192701 
2589 0.192701 
2590 0.192701 
2591 0.192701 
2592 0.192701 
2593 0.195408 
2594 0.195408 
2595 0.195408 
2596 0.195408 
2597 0.195408 
2598 0.195408 
2599 0.199764 
2600 0.199764 
2601 0.199764 
2602 0.199764 
2603 0.199764 
2604 0.199764 
2605 0.208577 
2606 0.208577 
2607 0.208577 
2608 0.208577 
2609 0.208577 
2610 0.208577 
2611 0.228615 
2612 0.228615 
2613 0.228615 
2614 0.228615 
2615 0.228615 
2616 0.228615 
2617 0.232641 
2618 0.232641 
2619 0.232641 
2620 0.232641 
2621 0.232641 
2622 0.232641 
2623 0.241301 
2624 0.241301 
2625 0.241301 
2626 0.241301 
2627 0.241301 
2628 0.241301 
2629 0.305616 
2630 0.305616 
2631 0.305616 
2632 0.305616 
2633 0.305616 
2634 0.305616 
2635 0.310987 
2636 0.310987 
2637 0.310987 
2638 0.310987 
2639 0.310987 
2640 0.310987 
2641 0.363005 
2642 0.363005 
2643 0.363005 
2644 0.363005 
2645 0.363005 
2646 0.363005 
2647 0.466942 
2648 0.466942 
2649 0.466942 
2650 0.466942 
2651 0.466942 
2652 0.466942 
2653 0.645933 
2654 0.645933 
2655 0.645933 
2656 0.645933 
2657 0.645933 
2658 0.645933 
2659 0.749082 
2660 0.749082 
2661 0.749082 
2662 0.749082 
2663 0.749082 
2664 0.749082 
2665 0.752751 
2666 0.752751 
2667 0.752751 
2668 0.752751 
2669 0.752751 
2670 0.752751 
2671 0.695263 
2672 0.695263 
2673 0.695263 
2674 0.695263 
2675 0.695263 
2676 0.695263 
2677 0.629920 
2678 0.629920 
2679 0.629920 
2680 0.629920 
2681 0.629920 
2682 0.629920 
2683 0.384445 
2684 0.384445 
2685 0.384445 
2686 0.384445 
2687 0.384445 
2688 0.384445 
2689 0.247512 
2690 0.247512 
2691 0.247512 
2692 0.247512 
2693 0.247512 
2694 0.247512 
2695 0.243432 
2696 0.243432 
2697 0.243432 
2698 0.243432 
2699 0.243432 
2700 0.243432 
2701 0.234113 
2702 0.234113 
2703 0.234113 
2704 0.234113 
2705 0.234113 
2706 0.234113 
2707 0.225979 
2708 0.225979 
2709 0.225979 
2710 0.225979 
2711 0.225979 
2712 0.225979 
2713 0.222267 
2714 0.222267 
2715 0.222267 
2716 0.222267 
2717 0.222267 
2718 0.222267 
2719 0.199411 
2720 0.199411 
2721 0.199411 
2722 0.199411 
2723 0.199411 
2724 0.199411 
2725 0.181483 
2726 0.181483 
2727 0.181483 
2728 0.181483 
2729 0.181483 
2730 0.181483 
2731 0.216538 
2732 0.216538 
2733 0.216538 
2734 0.216538 
2735 0.216538 
2736 0.216538 
2737 0.268387 
2738 0.268387 
2739 0.268387 
2740 0.268387 
2741 0.268387 
2742 0.268387 
2743 0.284898 
2744 0.284898 
2745 0.284898 
2746 0.284898 
2747 0.284898 
2748 0.284898 
2749 0.310277 
2750 0.310277 
2751 0.310277 
2752 0.310277 
2753 0.310277 
2754 0.310277 
2755 0.327746 
2756 0.327746 
2757 0.327746 
2758 0.327746 
2759 0.327746 
2760 0.327746 
2761 0.373281 
2762 0.373281 
2763 0.373281 
2764 0.373281 
2765 0.373281 
2766 0.373281 
2767 0.371857 
2768 0.371857 
2769 0.371857 
2770 0.371857 
2771 0.371857 
2772 0.371857 
2773 0.368738 
2774 0.368738 
2775 0.368738 
2776 0.368738 
2777 0.368738 
2778 0.368738 
2779 0.377237 
2780 0.377237 
2781 0.377237 
2782 0.377237 
2783 0.377237 
2784 0.377237 
2785 0.427269 
2786 0.427269 
2787 0.427269 
2788 0.427269 
2789 0.427269 
2790 0.427269 
2791 0.428995 
2792 0.428995 
2793 0.428995 
2794 0.428995 
2795 0.428995 
2796 0.428995 
2797 0.431844 
2798 0.431844 
2799 0.431844 
2800 0.431844 
2801 0.431844 
2802 0.431844 
2803 0.438730 
2804 0.438730 
2805 0.438730 
2806 0.438730 
2807 0.438730 
2808 0.438730 
2809 0.444820 
2810 0.444820 
2811 0.444820 
2812 0.444820 
2813 0.444820 
2814 0.444820 
2815 0.462779 
2816 0.462779 
2817 0.462779 
2818 0.462779 
2819 0.462779 
2820 0.462779 
2821 0.466193 
2822 0.466193 
2823 0.466193 
2824 0.466193 
2825 0.466193 
2826 0.466193 
2827 0.473667 
2828 0.473667 
2829 0.473667 
2830 0.473667 
2831 0.473667 
2832 0.473667 
2833 0.478643 
2834 0.478643 
2835 0.478643 
2836 0.478643 
2837 0.478643 
2838 0.478643 
2839 0.459538 
2840 0.459538 
2841 0.459538 
2842 0.459538 
2843 0.459538 
2844 0.459538 
2845 0.462775 
2846 0.462775 
2847 0.462775 
2848 0.462775 
2849 0.462775 
2850 0.462775 
2851 0.467790 
2852 0.467790 
2853 0.467790 
2854 0.467790 
2855 0.467790 
2856 0.467790 
2857 0.479785 
2858 0.479785 
2859 0.479785 
2860 0.479785 
2861 0.479785 
2862 0.479785 
2863 0.501052 
2864 0.501052 
2865 0.501052 
2866 0.501052 
2867 0.501052 
2868 0.501052 
2869 0.501526 
2870 0.501526 
2871 0.501526 
2872 0.501526 
2873 0.501526 
2874 0.501526 
2875 0.500204 
2876 0.500204 
2877 0.500204 
2878 0.500204 
2879 0.500204 
2880 0.500204 
2881 0.508024 
2882 0.508024 
2883 0.508024 
2884 0.508024 
2885 0.508024 
2886 0.508024 
2887 0.505999 
2888 0.505999 
2889 0.505999 
2890 0.505999 
2891 0.505999 
2892 0.505999 
2893 0.492835 
2894 0.492835 
2895 0.492835 
2896 0.492835 
2897 0.492835 
2898 0.492835 
2899 0.484964 
2900 0.484964 
2901 0.484964 
2902 0.484964 
2903 0.484964 
2904 0.484964 
2905 0.482084 
2906 0.482084 
2907 0.482084 
2908 0.482084 
2909 0.482084 
2910 0.482084 
2911 0.488362 
2912 0.488362 
2913 0.488362 
2914 0.488362 
2915 0.488362 
2916 0.488362 
2917 0.490630 
2918 0.490630 
2919 0.490630 
2920 0.490630 
2921 0.490630 
2922 0.490630 
2923 0.500235 
2924 0.500235 
2925 0.500235 
2926 0.500235 
2927 0.500235 
2928 0.500235 
2929 0.513153 
2930 0.513153 
2931 0.513153 
2932 0.513153 
2933 0.513153 
2934 0.513153 
2935 0.543558 
2936 0.543558 
2937 0.543558 
2938 0.543558 
2939 0.543558 
2940 0.543558 
2941 0.540953 
2942 0.540953 
2943 0.540953 
2944 0.540953 
2945 0.540953 
2946 0.540953 
2947 0.549451 
2948 0.549451 
2949 0.549451 
2950 0.549451 
2951 0.549451 
2952 0.549451 
2953 0.568215 
2954 0.568215 
2955 0.568215 
2956 0.568215 
2957 0.568215 
2958 0.568215 
2959 0.442081 
2960 0.442081 
2961 0.442081 
2962 0.442081 
2963 0.442081 
2964 0.442081 
2965 0.633205 
2966 0.633205 
2967 0.633205 
2968 0.633205 
2969 0.633205 
2970 0.633205 
2971 0.896353 
2972 0.896353 
2973 0.896353 
2974 0.896353 
2975 0.896353 
2976 0.896353 
2977 0.960758 
2978 0.960758 
2979 0.960758 
2980 0.960758 
2981 0.960758 
2982 0.960758 
2983 0.972553 
2984 0.972553 
2985 0.972553 
2986 0.972553 
2987 0.972553 
2988 0.972553 
2989 0.987012 
2990 0.987012 
2991 0.987012 
2992 0.987012 
2993 0.987012 
2994 0.987012 
2995 0.988107 
2996 0.988107 
2997 0.988107 
2998 0.988107 
2999 0.988107 
3000 0.988107 
3001 0.989904 
3002 0.989904 
3003 0.989904 
3004 0.989904 
3005 0.989904 
3006 0.989904 
3007 0.989343 
3008 0.989343 
3009 0.989343 
3010 0.989343 
3011 0.989343 
3012 0.989343 
3013 0.990410 
3014 0.990410 
3015 0.990410 
3016 0.990410 
3017 0.990410 
3018 0.990410 
3019 0.988876 
3020 0.988876 
3021 0.988876 
3022 0.988876 
3023 0.988876 
3024 0.988876 
3025 0.986541 
3026 0.986541 
3027 0.986541 
3028 0.986541 
3029 0.986541 
3030 0.986541 
3031 0.985910 
3032 0.985910 
3033 0.985910 
3034 0.985910 
3035 0.985910 
3036 0.985910 
3037 0.984674 
3038 0.984674 
3039 0.984674 
3040 0.984674 
3041 0.984674 
3042 0.984674 
3043 0.984776 
3044 0.984776 
3045 0.984776 
3046 0.984776 
3047 0.984776 
3048 0.984776 
3049 0.984521 
3050 0.984521 
3051 0.984521 
3052 0.984521 
3053 0.984521 
3054 0.984521 
3055 0.983799 
3056 0.983799 
3057 0.983799 
3058 0.983799 
3059 0.983799 
3060 0.983799 
3061 0.981582 
3062 0.981582 
3063 0.981582 
3064 0.981582 
3065 0.981582 
3066 0.981582 
3067 0.979663 
3068 0.979663 
3069 0.979663 
3070 0.979663 
3071 0.979663 
3072 0.979663 
3073 0.980110 
3074 0.980110 
3075 0.980110 
3076 0.980110 
3077 0.980110 
3078 0.980110 
3079 0.979569 
3080 0.979569 
3081 0.979569 
3082 0.979569 
3083 0.979569 
3084 0.979569 
3085 0.977870 
3086 0.977870 
3087 0.977870 
3088 0.977870 
3089 0.977870 
3090 0.977870 
3091 0.976936 
3092 0.976936 
3093 0.976936 
3094 0.976936 
3095 0.976936 
3096 0.976936 
3097 0.975033 
3098 0.975033 
3099 0.975033 
3100 0.975033 
3101 0.975033 
3102 0.975033 
3103 0.975366 
3104 0.975366 
3105 0.975366 
3106 0.975366 
3107 0.975366 
3108 0.975366 
3109 0.976803 
3110 0.976803 
3111 0.976803 
3112 0.976803 
3113 0.976803 
3114 0.976803 
3115 0.976006 
3116 0.976006 
3117 0.976006 
3118 0.976006 
3119 0.976006 
3120 0.976006 
3121 0.975253 
3122 0.975253 
3123 0.975253 
3124 0.975253 
3125 0.975253 
3126 0.975253 
3127 0.973299 
3128 0.973299 
3129 0.973299 
3130 0.973299 
3131 0.973299 
3132 0.973299 
3133 0.973059 
3134 0.973059 
3135 0.973059 
3136 0.973059 
3137 0.973059 
3138 0.973059 
3139 0.969653 
3140 0.969653 
3141 0.969653 
3142 0.969653 
3143 0.969653 
3144 0.969653 
3145 0.964757 
3146 0.964757 
3147 0.964757 
3148 0.964757 
3149 0.964757 
3150 0.964757 
3151 0.962901 
3152 0.962901 
3153 0.962901 
3154 0.962901 
3155 0.962901 
3156 0.962901 
3157 0.961676 
3158 0.961676 
3159 0.961676 
3160 0.961676 
3161 0.961676 
3162 0.961676 
3163 0.961998 
3164 0.961998 
3165 0.961998 
3166 0.961998 
3167 0.961998 
3168 0.961998 
3169 0.961449 
3170 0.961449 
3171 0.961449 
3172 0.961449 
3173 0.961449 
3174 0.961449 
3175 0.960821 
3176 0.960821 
3177 0.960821 
3178 0.960821 
3179 0.960821 
3180 0.960821 
3181 0.960099 
3182 0.960099 
3183 0.960099 
3184 0.960099 
3185 0.960099 
3186 0.960099 
3187 0.960550 
3188 0.960550 
3189 0.960550 
3190 0.960550 
3191 0.960550 
3192 0.960550 
3193 0.959526 
3194 0.959526 
3195 0.959526 
3196 0.959526 
3197 0.959526 
3198 0.959526 
3199 0.959671 
3200 0.959671 
3201 0.959671 
3202 0.959671 
3203 0.959671 
3204 0.959671 
3205 0.959004 
3206 0.959004 
3207 0.959004 
3208 0.959004 
3209 0.959004 
3210 0.959004 
3211 0.959471 
3212 0.959471 
3213 0.959471 
3214 0.959471 
3215 0.959471 
3216 0.959471 
3217 0.960287 
3218 0.960287 
3219 0.960287 
3220 0.960287 
3221 0.960287 
3222 0.960287 
3223 0.960531 
3224 0.960531 
3225 0.960531 
3226 0.960531 
3227 0.960531 
3228 0.960531 
3229 0.960362 
3230 0.960362 
3231 0.960362 
3232 0.960362 
3233 0.960362 
3234 0.960362 
3235 0.959518 
3236 0.959518 
3237 0.959518 
3238 0.959518 
3239 0.959518 
3240 0.959518 
3241 0.960150 
3242 0.960150 
3243 0.960150 
3244 0.960150 
3245 0.960150 
3246 0.960150 
3247 0.960511 
3248 0.960511 
3249 0.960511 
3250 0.960511 
3251 0.960511 
3252 0.960511 
3253 0.960280 
3254 0.960280 
3255 0.960280 
3256 0.960280 
3257 0.960280 
3258 0.960280 
3259 0.959966 
3260 0.959966 
3261 0.959966 
3262 0.959966 
3263 0.959966 
3264 0.959966 
3265 0.959981 
3266 0.959981 
3267 0.959981 
3268 0.959981 
3269 0.959981 
3270 0.959981 
3271 0.959883 
3272 0.959883 
3273 0.959883 
3274 0.959883 
3275 0.959883 
3276 0.959883 
3277 0.959208 
3278 0.959208 
3279 0.959208 
3280 0.959208 
3281 0.959208 
3282 0.959208 
3283 0.959036 
3284 0.959036 
3285 0.959036 
3286 0.959036 
3287 0.959036 
3288 0.959036 
3289 0.958836 
3290 0.958836 
3291 0.958836 
3292 0.958836 
3293 0.958836 
3294 0.958836 
3295 0.958333 
3296 0.958333 
3297 0.958333 
3298 0.958333 
3299 0.958333 
3300 0.958333 
3301 0.958141 
3302 0.958141 
3303 0.958141 
3304 0.958141 
3305 0.958141 
3306 0.958141 
3307 0.957949 
3308 0.957949 
3309 0.957949 
3310 0.957949 
3311 0.957949 
3312 0.957949 
3313 0.959138 
3314 0.959138 
3315 0.959138 
3316 0.959138 
3317 0.959138 
3318 0.959138 
3319 0.959000 
3320 0.959000 
3321 0.959000 
3322 0.959000 
3323 0.959000 
3324 0.959000 
3325 0.957827 
3326 0.957827 
3327 0.957827 
3328 0.957827 
3329 0.957827 
3330 0.957827 
3331 0.958361 
3332 0.958361 
3333 0.958361 
3334 0.958361 
3335 0.958361 
3336 0.958361 
3337 0.958926 
3338 0.958926 
3339 0.958926 
3340 0.958926 
3341 0.958926 
3342 0.958926 
3343 0.958431 
3344 0.958431 
3345 0.958431 
3346 0.958431 
3347 0.958431 
3348 0.958431 
3349 0.957760 
3350 0.957760 
3351 0.957760 
3352 0.957760 
3353 0.957760 
3354 0.957760 
3355 0.957505 
3356 0.957505 
3357 0.957505 
3358 0.957505 
3359 0.957505 
3360 0.957505 
3361 0.958220 
3362 0.958220 
3363 0.958220 
3364 0.958220 
3365 0.958220 
3366 0.958220 
3367 0.958459 
3368 0.958459 
3369 0.958459 
3370 0.958459 
3371 0.958459 
3372 0.958459 
3373 0.958624 
3374 0.958624 
3375 0.958624 
3376 0.958624 
3377 0.958624 
3378 0.958624 
3379 0.958608 
3380 0.958608 
3381 0.958608 
3382 0.958608 
3383 0.958608 
3384 0.958608 
3385 0.958639 
3386 0.958639 
3387 0.958639 
3388 0.958639 
3389 0.958639 
3390 0.958639 
3391 0.958455 
3392 0.958455 
3393 0.958455 
3394 0.958455 
3395 0.958455 
3396 0.958455 
3397 0.958153 
3398 0.958153 
3399 0.958153 
3400 0.958153 
3401 0.958153 
3402 0.958153 
3403 0.958208 
3404 0.958208 
3405 0.958208 
3406 0.958208 
3407 0.958208 
3408 0.958208 
3409 0.958110 
3410 0.958110 
3411 0.958110 
3412 0.958110 
3413 0.958110 
3414 0.958110 
3415 0.958121 
3416 0.958121 
3417 0.958121 
3418 0.958121 
3419 0.958121 
3420 0.958121 
3421 0.957678 
3422 0.957678 
3423 0.957678 
3424 0.957678 
3425 0.957678 
3426 0.957678 
3427 0.957937 
3428 0.957937 
3429 0.957937 
3430 0.957937 
3431 0.957937 
3432 0.957937 
3433 0.958400 
3434 0.958400 
3435 0.958400 
3436 0.958400 
3437 0.958400 
3438 0.958400 
3439 0.960307 
3440 0.960307 
3441 0.960307 
3442 0.960307 
3443 0.960307 
3444 0.960307 
3445 0.959636 
3446 0.959636 
3447 0.959636 
3448 0.959636 
3449 0.959636 
3450 0.959636 
3451 0.959452 
3452 0.959452 
3453 0.959452 
3454 0.959452 
3455 0.959452 
3456 0.959452 
3457 0.959299 
3458 0.959299 
3459 0.959299 
3460 0.959299 
3461 0.959299 
3462 0.959299 
3463 0.959546 
3464 0.959546 
3465 0.959546 
3466 0.959546 
3467 0.959546 
3468 0.959546 
3469 0.959507 
3470 0.959507 
3471 0.959507 
3472 0.959507 
3473 0.959507 
3474 0.959507 
3475 0.959134 
3476 0.959134 
3477 0.959134 
3478 0.959134 
3479 0.959134 
3480 0.959134 
3481 0.959302 
3482 0.959302 
3483 0.959302 
3484 0.959302 
3485 0.959302 
3486 0.959302 
3487 0.960201 
3488 0.960201 
3489 0.960201 
3490 0.960201 
3491 0.960201 
3492 0.960201 
3493 0.959742 
3494 0.959742 
3495 0.959742 
3496 0.959742 
3497 0.959742 
3498 0.959742 
3499 0.959652 
3500 0.959652 
3501 0.959652 
3502 0.959652 
3503 0.959652 
3504 0.959652 
3505 0.959687 
3506 0.959687 
3507 0.959687 
3508 0.959687 
3509 0.959687 
3510 0.959687 
3511 0.960280 
3512 0.960280 
3513 0.960280 
3514 0.960280 
3515 0.960280 
3516 0.960280 
3517 0.960036 
3518 0.960036 
3519 0.960036 
3520 0.960036 
3521 0.960036 
3522 0.960036 
3523 0.959726 
3524 0.959726 
3525 0.959726 
3526 0.959726 
3527 0.959726 
3528 0.959726 
3529 0.959660 
3530 0.959660 
3531 0.959660 
3532 0.959660 
3533 0.959660 
3534 0.959660 
3535 0.960378 
3536 0.960378 
3537 0.960378 
3538 0.960378 
3539 0.960378 
3540 0.960378 
3541 0.960436 
3542 0.960436 
3543 0.960436 
3544 0.960436 
3545 0.960436 
3546 0.960436 
3547 0.960205 
3548 0.960205 
3549 0.960205 
3550 0.960205 
3551 0.960205 
3552 0.960205 
3553 0.959542 
3554 0.959542 
3555 0.959542 
3556 0.959542 
3557 0.959542 
3558 0.959542 
3559 0.959722 
3560 0.959722 
3561 0.959722 
3562 0.959722 
3563 0.959722 
3564 0.959722 
3565 0.958537 
3566 0.958537 
3567 0.958537 
3568 0.958537 
3569 0.958537 
3570 0.958537 
3571 0.959008 
3572 0.959008 
3573 0.959008 
3574 0.959008 
3575 0.959008 
3576 0.959008 
3577 0.958949 
3578 0.958949 
3579 0.958949 
3580 0.958949 
3581 0.958949 
3582 0.958949 
3583 0.959102 
3584 0.959102 
3585 0.959102 
3586 0.959102 
3587 0.959102 
3588 0.959102 
3589 0.959118 
3590 0.959118 
3591 0.959118 
3592 0.959118 
3593 0.959118 
3594 0.959118 
3595 0.958698 
3596 0.958698 
3597 0.958698 
3598 0.958698 
3599 0.958698 
3600 0.958698 
3601 0.958400 
3602 0.958400 
3603 0.958400 
3604 0.958400 
3605 0.958400 
3606 0.958400 
3607 0.958702 
3608 0.958702 
3609 0.958702 
3610 0.958702 
3611 0.958702 
3612 0.958702 
3613 0.958730 
3614 0.958730 
3615 0.958730 
3616 0.958730 
3617 0.958730 
3618 0.958730 
3619 0.958514 
3620 0.958514 
3621 0.958514 
3622 0.958514 
3623 0.958514 
3624 0.958514 
3625 0.959142 
3626 0.959142 
3627 0.959142 
3628 0.959142 
3629 0.959142 
3630 0.959142 
3631 0.959004 
3632 0.959004 
3633 0.959004 
3634 0.959004 
3635 0.959004 
3636 0.959004 
3637 0.959012 
3638 0.959012 
3639 0.959012 
3640 0.959012 
3641 0.959012 
3642 0.959012 
3643 0.959071 
3644 0.959071 
3645 0.959071 
3646 0.959071 
3647 0.959071 
3648 0.959071 
3649 0.961009 
3650 0.961009 
3651 0.961009 
3652 0.961009 
3653 0.961009 
3654 0.961009 
3655 0.961135 
3656 0.961135 
3657 0.961135 
3658 0.961135 
3659 0.961135 
3660 0.961135 
3661 0.960323 
3662 0.960323 
3663 0.960323 
3664 0.960323 
3665 0.960323 
3666 0.960323 
3667 0.960221 
3668 0.960221 
3669 0.960221 
3670 0.960221 
3671 0.960221 
3672 0.960221 
3673 0.961225 
3674 0.961225 
3675 0.961225 
3676 0.961225 
3677 0.961225 
3678 0.961225 
3679 0.960562 
3680 0.960562 
3681 0.960562 
3682 0.960562 
3683 0.960562 
3684 0.960562 
3685 0.960315 
3686 0.960315 
3687 0.960315 
3688 0.960315 
3689 0.960315 
3690 0.960315 
3691 0.959475 
3692 0.959475 
3693 0.959475 
3694 0.959475 
3695 0.959475 
3696 0.959475 
3697 0.958380 
3698 0.958380 
3699 0.958380 
3700 0.958380 
3701 0.958380 
3702 0.958380 
3703 0.959114 
3704 0.959114 
3705 0.959114 
3706 0.959114 
3707 0.959114 
3708 0.959114 
3709 0.959354 
3710 0.959354 
3711 0.959354 
3712 0.959354 
3713 0.959354 
3714 0.959354 
3715 0.959836 
3716 0.959836 
3717 0.959836 
3718 0.959836 
3719 0.959836 
3720 0.959836 
3721 0.959832 
3722 0.959832 
3723 0.959832 
3724 0.959832 
3725 0.959832 
3726 0.959832 
3727 0.959397 
3728 0.959397 
3729 0.959397 
3730 0.959397 
3731 0.959397 
3732 0.959397 
3733 0.958490 
3734 0.958490 
3735 0.958490 
3736 0.958490 
3737 0.958490 
3738 0.958490 
3739 0.958298 
3740 0.958298 
3741 0.958298 
3742 0.958298 
3743 0.958298 
3744 0.958298 
3745 0.957976 
3746 0.957976 
3747 0.957976 
3748 0.957976 
3749 0.957976 
3750 0.957976 
3751 0.958867 
3752 0.958867 
3753 0.958867 
3754 0.958867 
3755 0.958867 
3756 0.958867 
3757 0.958200 
3758 0.958200 
3759 0.958200 
3760 0.958200 
3761 0.958200 
3762 0.958200 
3763 0.958235 
3764 0.958235 
3765 0.958235 
3766 0.958235 
3767 0.958235 
3768 0.958235 
3769 0.960028 
3770 0.960028 
3771 0.960028 
3772 0.960028 
3773 0.960028 
3774 0.960028 
3775 0.959573 
3776 0.959573 
3777 0.959573 
3778 0.959573 
3779 0.959573 
3780 0.959573 
3781 0.959585 
3782 0.959585 
3783 0.959585 
3784 0.959585 
3785 0.959585 
3786 0.959585 
3787 0.959868 
3788 0.959868 
3789 0.959868 
3790 0.959868 
3791 0.959868 
3792 0.959868 
3793 0.959922 
3794 0.959922 
3795 0.959922 
3796 0.959922 
3797 0.959922 
3798 0.959922 
3799 0.958482 
3800 0.958482 
3801 0.958482 
3802 0.958482 
3803 0.958482 
3804 0.958482 
3805 0.957545 
3806 0.957545 
3807 0.957545 
3808 0.957545 
3809 0.957545 
3810 0.957545 
3811 0.957662 
3812 0.957662 
3813 0.957662 
3814 0.957662 
3815 0.957662 
3816 0.957662 
3817 0.957623 
3818 0.957623 
3819 0.957623 
3820 0.957623 
3821 0.957623 
3822 0.957623 
3823 0.961245 
3824 0.961245 
3825 0.961245 
3826 0.961245 
3827 0.961245 
3828 0.961245 
3829 0.961362 
3830 0.961362 
3831 0.961362 
3832 0.961362 
3833 0.961362 
3834 0.961362 
3835 0.961865 
3836 0.961865 
3837 0.961865 
3838 0.961865 
3839 0.961865 
3840 0.961865 
3841 0.962367 
3842 0.962367 
3843 0.962367 
3844 0.962367 
3845 0.962367 
3846 0.962367 
3847 0.961362 
3848 0.961362 
3849 0.961362 
3850 0.961362 
3851 0.961362 
3852 0.961362 
3853 0.962222 
3854 0.962222 
3855 0.962222 
3856 0.962222 
3857 0.962222 
3858 0.962222 
3859 0.962179 
3860 0.962179 
3861 0.962179 
3862 0.962179 
3863 0.962179 
3864 0.962179 
3865 0.962571 
3866 0.962571 
3867 0.962571 
3868 0.962571 
3869 0.962571 
3870 0.962571 
3871 0.962587 
3872 0.962587 
3873 0.962587 
3874 0.962587 
3875 0.962587 
3876 0.962587 
3877 0.962920 
3878 0.962920 
3879 0.962920 
3880 0.962920 
3881 0.962920 
3882 0.962920 
3883 0.962657 
3884 0.962657 
3885 0.962657 
3886 0.962657 
3887 0.962657 
3888 0.962657 
3889 0.962873 
3890 0.962873 
3891 0.962873 
3892 0.962873 
3893 0.962873 
3894 0.962873 
3895 0.961716 
3896 0.961716 
3897 0.961716 
3898 0.961716 
3899 0.961716 
3900 0.961716 
3901 0.962822 
3902 0.962822 
3903 0.962822 
3904 0.962822 
3905 0.962822 
3906 0.962822 
3907 0.962630 
3908 0.962630 
3909 0.962630 
3910 0.962630 
3911 0.962630 
3912 0.962630 
3913 0.962508 
3914 0.962508 
3915 0.962508 
3916 0.962508 
3917 0.962508 
3918 0.962508 
3919 0.965679 
3920 0.965679 
3921 0.965679 
3922 0.965679 
3923 0.965679 
3924 0.965679 
3925 0.965247 
3926 0.965247 
3927 0.965247 
3928 0.965247 
3929 0.965247 
3930 0.965247 
3931 0.964929 
3932 0.964929 
3933 0.964929 
3934 0.964929 
3935 0.964929 
3936 0.964929 
3937 0.964894 
3938 0.964894 
3939 0.964894 
3940 0.964894 
3941 0.964894 
3942 0.964894 
3943 0.964651 
3944 0.964651 
3945 0.964651 
3946 0.964651 
3947 0.964651 
3948 0.964651 
3949 0.962559 
3950 0.962559 
3951 0.962559 
3952 0.962559 
3953 0.962559 
3954 0.962559 
3955 0.962967 
3956 0.962967 
3957 0.962967 
3958 0.962967 
3959 0.962967 
3960 0.962967 
3961 0.962877 
3962 0.962877 
3963 0.962877 
3964 0.962877 
3965 0.962877 
3966 0.962877 
3967 0.962850 
3968 0.962850 
3969 0.962850 
3970 0.962850 
3971 0.962850 
3972 0.962850 
3973 0.963093 
3974 0.963093 
3975 0.963093 
3976 0.963093 
3977 0.963093 
3978 0.963093 
3979 0.962830 
3980 0.962830 
3981 0.962830 
3982 0.962830 
3983 0.962830 
3984 0.962830 
3985 0.962638 
3986 0.962638 
3987 0.962638 
3988 0.962638 
3989 0.962638 
3990 0.962638 
3991 0.962693 
3992 0.962693 
3993 0.962693 
3994 0.962693 
3995 0.962693 
3996 0.962693 
3997 0.963760 
3998 0.963760 
3999 0.963760 
4000 0.963760 
4001 0.963760 
4002 0.963760 
4003 0.963371 
4004 0.963371 
4005 0.963371 
4006 0.963371 
4007 0.963371 
4008 0.963371 
4009 0.963360 
4010 0.963360 
4011 0.963360 
4012 0.963360 
4013 0.963360 
4014 0.963360 
4015 0.963964 
4016 0.963964 
4017 0.963964 
4018 0.963964 
4019 0.963964 
4020 0.963964 
4021 0.963536 
4022 0.963536 
4023 0.963536 
4024 0.963536 
4025 0.963536 
4026 0.963536 
4027 0.963579 
4028 0.963579 
4029 0.963579 
4030 0.963579 
4031 0.963579 
4032 0.963579 
4033 0.963438 
4034 0.963438 
4035 0.963438 
4036 0.963438 
4037 0.963438 
4038 0.963438 
4039 0.963505 
4040 0.963505 
4041 0.963505 
4042 0.963505 
4043 0.963505 
4044 0.963505 
4045 0.962602 
4046 0.962602 
4047 0.962602 
4048 0.962602 
4049 0.962602 
4050 0.962602 
4051 0.962414 
4052 0.962414 
4053 0.962414 
4054 0.962414 
4055 0.962414 
4056 0.962414 
4057 0.962697 
4058 0.962697 
4059 0.962697 
4060 0.962697 
4061 0.962697 
4062 0.962697 
4063 0.962661 
4064 0.962661 
4065 0.962661 
4066 0.962661 
4067 0.962661 
4068 0.962661 
4069 0.961386 
4070 0.961386 
4071 0.961386 
4072 0.961386 
4073 0.961386 
4074 0.961386 
4075 0.961837 
4076 0.961837 
4077 0.961837 
4078 0.961837 
4079 0.961837 
4080 0.961837 
4081 0.962045 
4082 0.962045 
4083 0.962045 
4084 0.962045 
4085 0.962045 
4086 0.962045 
4087 0.962469 
4088 0.962469 
4089 0.962469 
4090 0.962469 
4091 0.962469 
4092 0.962469 
4093 0.962559 
4094 0.962559 
4095 0.962559 
4096 0.962559 
4097 0.962559 
4098 0.962559 
4099 0.965165 
4100 0.965165 
4101 0.965165 
4102 0.965165 
4103 0.965165 
4104 0.965165 
4105 0.964792 
4106 0.964792 
4107 0.964792 
4108 0.964792 
4109 0.964792 
4110 0.964792 
4111 0.964505 
4112 0.964505 
4113 0.964505 
4114 0.964505 
4115 0.964505 
4116 0.964505 
4117 0.964992 
4118 0.964992 
4119 0.964992 
4120 0.964992 
4121 0.964992 
4122 0.964992 
4123 0.966012 
4124 0.966012 
4125 0.966012 
4126 0.966012 
4127 0.966012 
4128 0.966012 
4129 0.965498 
4130 0.965498 
4131 0.965498 
4132 0.965498 
4133 0.965498 
4134 0.965498 
4135 0.965518 
4136 0.965518 
4137 0.965518 
4138 0.965518 
4139 0.965518 
4140 0.965518 
4141 0.965910 
4142 0.965910 
4143 0.965910 
4144 0.965910 
4145 0.965910 
4146 0.965910 
4147 0.967637 
4148 0.967637 
4149 0.967637 
4150 0.967637 
4151 0.967637 
4152 0.967637 
4153 0.968021 
4154 0.968021 
4155 0.968021 
4156 0.968021 
4157 0.968021 
4158 0.968021 
4159 0.967099 
4160 0.967099 
4161 0.967099 
4162 0.967099 
4163 0.967099 
4164 0.967099 
4165 0.966318 
4166 0.966318 
4167 0.966318 
4168 0.966318 
4169 0.966318 
4170 0.966318 
4171 0.965577 
4172 0.965577 
4173 0.965577 
4174 0.965577 
4175 0.965577 
4176 0.965577 
4177 0.964835 
4178 0.964835 
4179 0.964835 
4180 0.964835 
4181 0.964835 
4182 0.964835 
4183 0.965141 
4184 0.965141 
4185 0.965141 
4186 0.965141 
4187 0.965141 
4188 0.965141 
4189 0.966495 
4190 0.966495 
4191 0.966495 
4192 0.966495 
4193 0.966495 
4194 0.966495 
4195 0.971415 
4196 0.971415 
4197 0.971415 
4198 0.971415 
4199 0.971415 
4200 0.971415 
4201 0.972031 
4202 0.972031 
4203 0.972031 
4204 0.972031 
4205 0.972031 
4206 0.972031 
4207 0.973146 
4208 0.973146 
4209 0.973146 
4210 0.973146 
4211 0.973146 
4212 0.973146 
4213 0.975202 
4214 0.975202 
4215 0.975202 
4216 0.975202 
4217 0.975202 
4218 0.975202 
4219 0.974868 
4220 0.974868 
4221 0.974868 
4222 0.974868 
4223 0.974868 
4224 0.974868 
4225 0.976430 
4226 0.976430 
4227 0.976430 
4228 0.976430 
4229 0.976430 
4230 0.976430 
4231 0.975908 
4232 0.975908 
4233 0.975908 
4234 0.975908 
4235 0.975908 
4236 0.975908 
4237 0.978458 
4238 0.978458 
4239 0.978458 
4240 0.978458 
4241 0.978458 
4242 0.978458 
4243 0.976265 
4244 0.976265 
4245 0.976265 
4246 0.976265 
4247 0.976265 
4248 0.976265 
4249 0.976995 
4250 0.976995 
4251 0.976995 
4252 0.976995 
4253 0.976995 
4254 0.976995 
4255 0.977262 
4256 0.977262 
4257 0.977262 
4258 0.977262 
4259 0.977262 
4260 0.977262 
4261 0.979753 
4262 0.979753 
4263 0.979753 
4264 0.979753 
4265 0.979753 
4266 0.979753 
4267 0.982563 
4268 0.982563 
4269 0.982563 
4270 0.982563 
4271 0.982563 
4272 0.982563 
4273 0.982261 
4274 0.982261 
4275 0.982261 
4276 0.982261 
4277 0.982261 
4278 0.982261 
4279 0.985663 
4280 0.985663 
4281 0.985663 
4282 0.985663 
4283 0.985663 
4284 0.985663 
4285 0.985537 
4286 0.985537 
4287 0.985537 
4288 0.985537 
4289 0.985537 
4290 0.985537 
4291 0.985196 
4292 0.985196 
4293 0.985196 
4294 0.985196 
4295 0.985196 
4296 0.985196 
4297 0.987287 
4298 0.987287 
4299 0.987287 
4300 0.987287 
4301 0.987287 
4302 0.987287 
4303 0.989582 
4304 0.989582 
4305 0.989582 
4306 0.989582 
4307 0.989582 
4308 0.989582 
4309 0.987946 
4310 0.987946 
4311 0.987946 
4312 0.987946 
4313 0.987946 
4314 0.987946 
4315 0.987546 
4316 0.987546 
4317 0.987546 
4318 0.987546 
4319 0.987546 
4320 0.987546 
4321 0.988539 
4322 0.988539 
4323 0.988539 
4324 0.988539 
4325 0.988539 
4326 0.988539 
4327 0.988590 
4328 0.988590 
4329 0.988590 
4330 0.988590 
4331 0.988590 
4332 0.988590 
4333 0.986789 
4334 0.986789 
4335 0.986789 
4336 0.986789 
4337 0.986789 
4338 0.986789 
4339 0.987091 
4340 0.987091 
4341 0.987091 
4342 0.987091 
4343 0.987091 
4344 0.987091 
4345 0.985278 
4346 0.985278 
4347 0.985278 
4348 0.985278 
4349 0.985278 
4350 0.985278 
4351 0.985859 
4352 0.985859 
4353 0.985859 
4354 0.985859 
4355 0.985859 
4356 0.985859 
4357 0.987518 
4358 0.987518 
4359 0.987518 
4360 0.987518 
4361 0.987518 
4362 0.987518 
4363 0.988213 
4364 0.988213 
4365 0.988213 
4366 0.988213 
4367 0.988213 
4368 0.988213 
4369 0.986600 
4370 0.986600 
4371 0.986600 
4372 0.986600 
4373 0.986600 
4374 0.986600 
4375 0.984803 
4376 0.984803 
4377 0.984803 
4378 0.984803 
4379 0.984803 
4380 0.984803 
4381 0.977858 
4382 0.977858 
4383 0.977858 
4384 0.977858 
4385 0.977858 
4386 0.977858 
4387 0.973204 
4388 0.973204 
4389 0.973204 
4390 0.973204 
4391 0.973204 
4392 0.973204 
4393 0.958216 
4394 0.958216 
4395 0.958216 
4396 0.958216 
4397 0.958216 
4398 0.958216 
4399 0.916953 
4400 0.916953 
4401 0.916953 
4402 0.916953 
4403 0.916953 
4404 0.916953 
4405 0.884099 
4406 0.884099 
4407 0.884099 
4408 0.884099 
4409 0.884099 
4410 0.884099 
4411 0.823869 
4412 0.823869 
4413 0.823869 
4414 0.823869 
4415 0.823869 
4416 0.823869 
4417 0.937094 
4418 0.937094 
4419 0.937094 
4420 0.937094 
4421 0.937094 
4422 0.937094 
4423 0.984882 
4424 0.984882 
4425 0.984882 
4426 0.984882 
4427 0.984882 
4428 0.984882 
4429 0.982418 
4430 0.982418 
4431 0.982418 
4432 0.982418 
4433 0.982418 
4434 0.982418 
4435 0.979102 
4436 0.979102 
4437 0.979102 
4438 0.979102 
4439 0.979102 
4440 0.979102 
4441 0.977858 
4442 0.977858 
4443 0.977858 
4444 0.977858 
4445 0.977858 
4446 0.977858 
4447 0.973824 
4448 0.973824 
4449 0.973824 
4450 0.973824 
4451 0.973824 
4452 0.973824 
4453 0.965934 
4454 0.965934 
4455 0.965934 
4456 0.965934 
4457 0.965934 
4458 0.965934 
4459 0.960554 
4460 0.960554 
4461 0.960554 
4462 0.960554 
4463 0.960554 
4464 0.960554 
4465 0.951969 
4466 0.951969 
4467 0.951969 
4468 0.951969 
4469 0.951969 
4470 0.951969 
4471 0.958082 
4472 0.958082 
4473 0.958082 
4474 0.958082 
4475 0.958082 
4476 0.958082 
4477 0.968194 
4478 0.968194 
4479 0.968194 
4480 0.968194 
4481 0.968194 
4482 0.968194 
4483 0.959581 
4484 0.959581 
4485 0.959581 
4486 0.959581 
4487 0.959581 
4488 0.959581 
4489 0.926594 
4490 0.926594 
4491 0.926594 
4492 0.926594 
4493 0.926594 
4494 0.926594 
4495 0.924153 
4496 0.924153 
4497 0.924153 
4498 0.924153 
4499 0.924153 
4500 0.924153 
4501 0.946848 
4502 0.946848 
4503 0.946848 
4504 0.946848 
4505 0.946848 
4506 0.946848 
4507 0.978211 
4508 0.978211 
4509 0.978211 
4510 0.978211 
4511 0.978211 
4512 0.978211 
4513 0.980534 
4514 0.980534 
4515 0.980534 
4516 0.980534 
4517 0.980534 
4518 0.980534 
4519 0.981531 
4520 0.981531 
4521 0.981531 
4522 0.981531 
4523 0.981531 
4524 0.981531 
4525 0.983924 
4526 0.983924 
4527 0.983924 
4528 0.983924 
4529 0.983924 
4530 0.983924 
4531 0.984972 
4532 0.984972 
4533 0.984972 
4534 0.984972 
4535 0.984972 
4536 0.984972 
4537 0.983877 
4538 0.983877 
4539 0.983877 
4540 0.983877 
4541 0.983877 
4542 0.983877 
4543 0.984360 
4544 0.984360 
4545 0.984360 
4546 0.984360 
4547 0.984360 
4548 0.984360 
4549 0.984674 
4550 0.984674 
4551 0.984674 
4552 0.984674 
4553 0.984674 
4554 0.984674 
4555 0.980789 
4556 0.980789 
4557 0.980789 
4558 0.980789 
4559 0.980789 
4560 0.980789 
4561 0.981386 
4562 0.981386 
4563 0.981386 
4564 0.981386 
4565 0.981386 
4566 0.981386 
4567 0.983167 
4568 0.983167 
4569 0.983167 
4570 0.983167 
4571 0.983167 
4572 0.983167 
4573 0.982610 
4574 0.982610 
4575 0.982610 
4576 0.982610 
4577 0.982610 
4578 0.982610 
4579 0.984886 
4580 0.984886 
4581 0.984886 
4582 0.984886 
4583 0.984886 
4584 0.984886 
4585 0.983332 
4586 0.983332 
4587 0.983332 
4588 0.983332 
4589 0.983332 
4590 0.983332 
4591 0.979977 
4592 0.979977 
4593 0.979977 
4594 0.979977 
4595 0.979977 
4596 0.979977 
4597 0.980974 
4598 0.980974 
4599 0.980974 
4600 0.980974 
4601 0.980974 
4602 0.980974 
4603 0.977497 
4604 0.977497 
4605 0.977497 
4606 0.977497 
4607 0.977497 
4608 0.977497 
4609 0.978054 
4610 0.978054 
4611 0.978054 
4612 0.978054 
4613 0.978054 
4614 0.978054 
4615 0.980456 
4616 0.980456 
4617 0.980456 
4618 0.980456 
4619 0.980456 
4620 0.980456 
4621 0.981860 
4622 0.981860 
4623 0.981860 
4624 0.981860 
4625 0.981860 
4626 0.981860 
4627 0.980369 
4628 0.980369 
4629 0.980369 
4630 0.980369 
4631 0.980369 
4632 0.980369 
4633 0.982029 
4634 0.982029 
4635 0.982029 
4636 0.982029 
4637 0.982029 
4638 0.982029 
4639 0.984450 
4640 0.984450 
4641 0.984450 
4642 0.984450 
4643 0.984450 
4644 0.984450 
4645 0.981170 
4646 0.981170 
4647 0.981170 
4648 0.981170 
4649 0.981170 
4650 0.981170 
4651 0.982908 
4652 0.982908 
4653 0.982908 
4654 0.982908 
4655 0.982908 
4656 0.982908 
4657 0.983414 
4658 0.983414 
4659 0.983414 
4660 0.983414 
4661 0.983414 
4662 0.983414 
4663 0.987424 
4664 0.987424 
4665 0.987424 
4666 0.987424 
4667 0.987424 
4668 0.987424 
4669 0.987566 
4670 0.987566 
4671 0.987566 
4672 0.987566 
4673 0.987566 
4674 0.987566 
4675 0.984536 
4676 0.984536 
4677 0.984536 
4678 0.984536 
4679 0.984536 
4680 0.984536 
4681 0.979447 
4682 0.979447 
4683 0.979447 
4684 0.979447 
4685 0.979447 
4686 0.979447 
4687 0.970834 
4688 0.970834 
4689 0.970834 
4690 0.970834 
4691 0.970834 
4692 0.970834 
4693 0.958447 
4694 0.958447 
4695 0.958447 
4696 0.958447 
4697 0.958447 
4698 0.958447 
4699 0.960464 
4700 0.960464 
4701 0.960464 
4702 0.960464 
4703 0.960464 
4704 0.960464 
4705 0.964466 
4706 0.964466 
4707 0.964466 
4708 0.964466 
4709 0.964466 
4710 0.964466 
4711 0.973923 
4712 0.973923 
4713 0.973923 
4714 0.973923 
4715 0.973923 
4716 0.973923 
4717 0.986412 
4718 0.986412 
4719 0.986412 
4720 0.986412 
4721 0.986412 
4722 0.986412 
4723 0.987514 
4724 0.987514 
4725 0.987514 
4726 0.987514 
4727 0.987514 
4728 0.987514 
4729 0.984434 
4730 0.984434 
4731 0.984434 
4732 0.984434 
4733 0.984434 
4734 0.984434 
4735 0.981652 
4736 0.981652 
4737 0.981652 
4738 0.981652 
4739 0.981652 
4740 0.981652 
4741 0.986043 
4742 0.986043 
4743 0.986043 
4744 0.986043 
4745 0.986043 
4746 0.986043 
4747 0.982484 
4748 0.982484 
4749 0.982484 
4750 0.982484 
4751 0.982484 
4752 0.982484 
4753 0.829005 
4754 0.829005 
4755 0.829005 
4756 0.829005 
4757 0.829005 
4758 0.829005 
4759 0.411185 
4760 0.411185 
4761 0.411185 
4762 0.411185 
4763 0.411185 
4764 0.411185 
4765 0.263474 
4766 0.263474 
4767 0.263474 
4768 0.263474 
4769 0.263474 
4770 0.263474 
4771 0.165905 
4772 0.165905 
4773 0.165905 
4774 0.165905 
4775 0.165905 
4776 0.165905 
4777 0.112683 
4778 0.112683 
4779 0.112683 
4780 0.112683 
4781 0.112683 
4782 0.112683 
4783 0.073434 
4784 0.073434 
4785 0.073434 
4786 0.073434 
4787 0.073434 
4788 0.073434 
4789 0.069608 
4790 0.069608 
4791 0.069608 
4792 0.069608 
4793 0.069608 
4794 0.069608 
4795 0.062930 
4796 0.062930 
4797 0.062930 
4798 0.062930 
4799 0.062930 
4800 0.062930 
4801 0.061254 
4802 0.061254 
4803 0.061254 
4804 0.061254 
4805 0.061254 
4806 0.061254 
4807 0.060469 
4808 0.060469 
4809 0.060469 
4810 0.060469 
4811 0.060469 
4812 0.060469 
4813 0.064813 
4814 0.064813 
4815 0.064813 
4816 0.064813 
4817 0.064813 
4818 0.064813 
4819 0.093920 
4820 0.093920 
4821 0.093920 
4822 0.093920 
4823 0.093920 
4824 0.093920 
4825 0.094614 
4826 0.094614 
4827 0.094614 
4828 0.094614 
4829 0.094614 
4830 0.094614 
4831 0.096286 
4832 0.096286 
4833 0.096286 
4834 0.096286 
4835 0.096286 
4836 0.096286 
4837 0.101175 
4838 0.101175 
4839 0.101175 
4840 0.101175 
4841 0.101175 
4842 0.101175 
4843 0.105809 
4844 0.105809 
4845 0.105809 
4846 0.105809 
4847 0.105809 
4848 0.105809 
4849 0.112636 
4850 0.112636 
4851 0.112636 
4852 0.112636 
4853 0.112636 
4854 0.112636 
4855 0.119212 
4856 0.119212 
4857 0.119212 
4858 0.119212 
4859 0.119212 
4860 0.119212 
4861 0.108198 
4862 0.108198 
4863 0.108198 
4864 0.108198 
4865 0.108198 
4866 0.108198 
4867 0.112436 
4868 0.112436 
4869 0.112436 
4870 0.112436 
4871 0.112436 
4872 0.112436 
4873 0.119950 
4874 0.119950 
4875 0.119950 
4876 0.119950 
4877 0.119950 
4878 0.119950 
4879 0.124168 
4880 0.124168 
4881 0.124168 
4882 0.124168 
4883 0.124168 
4884 0.124168 
4885 0.108571 
4886 0.108571 
4887 0.108571 
4888 0.108571 
4889 0.108571 
4890 0.108571 
4891 0.111078 
4892 0.111078 
4893 0.111078 
4894 0.111078 
4895 0.111078 
4896 0.111078 
4897 0.118204 
4898 0.118204 
4899 0.118204 
4900 0.118204 
4901 0.118204 
4902 0.118204 
4903 0.121586 
4904 0.121586 
4905 0.121586 
4906 0.121586 
4907 0.121586 
4908 0.121586 
4909 0.102462 
4910 0.102462 
4911 0.102462 
4912 0.102462 
4913 0.102462 
4914 0.102462 
4915 0.104957 
4916 0.104957 
4917 0.104957 
4918 0.104957 
4919 0.104957 
4920 0.104957 
4921 0.192921 
4922 0.192921 
4923 0.192921 
4924 0.192921 
4925 0.192921 
4926 0.192921 
4927 0.231009 
4928 0.231009 
4929 0.231009 
4930 0.231009 
4931 0.231009 
4932 0.231009 
4933 0.304207 
4934 0.304207 
4935 0.304207 
4936 0.304207 
4937 0.304207 
4938 0.304207 
4939 0.513745 
4940 0.513745 
4941 0.513745 
4942 0.513745 
4943 0.513745 
4944 0.513745 
4945 0.684971 
4946 0.684971 
4947 0.684971 
4948 0.684971 
4949 0.684971 
4950 0.684971 
4951 0.725229 
4952 0.725229 
4953 0.725229 
4954 0.725229 
4955 0.725229 
4956 0.725229 
4957 0.558096 
4958 0.558096 
4959 0.558096 
4960 0.558096 
4961 0.558096 
4962 0.558096 
4963 0.136834 
4964 0.136834 
4965 0.136834 
4966 0.136834 
4967 0.136834 
4968 0.136834 
4969 0.141307 
4970 0.141307 
4971 0.141307 
4972 0.141307 
4973 0.141307 
4974 0.141307 
4975 0.269344 
4976 0.269344 
4977 0.269344 
4978 0.269344 
4979 0.269344 
4980 0.269344 
4981 0.314954 
4982 0.314954 
4983 0.314954 
4984 0.314954 
4985 0.314954 
4986 0.314954 
4987 0.315476 
4988 0.315476 
4989 0.315476 
4990 0.315476 
4991 0.315476 
4992 0.315476 
4993 0.277714 
4994 0.277714 
4995 0.277714 
4996 0.277714 
4997 0.277714 
4998 0.277714 
4999 0.230377 
5000 0.230377 
5001 0.230377 
5002 0.230377 
5003 0.230377 
5004 0.230377 
5005 0.152886 
5006 0.152886 
5007 0.152886 
5008 0.152886 
5009 0.152886 
5010 0.152886 
5011 0.123097 
5012 0.123097 
5013 0.123097 
5014 0.123097 
5015 0.123097 
5016 0.123097 
5017 0.101320 
5018 0.101320 
5019 0.101320 
5020 0.101320 
5021 0.101320 
5022 0.101320 
5023 0.131965 
5024 0.131965 
5025 0.131965 
5026 0.131965 
5027 0.131965 
5028 0.131965 
5029 0.135798 
5030 0.135798 
5031 0.135798 
5032 0.135798 
5033 0.135798 
5034 0.135798 
5035 0.118471 
5036 0.118471 
5037 0.118471 
5038 0.118471 
5039 0.118471 
5040 0.118471 
5041 0.116195 
5042 0.116195 
5043 0.116195 
5044 0.116195 
5045 0.116195 
5046 0.116195 
5047 0.110937 
5048 0.110937 
5049 0.110937 
5050 0.110937 
5051 0.110937 
5052 0.110937 
5053 0.165752 
5054 0.165752 
5055 0.165752 
5056 0.165752 
5057 0.165752 
5058 0.165752 
5059 0.270419 
5060 0.270419 
5061 0.270419 
5062 0.270419 
5063 0.270419 
5064 0.270419 
5065 0.395784 
5066 0.395784 
5067 0.395784 
5068 0.395784 
5069 0.395784 
5070 0.395784 
5071 0.551331 
5072 0.551331 
5073 0.551331 
5074 0.551331 
5075 0.551331 
5076 0.551331 
5077 0.641586 
5078 0.641586 
5079 0.641586 
5080 0.641586 
5081 0.641586 
5082 0.641586 
5083 0.728502 
5084 0.728502 
5085 0.728502 
5086 0.728502 
5087 0.728502 
5088 0.728502 
5089 0.450235 
5090 0.450235 
5091 0.450235 
5092 0.450235 
5093 0.450235 
5094 0.450235 
5095 0.327220 
5096 0.327220 
5097 0.327220 
5098 0.327220 
5099 0.327220 
5100 0.327220 
5101 0.304274 
5102 0.304274 
5103 0.304274 
5104 0.304274 
5105 0.304274 
5106 0.304274 
5107 0.304874 
5108 0.304874 
5109 0.304874 
5110 0.304874 
5111 0.304874 
5112 0.304874 
5113 0.350508 
5114 0.350508 
5115 0.350508 
5116 0.350508 
5117 0.350508 
5118 0.350508 
5119 0.324054 
5120 0.324054 
5121 0.324054 
5122 0.324054 
5123 0.324054 
5124 0.324054 
5125 0.332596 
5126 0.332596 
5127 0.332596 
5128 0.332596 
5129 0.332596 
5130 0.332596 
5131 0.340687 
5132 0.340687 
5133 0.340687 
5134 0.340687 
5135 0.340687 
5136 0.340687 
5137 0.423086 
5138 0.423086 
5139 0.423086 
5140 0.423086 
5141 0.423086 
5142 0.423086 
5143 0.422800 
5144 0.422800 
5145 0.422800 
5146 0.422800 
5147 0.422800 
5148 0.422800 
5149 0.421363 
5150 0.421363 
5151 0.421363 
5152 0.421363 
5153 0.421363 
5154 0.421363 
5155 0.422030 
5156 0.422030 
5157 0.422030 
5158 0.422030 
5159 0.422030 
5160 0.422030 
5161 0.400199 
5162 0.400199 
5163 0.400199 
5164 0.400199 
5165 0.400199 
5166 0.400199 
5167 0.401584 
5168 0.401584 
5169 0.401584 
5170 0.401584 
5171 0.401584 
5172 0.401584 
5173 0.407587 
5174 0.407587 
5175 0.407587 
5176 0.407587 
5177 0.407587 
5178 0.407587 
5179 0.412994 
5180 0.412994 
5181 0.412994 
5182 0.412994 
5183 0.412994 
5184 0.412994 
5185 0.350394 
5186 0.350394 
5187 0.350394 
5188 0.350394 
5189 0.350394 
5190 0.350394 
5191 0.358261 
5192 0.358261 
5193 0.358261 
5194 0.358261 
5195 0.358261 
5196 0.358261 
5197 0.326898 
5198 0.326898 
5199 0.326898 
5200 0.326898 
5201 0.326898 
5202 0.326898 
5203 0.336865 
5204 0.336865 
5205 0.336865 
5206 0.336865 
5207 0.336865 
5208 0.336865 
5209 0.344328 
5210 0.344328 
5211 0.344328 
5212 0.344328 
5213 0.344328 
5214 0.344328 
5215 0.348554 
5216 0.348554 
5217 0.348554 
5218 0.348554 
5219 0.348554 
5220 0.348554 
5221 0.030782 
5222 0.030782 
5223 0.030782 
5224 0.030782 
5225 0.030782 
5226 0.030782 
5227 0.128488 
5228 0.128488 
5229 0.128488 
5230 0.128488 
5231 0.128488 
5232 0.128488 
5233 0.193913 
5234 0.193913 
5235 0.193913 
5236 0.193913 
5237 0.193913 
5238 0.193913 
5239 0.234748 
5240 0.234748 
5241 0.234748 
5242 0.234748 
5243 0.234748 
5244 0.234748 
5245 0.341102 
5246 0.341102 
5247 0.341102 
5248 0.341102 
5249 0.341102 
5250 0.341102 
5251 0.355071 
5252 0.355071 
5253 0.355071 
5254 0.355071 
5255 0.355071 
5256 0.355071 
5257 0.379881 
5258 0.379881 
5259 0.379881 
5260 0.379881 
5261 0.379881 
5262 0.379881 
5263 0.443674 
5264 0.443674 
5265 0.443674 
5266 0.443674 
5267 0.443674 
5268 0.443674 
5269 0.212869 
5270 0.212869 
5271 0.212869 
5272 0.212869 
5273 0.212869 
5274 0.212869 
5275 0.234697 
5276 0.234697 
5277 0.234697 
5278 0.234697 
5279 0.234697 
5280 0.234697 
5281 0.241678 
5282 0.241678 
5283 0.241678 
5284 0.241678 
5285 0.241678 
5286 0.241678 
5287 0.234379 
5288 0.234379 
5289 0.234379 
5290 0.234379 
5291 0.234379 
5292 0.234379 
5293 0.344324 
5294 0.344324 
5295 0.344324 
5296 0.344324 
5297 0.344324 
5298 0.344324 
5299 0.526992 
5300 0.526992 
5301 0.526992 
5302 0.526992 
5303 0.526992 
5304 0.526992 
5305 0.710205 
5306 0.710205 
5307 0.710205 
5308 0.710205 
5309 0.710205 
5310 0.710205 
5311 0.804109 
5312 0.804109 
5313 0.804109 
5314 0.804109 
5315 0.804109 
5316 0.804109 
5317 0.850257 
5318 0.850257 
5319 0.850257 
5320 0.850257 
5321 0.850257 
5322 0.850257 
5323 0.919825 
5324 0.919825 
5325 0.919825 
5326 0.919825 
5327 0.919825 
5328 0.919825 
5329 0.928034 
5330 0.928034 
5331 0.928034 
5332 0.928034 
5333 0.928034 
5334 0.928034 
5335 0.935477 
5336 0.935477 
5337 0.935477 
5338 0.935477 
5339 0.935477 
5340 0.935477 
5341 0.938844 
5342 0.938844 
5343 0.938844 
5344 0.938844 
5345 0.938844 
5346 0.938844 
5347 0.898076 
5348 0.898076 
5349 0.898076 
5350 0.898076 
5351 0.898076 
5352 0.898076 
5353 0.911377 
5354 0.911377 
5355 0.911377 
5356 0.911377 
5357 0.911377 
5358 0.911377 
5359 0.920488 
5360 0.920488 
5361 0.920488 
5362 0.920488 
5363 0.920488 
5364 0.920488 
5365 0.855334 
5366 0.855334 
5367 0.855334 
5368 0.855334 
5369 0.855334 
5370 0.855334 
5371 0.636473 
5372 0.636473 
5373 0.636473 
5374 0.636473 
5375 0.636473 
5376 0.636473 
5377 0.619373 
5378 0.619373 
5379 0.619373 
5380 0.619373 
5381 0.619373 
5382 0.619373 
5383 0.565543 
5384 0.565543 
5385 0.565543 
5386 0.565543 
5387 0.565543 
5388 0.565543 
5389 0.566335 
5390 0.566335 
5391 0.566335 
5392 0.566335 
5393 0.566335 
5394 0.566335 
5395 0.586688 
5396 0.586688 
5397 0.586688 
5398 0.586688 
5399 0.586688 
5400 0.586688 
5401 0.590938 
5402 0.590938 
5403 0.590938 
5404 0.590938 
5405 0.590938 
5406 0.590938 
5407 0.575191 
5408 0.575191 
5409 0.575191 
5410 0.575191 
5411 0.575191 
5412 0.575191 
5413 0.559936 
5414 0.559936 
5415 0.559936 
5416 0.559936 
5417 0.559936 
5418 0.559936 
5419 0.576322 
5420 0.576322 
5421 0.576322 
5422 0.576322 
5423 0.576322 
5424 0.576322 
5425 0.623583 
5426 0.623583 
5427 0.623583 
5428 0.623583 
5429 0.623583 
5430 0.623583 
5431 0.650650 
5432 0.650650 
5433 0.650650 
5434 0.650650 
5435 0.650650 
5436 0.650650 
5437 0.691575 
5438 0.691575 
5439 0.691575 
5440 0.691575 
5441 0.691575 
5442 0.691575 
5443 0.713317 
5444 0.713317 
5445 0.713317 
5446 0.713317 
5447 0.713317 
5448 0.713317 
5449 0.732288 
5450 0.732288 
5451 0.732288 
5452 0.732288 
5453 0.732288 
5454 0.732288 
5455 0.740889 
5456 0.740889 
5457 0.740889 
5458 0.740889 
5459 0.740889 
5460 0.740889 
5461 0.744860 
5462 0.744860 
5463 0.744860 
5464 0.744860 
5465 0.744860 
5466 0.744860 
5467 0.779703 
5468 0.779703 
5469 0.779703 
5470 0.779703 
5471 0.779703 
5472 0.779703 
5473 0.834475 
5474 0.834475 
5475 0.834475 
5476 0.834475 
5477 0.834475 
5478 0.834475 
5479 0.840635 
5480 0.840635 
5481 0.840635 
5482 0.840635 
5483 0.840635 
5484 0.840635 
5485 0.847306 
5486 0.847306 
5487 0.847306 
5488 0.847306 
5489 0.847306 
5490 0.847306 
5491 0.852807 
5492 0.852807 
5493 0.852807 
5494 0.852807 
5495 0.852807 
5496 0.852807 
5497 0.922694 
5498 0.922694 
5499 0.922694 
5500 0.922694 
5501 0.922694 
5502 0.922694 
5503 0.975822 
5504 0.975822 
5505 0.975822 
5506 0.975822 
5507 0.975822 
5508 0.975822 
5509 0.978113 
5510 0.978113 
5511 0.978113 
5512 0.978113 
5513 0.978113 
5514 0.978113 
5515 0.979793 
5516 0.979793 
5517 0.979793 
5518 0.979793 
5519 0.979793 
5520 0.979793 
5521 0.981433 
5522 0.981433 
5523 0.981433 
5524 0.981433 
5525 0.981433 
5526 0.981433 
5527 0.980691 
5528 0.980691 
5529 0.980691 
5530 0.980691 
5531 0.980691 
5532 0.980691 
5533 0.980507 
5534 0.980507 
5535 0.980507 
5536 0.980507 
5537 0.980507 
5538 0.980507 
5539 0.979569 
5540 0.979569 
5541 0.979569 
5542 0.979569 
5543 0.979569 
5544 0.979569 
5545 0.979675 
5546 0.979675 
5547 0.979675 
5548 0.979675 
5549 0.979675 
5550 0.979675 
5551 0.978572 
5552 0.978572 
5553 0.978572 
5554 0.978572 
5555 0.978572 
5556 0.978572 
5557 0.977572 
5558 0.977572 
5559 0.977572 
5560 0.977572 
5561 0.977572 
5562 0.977572 
5563 0.977144 
5564 0.977144 
5565 0.977144 
5566 0.977144 
5567 0.977144 
5568 0.977144 
5569 0.974232 
5570 0.974232 
5571 0.974232 
5572 0.974232 
5573 0.974232 
5574 0.974232 
5575 0.974158 
5576 0.974158 
5577 0.974158 
5578 0.974158 
5579 0.974158 
5580 0.974158 
5581 0.972698 
5582 0.972698 
5583 0.972698 
5584 0.972698 
5585 0.972698 
5586 0.972698 
5587 0.972969 
5588 0.972969 
5589 0.972969 
5590 0.972969 
5591 0.972969 
5592 0.972969 
5593 0.973193 
5594 0.973193 
5595 0.973193 
5596 0.973193 
5597 0.973193 
5598 0.973193 
5599 0.972891 
5600 0.972891 
5601 0.972891 
5602 0.972891 
5603 0.972891 
5604 0.972891 
5605 0.972710 
5606 0.972710 
5607 0.972710 
5608 0.972710 
5609 0.972710 
5610 0.972710 
5611 0.971792 
5612 0.971792 
5613 0.971792 
5614 0.971792 
5615 0.971792 
5616 0.971792 
5617 0.970787 
5618 0.970787 
5619 0.970787 
5620 0.970787 
5621 0.970787 
5622 0.970787 
5623 0.969041 
5624 0.969041 
5625 0.969041 
5626 0.969041 
5627 0.969041 
5628 0.969041 
5629 0.969018 
5630 0.969018 
5631 0.969018 
5632 0.969018 
5633 0.969018 
5634 0.969018 
5635 0.971192 
5636 0.971192 
5637 0.971192 
5638 0.971192 
5639 0.971192 
5640 0.971192 
5641 0.971753 
5642 0.971753 
5643 0.971753 
5644 0.971753 
5645 0.971753 
5646 0.971753 
5647 0.970591 
5648 0.970591 
5649 0.970591 
5650 0.970591 
5651 0.970591 
5652 0.970591 
5653 0.970685 
5654 0.970685 
5655 0.970685 
5656 0.970685 
5657 0.970685 
5658 0.970685 
5659 0.971627 
5660 0.971627 
5661 0.971627 
5662 0.971627 
5663 0.971627 
5664 0.971627 
5665 0.971439 
5666 0.971439 
5667 0.971439 
5668 0.971439 
5669 0.971439 
5670 0.971439 
5671 0.973703 
5672 0.973703 
5673 0.973703 
5674 0.973703 
5675 0.973703 
5676 0.973703 
5677 0.973208 
5678 0.973208 
5679 0.973208 
5680 0.973208 
5681 0.973208 
5682 0.973208 
5683 0.973562 
5684 0.973562 
5685 0.973562 
5686 0.973562 
5687 0.973562 
5688 0.973562 
5689 0.973102 
5690 0.973102 
5691 0.973102 
5692 0.973102 
5693 0.973102 
5694 0.973102 
5695 0.973805 
5696 0.973805 
5697 0.973805 
5698 0.973805 
5699 0.973805 
5700 0.973805 
5701 0.973895 
5702 0.973895 
5703 0.973895 
5704 0.973895 
5705 0.973895 
5706 0.973895 
5707 0.973522 
5708 0.973522 
5709 0.973522 
5710 0.973522 
5711 0.973522 
5712 0.973522 
5713 0.973781 
5714 0.973781 
5715 0.973781 
5716 0.973781 
5717 0.973781 
5718 0.973781 
5719 0.973204 
5720 0.973204 
5721 0.973204 
5722 0.973204 
5723 0.973204 
5724 0.973204 
5725 0.973208 
5726 0.973208 
5727 0.973208 
5728 0.973208 
5729 0.973208 
5730 0.973208 
5731 0.972981 
5732 0.972981 
5733 0.972981 
5734 0.972981 
5735 0.972981 
5736 0.972981 
Time taken: 252.905860
