1 0.157743 
2 0.157743 
3 0.170377 
4 0.170377 
5 0.190233 
6 0.190233 
7 0.221007 
8 0.221007 
9 0.240648 
10 0.240648 
11 0.253595 
12 0.253595 
13 0.262288 
14 0.262288 
15 0.262514 
16 0.262514 
17 0.266822 
18 0.266822 
19 0.267200 
20 0.267200 
21 0.266073 
22 0.266073 
23 0.265495 
24 0.265495 
25 0.267087 
26 0.267087 
27 0.270423 
28 0.270423 
29 0.271898 
30 0.271898 
31 0.277762 
32 0.277762 
33 0.280310 
34 0.280310 
35 0.286417 
36 0.286417 
37 0.287739 
38 0.287739 
39 0.286463 
40 0.286463 
41 0.286159 
42 0.286159 
43 0.280591 
44 0.280591 
45 0.282132 
46 0.282132 
47 0.280997 
48 0.280997 
49 0.278164 
50 0.278164 
51 0.273431 
52 0.273431 
53 0.270825 
54 0.270825 
55 0.269174 
56 0.269174 
57 0.266170 
58 0.266170 
59 0.264769 
60 0.264769 
61 0.264020 
62 0.264020 
63 0.259295 
64 0.259295 
65 0.258160 
66 0.258160 
67 0.256162 
68 0.256162 
69 0.264008 
70 0.264008 
71 0.261172 
72 0.261172 
73 0.260864 
74 0.260864 
75 0.261102 
76 0.261102 
77 0.260298 
78 0.260298 
79 0.262065 
80 0.262065 
81 0.265636 
82 0.265636 
83 0.274063 
84 0.274063 
85 0.300647 
86 0.300647 
87 0.323507 
88 0.323507 
89 0.344058 
90 0.344058 
91 0.372733 
92 0.372733 
93 0.392058 
94 0.392058 
95 0.409929 
96 0.409929 
97 0.420819 
98 0.420819 
99 0.429309 
100 0.429309 
101 0.436227 
102 0.436227 
103 0.444764 
104 0.444764 
105 0.444737 
106 0.444737 
107 0.448377 
108 0.448377 
109 0.453204 
110 0.453204 
111 0.456567 
112 0.456567 
113 0.459829 
114 0.459829 
115 0.463145 
116 0.463145 
117 0.465338 
118 0.465338 
119 0.472131 
120 0.472131 
121 0.479080 
122 0.479080 
123 0.482303 
124 0.482303 
125 0.482873 
126 0.482873 
127 0.476681 
128 0.476681 
129 0.471008 
130 0.471008 
131 0.466692 
132 0.466692 
133 0.463173 
134 0.463173 
135 0.464320 
136 0.464320 
137 0.460239 
138 0.460239 
139 0.451947 
140 0.451947 
141 0.447718 
142 0.447718 
143 0.441241 
144 0.441241 
145 0.431701 
146 0.431701 
147 0.428829 
148 0.428829 
149 0.424634 
150 0.424634 
151 0.418996 
152 0.418996 
153 0.416129 
154 0.416129 
155 0.411649 
156 0.411649 
157 0.405921 
158 0.405921 
159 0.401727 
160 0.401727 
161 0.398871 
162 0.398871 
163 0.396619 
164 0.396619 
165 0.393237 
166 0.393237 
167 0.392277 
168 0.392277 
169 0.396171 
170 0.396171 
171 0.394653 
172 0.394653 
173 0.390287 
174 0.390287 
175 0.386128 
176 0.386128 
177 0.383404 
178 0.383404 
179 0.381164 
180 0.381164 
181 0.379682 
182 0.379682 
183 0.376474 
184 0.376474 
185 0.373966 
186 0.373966 
187 0.371164 
188 0.371164 
189 0.370087 
190 0.370087 
191 0.368659 
192 0.368659 
193 0.366892 
194 0.366892 
195 0.367040 
196 0.367040 
197 0.366396 
198 0.366396 
199 0.366782 
200 0.366782 
201 0.366291 
202 0.366291 
203 0.366154 
204 0.366154 
205 0.365904 
206 0.365904 
207 0.364839 
208 0.364839 
209 0.365475 
210 0.365475 
211 0.365705 
212 0.365705 
213 0.365826 
214 0.365826 
215 0.366232 
216 0.366232 
217 0.366603 
218 0.366603 
219 0.382456 
220 0.382456 
221 0.380560 
222 0.380560 
223 0.379210 
224 0.379210 
225 0.377337 
226 0.377337 
227 0.377528 
228 0.377528 
229 0.374828 
230 0.374828 
231 0.373396 
232 0.373396 
233 0.372307 
234 0.372307 
235 0.372276 
236 0.372276 
237 0.371195 
238 0.371195 
239 0.371332 
240 0.371332 
241 0.371792 
242 0.371792 
243 0.370704 
244 0.370704 
245 0.365627 
246 0.365627 
247 0.367040 
248 0.367040 
249 0.366860 
250 0.366860 
251 0.366634 
252 0.366634 
253 0.365456 
254 0.365456 
255 0.364195 
256 0.364195 
257 0.362986 
258 0.362986 
259 0.362814 
260 0.362814 
261 0.363040 
262 0.363040 
263 0.362916 
264 0.362916 
265 0.363251 
266 0.363251 
267 0.363142 
268 0.363142 
269 0.364554 
270 0.364554 
271 0.363520 
272 0.363520 
273 0.360793 
274 0.360793 
275 0.360777 
276 0.360777 
277 0.361843 
278 0.361843 
279 0.364437 
280 0.364437 
281 0.365588 
282 0.365588 
283 0.369135 
284 0.369135 
285 0.371402 
286 0.371402 
287 0.371367 
288 0.371367 
289 0.369763 
290 0.369763 
291 0.367555 
292 0.367555 
293 0.365608 
294 0.365608 
295 0.364418 
296 0.364418 
297 0.361460 
298 0.361460 
299 0.359388 
300 0.359388 
301 0.357664 
302 0.357664 
303 0.357843 
304 0.357843 
305 0.357750 
306 0.357750 
307 0.357769 
308 0.357769 
309 0.358011 
310 0.358011 
311 0.358670 
312 0.358670 
313 0.358596 
314 0.358596 
315 0.358702 
316 0.358702 
317 0.358733 
318 0.358733 
319 0.366501 
320 0.366501 
321 0.364831 
322 0.364831 
323 0.363290 
324 0.363290 
325 0.363532 
326 0.363532 
327 0.363044 
328 0.363044 
329 0.362970 
330 0.362970 
331 0.362951 
332 0.362951 
333 0.363079 
334 0.363079 
335 0.362681 
336 0.362681 
337 0.362287 
338 0.362287 
339 0.362740 
340 0.362740 
341 0.366763 
342 0.366763 
343 0.375998 
344 0.375998 
345 0.390232 
346 0.390232 
347 0.397888 
348 0.397888 
349 0.405683 
350 0.405683 
351 0.408871 
352 0.408871 
353 0.411165 
354 0.411165 
355 0.410385 
356 0.410385 
357 0.410498 
358 0.410498 
359 0.411037 
360 0.411037 
361 0.410865 
362 0.410865 
363 0.408832 
364 0.408832 
365 0.407349 
366 0.407349 
367 0.405820 
368 0.405820 
369 0.406171 
370 0.406171 
371 0.405559 
372 0.405559 
373 0.404864 
374 0.404864 
375 0.402425 
376 0.402425 
377 0.401177 
378 0.401177 
379 0.398340 
380 0.398340 
381 0.395878 
382 0.395878 
383 0.396019 
384 0.396019 
385 0.399948 
386 0.399948 
387 0.402948 
388 0.402948 
389 0.407634 
390 0.407634 
391 0.416796 
392 0.416796 
393 0.421552 
394 0.421552 
395 0.424276 
396 0.424276 
397 0.428700 
398 0.428700 
399 0.427756 
400 0.427756 
401 0.432352 
402 0.432352 
403 0.434397 
404 0.434397 
405 0.438825 
406 0.438825 
407 0.445353 
408 0.445353 
409 0.453875 
410 0.453875 
411 0.462732 
412 0.462732 
413 0.470789 
414 0.470789 
415 0.486119 
416 0.486119 
417 0.498309 
418 0.498309 
419 0.521513 
420 0.521513 
421 0.538333 
422 0.538333 
423 0.551892 
424 0.551892 
425 0.565638 
426 0.565638 
427 0.584687 
428 0.584687 
429 0.599451 
430 0.599451 
431 0.610322 
432 0.610322 
433 0.627861 
434 0.627861 
435 0.638185 
436 0.638185 
437 0.648037 
438 0.648037 
439 0.660054 
440 0.660054 
441 0.665806 
442 0.665806 
443 0.671280 
444 0.671280 
445 0.687968 
446 0.687968 
447 0.692049 
448 0.692049 
449 0.697918 
450 0.697918 
451 0.703723 
452 0.703723 
453 0.707781 
454 0.707781 
455 0.710169 
456 0.710169 
457 0.717009 
458 0.717009 
459 0.722343 
460 0.722343 
461 0.727115 
462 0.727115 
463 0.731415 
464 0.731415 
465 0.734657 
466 0.734657 
467 0.737416 
468 0.737416 
469 0.746078 
470 0.746078 
471 0.746862 
472 0.746862 
473 0.747315 
474 0.747315 
475 0.748832 
476 0.748832 
477 0.748559 
478 0.748559 
479 0.748376 
480 0.748376 
481 0.747795 
482 0.747795 
483 0.748142 
484 0.748142 
485 0.747490 
486 0.747490 
487 0.747174 
488 0.747174 
489 0.746019 
490 0.746019 
491 0.746277 
492 0.746277 
493 0.746827 
494 0.746827 
495 0.740931 
496 0.740931 
497 0.740955 
498 0.740955 
499 0.746745 
500 0.746745 
501 0.751345 
502 0.751345 
503 0.756710 
504 0.756710 
505 0.762048 
506 0.762048 
507 0.766059 
508 0.766059 
509 0.769016 
510 0.769016 
511 0.773933 
512 0.773933 
513 0.779395 
514 0.779395 
515 0.783297 
516 0.783297 
517 0.802389 
518 0.802389 
519 0.838082 
520 0.838082 
521 0.847057 
522 0.847057 
523 0.873093 
524 0.873093 
525 0.886137 
526 0.886137 
527 0.896200 
528 0.896200 
529 0.905662 
530 0.905662 
531 0.914152 
532 0.914152 
533 0.919377 
534 0.919377 
535 0.922061 
536 0.922061 
537 0.924293 
538 0.924293 
539 0.925807 
540 0.925807 
541 0.926899 
542 0.926899 
543 0.927375 
544 0.927375 
545 0.952230 
546 0.952230 
547 0.952796 
548 0.952796 
549 0.953034 
550 0.953034 
551 0.953128 
552 0.953128 
553 0.953229 
554 0.953229 
555 0.953225 
556 0.953225 
557 0.953861 
558 0.953861 
559 0.953346 
560 0.953346 
561 0.953085 
562 0.953085 
563 0.953650 
564 0.953650 
565 0.953619 
566 0.953619 
567 0.953963 
568 0.953963 
569 0.944227 
570 0.944227 
571 0.945714 
572 0.945714 
573 0.946373 
574 0.946373 
575 0.946834 
576 0.946834 
577 0.947111 
578 0.947111 
579 0.947798 
580 0.947798 
581 0.947981 
582 0.947981 
583 0.949179 
584 0.949179 
585 0.949425 
586 0.949425 
587 0.950197 
588 0.950197 
589 0.952499 
590 0.952499 
591 0.952156 
592 0.952156 
593 0.955188 
594 0.955188 
595 0.966417 
596 0.966417 
597 0.968665 
598 0.968665 
599 0.970557 
600 0.970557 
601 0.971513 
602 0.971513 
603 0.971958 
604 0.971958 
605 0.973288 
606 0.973288 
607 0.974279 
608 0.974279 
609 0.975746 
610 0.975746 
611 0.976211 
612 0.976211 
613 0.976000 
614 0.976000 
615 0.976039 
616 0.976039 
617 0.975629 
618 0.975629 
619 0.979036 
620 0.979036 
621 0.979059 
622 0.979059 
623 0.978891 
624 0.978891 
625 0.979075 
626 0.979075 
627 0.979028 
628 0.979028 
629 0.979527 
630 0.979527 
631 0.979594 
632 0.979594 
633 0.980124 
634 0.980124 
635 0.980237 
636 0.980237 
637 0.980581 
638 0.980581 
639 0.981014 
640 0.981014 
641 0.981201 
642 0.981201 
643 0.981084 
644 0.981084 
645 0.980062 
646 0.980062 
647 0.979609 
648 0.979609 
649 0.979617 
650 0.979617 
651 0.980023 
652 0.980023 
653 0.980085 
654 0.980085 
655 0.979512 
656 0.979512 
657 0.979067 
658 0.979067 
659 0.978813 
660 0.978813 
661 0.978747 
662 0.978747 
663 0.979227 
664 0.979227 
665 0.979196 
666 0.979196 
667 0.979387 
668 0.979387 
669 0.979956 
670 0.979956 
671 0.980011 
672 0.980011 
673 0.979656 
674 0.979656 
675 0.979531 
676 0.979531 
677 0.979504 
678 0.979504 
679 0.979305 
680 0.979305 
681 0.979523 
682 0.979523 
683 0.979878 
684 0.979878 
685 0.979660 
686 0.979660 
687 0.979426 
688 0.979426 
689 0.979484 
690 0.979484 
691 0.979344 
692 0.979344 
693 0.979149 
694 0.979149 
695 0.979956 
696 0.979956 
697 0.979211 
698 0.979211 
699 0.979133 
700 0.979133 
701 0.979063 
702 0.979063 
703 0.978610 
704 0.978610 
705 0.978973 
706 0.978973 
707 0.979316 
708 0.979316 
709 0.979543 
710 0.979543 
711 0.979543 
712 0.979543 
713 0.979683 
714 0.979683 
715 0.979473 
716 0.979473 
717 0.979391 
718 0.979391 
719 0.978536 
720 0.978536 
721 0.978985 
722 0.978985 
723 0.978856 
724 0.978856 
725 0.979188 
726 0.979188 
727 0.979090 
728 0.979090 
729 0.979188 
730 0.979188 
731 0.979340 
732 0.979340 
733 0.978997 
734 0.978997 
735 0.978918 
736 0.978918 
737 0.978876 
738 0.978876 
739 0.978790 
740 0.978790 
741 0.978821 
742 0.978821 
743 0.978704 
744 0.978704 
745 0.978809 
746 0.978809 
747 0.978985 
748 0.978985 
749 0.978684 
750 0.978684 
751 0.978665 
752 0.978665 
753 0.978641 
754 0.978641 
755 0.978739 
756 0.978739 
757 0.978860 
758 0.978860 
759 0.978829 
760 0.978829 
761 0.978989 
762 0.978989 
763 0.979125 
764 0.979125 
765 0.979301 
766 0.979301 
767 0.978876 
768 0.978876 
769 0.978528 
770 0.978528 
771 0.978743 
772 0.978743 
773 0.978634 
774 0.978634 
775 0.978509 
776 0.978509 
777 0.978318 
778 0.978318 
779 0.978220 
780 0.978220 
781 0.978368 
782 0.978368 
783 0.978283 
784 0.978283 
785 0.978357 
786 0.978357 
787 0.978224 
788 0.978224 
789 0.978037 
790 0.978037 
791 0.978076 
792 0.978076 
793 0.978247 
794 0.978247 
795 0.977791 
796 0.977791 
797 0.977783 
798 0.977783 
799 0.977744 
800 0.977744 
801 0.976964 
802 0.976964 
803 0.976714 
804 0.976714 
805 0.976964 
806 0.976964 
807 0.976417 
808 0.976417 
809 0.976043 
810 0.976043 
811 0.976613 
812 0.976613 
813 0.976460 
814 0.976460 
815 0.976359 
816 0.976359 
817 0.976394 
818 0.976394 
819 0.975551 
820 0.975551 
821 0.975504 
822 0.975504 
823 0.974888 
824 0.974888 
825 0.975126 
826 0.975126 
827 0.975126 
828 0.975126 
829 0.974943 
830 0.974943 
831 0.975344 
832 0.975344 
833 0.975247 
834 0.975247 
835 0.975305 
836 0.975305 
837 0.975181 
838 0.975181 
839 0.975504 
840 0.975504 
841 0.975664 
842 0.975664 
843 0.975520 
844 0.975520 
845 0.975941 
846 0.975941 
847 0.976074 
848 0.976074 
849 0.976090 
850 0.976090 
851 0.976055 
852 0.976055 
853 0.976012 
854 0.976012 
855 0.976043 
856 0.976043 
857 0.975797 
858 0.975797 
859 0.975469 
860 0.975469 
861 0.975684 
862 0.975684 
863 0.975711 
864 0.975711 
865 0.975797 
866 0.975797 
867 0.975801 
868 0.975801 
869 0.975516 
870 0.975516 
871 0.975602 
872 0.975602 
873 0.975426 
874 0.975426 
875 0.975598 
876 0.975598 
877 0.975598 
878 0.975598 
879 0.975820 
880 0.975820 
881 0.975793 
882 0.975793 
883 0.975641 
884 0.975641 
885 0.975489 
886 0.975489 
887 0.975746 
888 0.975746 
889 0.975848 
890 0.975848 
891 0.975524 
892 0.975524 
893 0.975497 
894 0.975497 
895 0.975559 
896 0.975559 
897 0.975532 
898 0.975532 
899 0.975711 
900 0.975711 
901 0.975750 
902 0.975750 
903 0.975719 
904 0.975719 
905 0.975223 
906 0.975223 
907 0.975255 
908 0.975255 
909 0.974939 
910 0.974939 
911 0.975028 
912 0.975028 
913 0.975138 
914 0.975138 
915 0.975442 
916 0.975442 
917 0.975415 
918 0.975415 
919 0.975200 
920 0.975200 
921 0.975426 
922 0.975426 
923 0.975664 
924 0.975664 
925 0.975692 
926 0.975692 
927 0.975789 
928 0.975789 
929 0.975520 
930 0.975520 
931 0.975672 
932 0.975672 
933 0.976047 
934 0.976047 
935 0.976039 
936 0.976039 
937 0.976055 
938 0.976055 
939 0.976148 
940 0.976148 
941 0.976043 
942 0.976043 
943 0.975926 
944 0.975926 
945 0.975918 
946 0.975918 
947 0.975941 
948 0.975941 
949 0.976129 
950 0.976129 
951 0.976207 
952 0.976207 
953 0.976144 
954 0.976144 
955 0.976187 
956 0.976187 
957 0.976226 
958 0.976226 
959 0.976179 
960 0.976179 
961 0.976242 
962 0.976242 
963 0.976137 
964 0.976137 
965 0.975859 
966 0.975859 
967 0.975891 
968 0.975891 
969 0.976070 
970 0.976070 
971 0.975824 
972 0.975824 
973 0.975805 
974 0.975805 
975 0.975469 
976 0.975469 
977 0.975668 
978 0.975668 
979 0.975532 
980 0.975532 
981 0.975575 
982 0.975575 
983 0.975688 
984 0.975688 
985 0.975887 
986 0.975887 
987 0.976027 
988 0.976027 
989 0.976097 
990 0.976097 
991 0.975856 
992 0.975856 
993 0.976023 
994 0.976023 
995 0.975856 
996 0.975856 
997 0.975696 
998 0.975696 
999 0.975871 
1000 0.975871 
1001 0.976043 
1002 0.976043 
1003 0.975988 
1004 0.975988 
1005 0.975973 
1006 0.975973 
1007 0.975922 
1008 0.975922 
1009 0.976027 
1010 0.976027 
1011 0.974864 
1012 0.974864 
1013 0.975032 
1014 0.975032 
1015 0.974849 
1016 0.974849 
1017 0.975157 
1018 0.975157 
1019 0.975181 
1020 0.975181 
1021 0.974970 
1022 0.974970 
1023 0.975329 
1024 0.975329 
1025 0.975184 
1026 0.975184 
1027 0.975266 
1028 0.975266 
1029 0.975430 
1030 0.975430 
1031 0.975473 
1032 0.975473 
1033 0.975415 
1034 0.975415 
1035 0.976546 
1036 0.976546 
1037 0.976503 
1038 0.976503 
1039 0.976429 
1040 0.976429 
1041 0.976445 
1042 0.976445 
1043 0.976094 
1044 0.976094 
1045 0.976207 
1046 0.976207 
1047 0.975937 
1048 0.975937 
1049 0.976078 
1050 0.976078 
1051 0.976199 
1052 0.976199 
1053 0.976222 
1054 0.976222 
1055 0.976246 
1056 0.976246 
1057 0.976176 
1058 0.976176 
1059 0.976398 
1060 0.976398 
1061 0.975867 
1062 0.975867 
1063 0.975739 
1064 0.975739 
1065 0.975684 
1066 0.975684 
1067 0.975934 
1068 0.975934 
1069 0.975934 
1070 0.975934 
1071 0.975879 
1072 0.975879 
1073 0.975867 
1074 0.975867 
1075 0.975930 
1076 0.975930 
1077 0.976039 
1078 0.976039 
1079 0.976031 
1080 0.976031 
1081 0.976121 
1082 0.976121 
1083 0.976105 
1084 0.976105 
1085 0.976113 
1086 0.976113 
1087 0.975891 
1088 0.975891 
1089 0.976176 
1090 0.976176 
1091 0.976519 
1092 0.976519 
1093 0.976425 
1094 0.976425 
1095 0.976168 
1096 0.976168 
1097 0.976019 
1098 0.976019 
1099 0.976293 
1100 0.976293 
1101 0.976168 
1102 0.976168 
1103 0.976086 
1104 0.976086 
1105 0.975965 
1106 0.975965 
1107 0.976335 
1108 0.976335 
1109 0.976051 
1110 0.976051 
1111 0.975859 
1112 0.975859 
1113 0.975906 
1114 0.975906 
1115 0.976090 
1116 0.976090 
1117 0.976105 
1118 0.976105 
1119 0.976199 
1120 0.976199 
1121 0.975977 
1122 0.975977 
1123 0.976183 
1124 0.976183 
1125 0.976125 
1126 0.976125 
1127 0.976148 
1128 0.976148 
1129 0.976179 
1130 0.976179 
1131 0.976140 
1132 0.976140 
1133 0.976086 
1134 0.976086 
1135 0.976230 
1136 0.976230 
1137 0.976285 
1138 0.976285 
1139 0.976378 
1140 0.976378 
1141 0.975945 
1142 0.975945 
1143 0.976172 
1144 0.976172 
1145 0.976133 
1146 0.976133 
1147 0.976027 
1148 0.976027 
1149 0.975984 
1150 0.975984 
1151 0.976144 
1152 0.976144 
1153 0.976160 
1154 0.976160 
1155 0.976187 
1156 0.976187 
1157 0.976105 
1158 0.976105 
1159 0.976261 
1160 0.976261 
1161 0.976433 
1162 0.976433 
1163 0.976492 
1164 0.976492 
1165 0.976441 
1166 0.976441 
1167 0.976722 
1168 0.976722 
1169 0.976675 
1170 0.976675 
1171 0.976761 
1172 0.976761 
1173 0.976523 
1174 0.976523 
1175 0.976870 
1176 0.976870 
1177 0.976796 
1178 0.976796 
1179 0.976655 
1180 0.976655 
1181 0.976593 
1182 0.976593 
1183 0.976706 
1184 0.976706 
1185 0.976152 
1186 0.976152 
1187 0.976222 
1188 0.976222 
1189 0.975731 
1190 0.975731 
1191 0.975914 
1192 0.975914 
1193 0.975937 
1194 0.975937 
1195 0.976277 
1196 0.976277 
1197 0.976324 
1198 0.976324 
1199 0.976445 
1200 0.976445 
1201 0.976550 
1202 0.976550 
1203 0.976382 
1204 0.976382 
1205 0.976429 
1206 0.976429 
1207 0.976351 
1208 0.976351 
1209 0.976453 
1210 0.976453 
1211 0.976238 
1212 0.976238 
1213 0.976234 
1214 0.976234 
1215 0.976031 
1216 0.976031 
1217 0.975820 
1218 0.975820 
1219 0.975863 
1220 0.975863 
1221 0.975711 
1222 0.975711 
1223 0.975840 
1224 0.975840 
1225 0.975957 
1226 0.975957 
1227 0.976113 
1228 0.976113 
1229 0.976195 
1230 0.976195 
1231 0.976421 
1232 0.976421 
1233 0.976414 
1234 0.976414 
1235 0.976066 
1236 0.976066 
1237 0.975789 
1238 0.975789 
1239 0.976137 
1240 0.976137 
1241 0.976316 
1242 0.976316 
1243 0.976320 
1244 0.976320 
1245 0.976339 
1246 0.976339 
1247 0.976035 
1248 0.976035 
1249 0.975937 
1250 0.975937 
1251 0.976094 
1252 0.976094 
1253 0.975895 
1254 0.975895 
1255 0.975969 
1256 0.975969 
1257 0.976062 
1258 0.976062 
1259 0.976004 
1260 0.976004 
1261 0.976012 
1262 0.976012 
1263 0.976074 
1264 0.976074 
1265 0.976125 
1266 0.976125 
1267 0.976367 
1268 0.976367 
1269 0.976320 
1270 0.976320 
1271 0.976390 
1272 0.976390 
1273 0.976445 
1274 0.976445 
1275 0.976402 
1276 0.976402 
1277 0.976425 
1278 0.976425 
1279 0.976176 
1280 0.976176 
1281 0.976226 
1282 0.976226 
1283 0.976359 
1284 0.976359 
1285 0.975996 
1286 0.975996 
1287 0.976257 
1288 0.976257 
1289 0.976215 
1290 0.976215 
1291 0.976086 
1292 0.976086 
1293 0.976051 
1294 0.976051 
1295 0.976066 
1296 0.976066 
1297 0.976094 
1298 0.976094 
1299 0.976152 
1300 0.976152 
1301 0.976191 
1302 0.976191 
1303 0.976152 
1304 0.976152 
1305 0.976125 
1306 0.976125 
1307 0.976265 
1308 0.976265 
1309 0.976289 
1310 0.976289 
1311 0.976203 
1312 0.976203 
1313 0.976464 
1314 0.976464 
1315 0.976386 
1316 0.976386 
1317 0.976616 
1318 0.976616 
1319 0.976581 
1320 0.976581 
1321 0.976734 
1322 0.976734 
1323 0.976737 
1324 0.976737 
1325 0.976757 
1326 0.976757 
1327 0.976909 
1328 0.976909 
1329 0.977026 
1330 0.977026 
1331 0.976936 
1332 0.976936 
1333 0.976866 
1334 0.976866 
1335 0.977502 
1336 0.977502 
1337 0.977323 
1338 0.977323 
1339 0.977412 
1340 0.977412 
1341 0.977073 
1342 0.977073 
1343 0.977010 
1344 0.977010 
1345 0.976932 
1346 0.976932 
1347 0.976772 
1348 0.976772 
1349 0.976925 
1350 0.976925 
1351 0.976995 
1352 0.976995 
1353 0.976917 
1354 0.976917 
1355 0.976878 
1356 0.976878 
1357 0.977053 
1358 0.977053 
1359 0.976932 
1360 0.976932 
1361 0.976734 
1362 0.976734 
1363 0.976702 
1364 0.976702 
1365 0.976909 
1366 0.976909 
1367 0.976917 
1368 0.976917 
1369 0.976944 
1370 0.976944 
1371 0.976671 
1372 0.976671 
1373 0.976776 
1374 0.976776 
1375 0.976741 
1376 0.976741 
1377 0.976726 
1378 0.976726 
1379 0.976745 
1380 0.976745 
1381 0.976925 
1382 0.976925 
1383 0.976862 
1384 0.976862 
1385 0.976441 
1386 0.976441 
1387 0.976507 
1388 0.976507 
1389 0.976730 
1390 0.976730 
1391 0.976652 
1392 0.976652 
1393 0.976542 
1394 0.976542 
1395 0.976757 
1396 0.976757 
1397 0.977342 
1398 0.977342 
1399 0.977416 
1400 0.977416 
1401 0.977479 
1402 0.977479 
1403 0.977572 
1404 0.977572 
1405 0.977436 
1406 0.977436 
1407 0.977432 
1408 0.977432 
1409 0.977666 
1410 0.977666 
1411 0.977143 
1412 0.977143 
1413 0.977358 
1414 0.977358 
1415 0.977412 
1416 0.977412 
1417 0.977775 
1418 0.977775 
1419 0.977701 
1420 0.977701 
1421 0.977959 
1422 0.977959 
1423 0.977787 
1424 0.977787 
1425 0.977705 
1426 0.977705 
1427 0.977818 
1428 0.977818 
1429 0.977588 
1430 0.977588 
1431 0.977405 
1432 0.977405 
1433 0.977623 
1434 0.977623 
1435 0.976449 
1436 0.976449 
1437 0.976667 
1438 0.976667 
1439 0.976960 
1440 0.976960 
1441 0.976714 
1442 0.976714 
1443 0.976636 
1444 0.976636 
1445 0.976741 
1446 0.976741 
1447 0.976667 
1448 0.976667 
1449 0.976983 
1450 0.976983 
1451 0.977248 
1452 0.977248 
1453 0.977760 
1454 0.977760 
1455 0.977338 
1456 0.977338 
1457 0.977248 
1458 0.977248 
1459 0.978220 
1460 0.978220 
1461 0.977764 
1462 0.977764 
1463 0.977865 
1464 0.977865 
1465 0.978193 
1466 0.978193 
1467 0.977752 
1468 0.977752 
1469 0.978540 
1470 0.978540 
1471 0.979855 
1472 0.979855 
1473 0.979008 
1474 0.979008 
1475 0.979188 
1476 0.979188 
1477 0.979570 
1478 0.979570 
1479 0.979672 
1480 0.979672 
1481 0.979590 
1482 0.979590 
1483 0.979344 
1484 0.979344 
1485 0.979043 
1486 0.979043 
1487 0.978985 
1488 0.978985 
1489 0.979492 
1490 0.979492 
1491 0.980448 
1492 0.980448 
1493 0.980148 
1494 0.980148 
1495 0.980452 
1496 0.980452 
1497 0.981404 
1498 0.981404 
1499 0.981622 
1500 0.981622 
1501 0.982918 
1502 0.982918 
1503 0.983792 
1504 0.983792 
1505 0.984502 
1506 0.984502 
1507 0.984069 
1508 0.984069 
1509 0.984584 
1510 0.984584 
1511 0.985197 
1512 0.985197 
1513 0.984841 
1514 0.984841 
1515 0.985575 
1516 0.985575 
1517 0.986207 
1518 0.986207 
1519 0.987120 
1520 0.987120 
1521 0.987604 
1522 0.987604 
1523 0.987288 
1524 0.987288 
1525 0.987190 
1526 0.987190 
1527 0.987179 
1528 0.987179 
1529 0.986960 
1530 0.986960 
1531 0.987167 
1532 0.987167 
1533 0.987249 
1534 0.987249 
1535 0.987932 
1536 0.987932 
1537 0.987994 
1538 0.987994 
1539 0.987120 
1540 0.987120 
1541 0.987311 
1542 0.987311 
1543 0.986059 
1544 0.986059 
1545 0.986207 
1546 0.986207 
1547 0.986640 
1548 0.986640 
1549 0.986254 
1550 0.986254 
1551 0.985872 
1552 0.985872 
1553 0.986242 
1554 0.986242 
1555 0.987124 
1556 0.987124 
1557 0.987662 
1558 0.987662 
1559 0.987698 
1560 0.987698 
1561 0.987331 
1562 0.987331 
1563 0.986906 
1564 0.986906 
1565 0.986047 
1566 0.986047 
1567 0.985376 
1568 0.985376 
1569 0.985458 
1570 0.985458 
1571 0.984810 
1572 0.984810 
1573 0.984338 
1574 0.984338 
1575 0.984073 
1576 0.984073 
1577 0.984053 
1578 0.984053 
1579 0.984568 
1580 0.984568 
1581 0.984541 
1582 0.984541 
1583 0.984947 
1584 0.984947 
1585 0.982727 
1586 0.982727 
1587 0.981942 
1588 0.981942 
1589 0.982762 
1590 0.982762 
1591 0.982715 
1592 0.982715 
1593 0.983917 
1594 0.983917 
1595 0.983757 
1596 0.983757 
1597 0.983620 
1598 0.983620 
1599 0.984459 
1600 0.984459 
1601 0.983905 
1602 0.983905 
1603 0.984443 
1604 0.984443 
1605 0.984861 
1606 0.984861 
1607 0.985774 
1608 0.985774 
1609 0.986465 
1610 0.986465 
1611 0.987662 
1612 0.987662 
1613 0.988189 
1614 0.988189 
1615 0.987858 
1616 0.987858 
1617 0.988135 
1618 0.988135 
1619 0.988423 
1620 0.988423 
1621 0.988681 
1622 0.988681 
1623 0.989317 
1624 0.989317 
1625 0.988849 
1626 0.988849 
1627 0.988599 
1628 0.988599 
1629 0.989840 
1630 0.989840 
1631 0.989727 
1632 0.989727 
1633 0.989965 
1634 0.989965 
1635 0.989044 
1636 0.989044 
1637 0.989137 
1638 0.989137 
1639 0.989727 
1640 0.989727 
1641 0.990285 
1642 0.990285 
1643 0.990608 
1644 0.990608 
1645 0.990374 
1646 0.990374 
1647 0.990928 
1648 0.990928 
1649 0.991260 
1650 0.991260 
1651 0.990628 
1652 0.990628 
1653 0.990706 
1654 0.990706 
1655 0.989754 
1656 0.989754 
1657 0.989208 
1658 0.989208 
1659 0.988685 
1660 0.988685 
1661 0.988302 
1662 0.988302 
1663 0.988376 
1664 0.988376 
1665 0.987214 
1666 0.987214 
1667 0.987561 
1668 0.987561 
1669 0.986508 
1670 0.986508 
1671 0.986367 
1672 0.986367 
1673 0.986710 
1674 0.986710 
1675 0.985957 
1676 0.985957 
1677 0.984209 
1678 0.984209 
1679 0.982454 
1680 0.982454 
1681 0.981669 
1682 0.981669 
1683 0.981002 
1684 0.981002 
1685 0.978021 
1686 0.978021 
1687 0.977440 
1688 0.977440 
1689 0.976027 
1690 0.976027 
1691 0.973378 
1692 0.973378 
1693 0.973674 
1694 0.973674 
1695 0.975664 
1696 0.975664 
1697 0.977842 
1698 0.977842 
1699 0.976472 
1700 0.976472 
1701 0.978056 
1702 0.978056 
1703 0.977931 
1704 0.977931 
1705 0.978556 
1706 0.978556 
1707 0.977135 
1708 0.977135 
1709 0.976534 
1710 0.976534 
1711 0.972676 
1712 0.972676 
1713 0.972734 
1714 0.972734 
1715 0.971209 
1716 0.971209 
1717 0.967502 
1718 0.967502 
1719 0.962476 
1720 0.962476 
1721 0.960412 
1722 0.960412 
1723 0.962203 
1724 0.962203 
1725 0.969589 
1726 0.969589 
1727 0.972594 
1728 0.972594 
1729 0.976714 
1730 0.976714 
1731 0.963877 
1732 0.963877 
1733 0.948149 
1734 0.948149 
1735 0.929639 
1736 0.929639 
1737 0.930770 
1738 0.930770 
1739 0.933263 
1740 0.933263 
1741 0.926794 
1742 0.926794 
1743 0.897917 
1744 0.897917 
1745 0.882817 
1746 0.882817 
1747 0.768798 
1748 0.768798 
1749 0.755317 
1750 0.755317 
1751 0.750175 
1752 0.750175 
1753 0.696259 
1754 0.696259 
1755 0.694496 
1756 0.694496 
1757 0.688850 
1758 0.688850 
1759 0.690695 
1760 0.690695 
1761 0.693278 
1762 0.693278 
1763 0.681237 
1764 0.681237 
1765 0.677609 
1766 0.677609 
1767 0.702896 
1768 0.702896 
1769 0.707290 
1770 0.707290 
1771 0.730880 
1772 0.730880 
1773 0.768341 
1774 0.768341 
1775 0.795834 
1776 0.795834 
1777 0.827789 
1778 0.827789 
1779 0.841606 
1780 0.841606 
1781 0.841204 
1782 0.841204 
1783 0.837962 
1784 0.837962 
1785 0.816053 
1786 0.816053 
1787 0.815862 
1788 0.815862 
1789 0.807843 
1790 0.807843 
1791 0.791136 
1792 0.791136 
1793 0.776426 
1794 0.776426 
1795 0.759289 
1796 0.759289 
1797 0.743175 
1798 0.743175 
1799 0.747954 
1800 0.747954 
1801 0.758739 
1802 0.758739 
1803 0.771030 
1804 0.771030 
1805 0.777558 
1806 0.777558 
1807 0.782279 
1808 0.782279 
1809 0.782384 
1810 0.782384 
1811 0.747627 
1812 0.747627 
1813 0.745512 
1814 0.745512 
1815 0.741731 
1816 0.741731 
1817 0.740537 
1818 0.740537 
1819 0.740600 
1820 0.740600 
1821 0.734084 
1822 0.734084 
1823 0.726389 
1824 0.726389 
1825 0.719951 
1826 0.719951 
1827 0.716830 
1828 0.716830 
1829 0.710458 
1830 0.710458 
1831 0.704184 
1832 0.704184 
1833 0.702576 
1834 0.702576 
1835 0.640588 
1836 0.640588 
1837 0.635590 
1838 0.635590 
1839 0.619327 
1840 0.619327 
1841 0.604450 
1842 0.604450 
1843 0.589568 
1844 0.589568 
1845 0.574035 
1846 0.574035 
1847 0.558919 
1848 0.558919 
1849 0.545364 
1850 0.545364 
1851 0.542493 
1852 0.542493 
1853 0.536679 
1854 0.536679 
1855 0.549134 
1856 0.549134 
1857 0.565646 
1858 0.565646 
1859 0.586322 
1860 0.586322 
1861 0.593279 
1862 0.593279 
1863 0.616362 
1864 0.616362 
1865 0.615886 
1866 0.615886 
1867 0.631216 
1868 0.631216 
1869 0.662275 
1870 0.662275 
1871 0.677897 
1872 0.677897 
1873 0.692439 
1874 0.692439 
1875 0.725340 
1876 0.725340 
1877 0.739823 
1878 0.739823 
1879 0.747736 
1880 0.747736 
1881 0.771166 
1882 0.771166 
1883 0.697871 
1884 0.697871 
1885 0.645692 
1886 0.645692 
1887 0.647693 
1888 0.647693 
1889 0.657877 
1890 0.657877 
1891 0.651810 
1892 0.651810 
1893 0.671342 
1894 0.671342 
1895 0.677129 
1896 0.677129 
1897 0.654288 
1898 0.654288 
1899 0.662407 
1900 0.662407 
1901 0.682029 
1902 0.682029 
1903 0.700789 
1904 0.700789 
1905 0.749187 
1906 0.749187 
1907 0.770647 
1908 0.770647 
1909 0.794889 
1910 0.794889 
1911 0.826319 
1912 0.826319 
1913 0.842480 
1914 0.842480 
1915 0.851173 
1916 0.851173 
1917 0.863198 
1918 0.863198 
1919 0.866254 
1920 0.866254 
1921 0.870940 
1922 0.870940 
1923 0.871158 
1924 0.871158 
1925 0.760698 
1926 0.760698 
1927 0.704309 
1928 0.704309 
1929 0.646831 
1930 0.646831 
1931 0.613795 
1932 0.613795 
1933 0.493022 
1934 0.493022 
1935 0.438404 
1936 0.438404 
1937 0.421209 
1938 0.421209 
1939 0.394961 
1940 0.394961 
1941 0.359966 
1942 0.359966 
1943 0.354874 
1944 0.354874 
1945 0.347141 
1946 0.347141 
1947 0.325341 
1948 0.325341 
1949 0.308942 
1950 0.308942 
1951 0.284536 
1952 0.284536 
1953 0.256974 
1954 0.256974 
1955 0.232841 
1956 0.232841 
1957 0.205953 
1958 0.205953 
1959 0.189012 
1960 0.189012 
1961 0.137921 
1962 0.137921 
1963 0.129146 
1964 0.129146 
1965 0.122154 
1966 0.122154 
1967 0.115443 
1968 0.115443 
1969 0.110375 
1970 0.110375 
1971 0.102473 
1972 0.102473 
1973 0.101369 
1974 0.101369 
1975 0.101342 
1976 0.101342 
1977 0.100718 
1978 0.100718 
1979 0.102060 
1980 0.102060 
1981 0.096964 
1982 0.096964 
1983 0.088466 
1984 0.088466 
1985 0.077502 
1986 0.077502 
1987 0.075305 
1988 0.075305 
1989 0.074638 
1990 0.074638 
1991 0.072983 
1992 0.072983 
1993 0.073385 
1994 0.073385 
1995 0.073362 
1996 0.073362 
1997 0.076675 
1998 0.076675 
1999 0.087085 
2000 0.087085 
2001 0.123524 
2002 0.123524 
2003 0.167755 
2004 0.167755 
2005 0.209286 
2006 0.209286 
2007 0.270751 
2008 0.270751 
2009 0.323671 
2010 0.323671 
2011 0.425165 
2012 0.425165 
2013 0.456079 
2014 0.456079 
2015 0.533760 
2016 0.533760 
2017 0.605082 
2018 0.605082 
2019 0.720650 
2020 0.720650 
2021 0.772431 
2022 0.772431 
2023 0.805257 
2024 0.805257 
2025 0.848017 
2026 0.848017 
2027 0.868427 
2028 0.868427 
2029 0.889032 
2030 0.889032 
2031 0.905123 
2032 0.905123 
2033 0.917274 
2034 0.917274 
2035 0.950369 
2036 0.950369 
2037 0.940536 
2038 0.940536 
2039 0.918710 
2040 0.918710 
2041 0.810547 
2042 0.810547 
2043 0.638473 
2044 0.638473 
2045 0.558732 
2046 0.558732 
2047 0.513401 
2048 0.513401 
2049 0.457289 
2050 0.457289 
2051 0.423468 
2052 0.423468 
2053 0.387852 
2054 0.387852 
2055 0.340909 
2056 0.340909 
2057 0.312504 
2058 0.312504 
2059 0.285242 
2060 0.285242 
2061 0.228763 
2062 0.228763 
2063 0.201341 
2064 0.201341 
2065 0.180841 
2066 0.180841 
2067 0.151761 
2068 0.151761 
2069 0.135026 
2070 0.135026 
2071 0.112482 
2072 0.112482 
2073 0.099703 
2074 0.099703 
2075 0.092173 
2076 0.092173 
2077 0.086897 
2078 0.086897 
2079 0.085450 
2080 0.085450 
2081 0.083237 
2082 0.083237 
2083 0.081645 
2084 0.081645 
2085 0.077623 
2086 0.077623 
2087 0.077158 
2088 0.077158 
2089 0.076218 
2090 0.076218 
2091 0.076565 
2092 0.076565 
2093 0.076366 
2094 0.076366 
2095 0.076952 
2096 0.076952 
2097 0.076437 
2098 0.076437 
2099 0.080553 
2100 0.080553 
2101 0.089543 
2102 0.089543 
2103 0.106387 
2104 0.106387 
2105 0.122572 
2106 0.122572 
2107 0.141858 
2108 0.141858 
2109 0.176339 
2110 0.176339 
2111 0.221803 
2112 0.221803 
2113 0.251815 
2114 0.251815 
2115 0.379342 
2116 0.379342 
2117 0.664690 
2118 0.664690 
2119 0.837384 
2120 0.837384 
2121 0.898170 
2122 0.898170 
2123 0.941157 
2124 0.941157 
2125 0.958875 
2126 0.958875 
2127 0.975672 
2128 0.975672 
2129 0.986145 
2130 0.986145 
2131 0.988829 
2132 0.988829 
2133 0.989789 
2134 0.989789 
2135 0.991993 
2136 0.991993 
2137 0.992571 
2138 0.992571 
2139 0.993293 
2140 0.993293 
2141 0.993308 
2142 0.993308 
2143 0.994190 
2144 0.994190 
2145 0.993999 
2146 0.993999 
2147 0.993866 
2148 0.993866 
2149 0.994198 
2150 0.994198 
2151 0.994186 
2152 0.994186 
2153 0.993823 
2154 0.993823 
2155 0.993078 
2156 0.993078 
2157 0.986863 
2158 0.986863 
2159 0.981256 
2160 0.981256 
2161 0.945921 
2162 0.945921 
2163 0.941680 
2164 0.941680 
2165 0.938679 
2166 0.938679 
2167 0.938028 
2168 0.938028 
2169 0.939721 
2170 0.939721 
2171 0.940236 
2172 0.940236 
2173 0.939651 
2174 0.939651 
2175 0.874822 
2176 0.874822 
2177 0.753725 
2178 0.753725 
2179 0.522016 
2180 0.522016 
2181 0.328412 
2182 0.328412 
2183 0.274434 
2184 0.274434 
2185 0.140988 
2186 0.140988 
2187 0.122423 
2188 0.122423 
2189 0.114628 
2190 0.114628 
2191 0.105248 
2192 0.105248 
2193 0.099149 
2194 0.099149 
2195 0.092992 
2196 0.092992 
2197 0.090639 
2198 0.090639 
2199 0.085387 
2200 0.085387 
2201 0.084338 
2202 0.084338 
2203 0.084369 
2204 0.084369 
2205 0.086359 
2206 0.086359 
2207 0.087658 
2208 0.087658 
2209 0.087459 
2210 0.087459 
2211 0.106422 
2212 0.106422 
2213 0.105880 
2214 0.105880 
2215 0.104514 
2216 0.104514 
2217 0.104537 
2218 0.104537 
2219 0.104350 
2220 0.104350 
2221 0.104514 
2222 0.104514 
2223 0.104596 
2224 0.104596 
2225 0.105298 
2226 0.105298 
2227 0.105919 
2228 0.105919 
2229 0.107912 
2230 0.107912 
2231 0.109001 
2232 0.109001 
2233 0.108798 
2234 0.108798 
2235 0.100245 
2236 0.100245 
2237 0.099149 
2238 0.099149 
2239 0.099496 
2240 0.099496 
2241 0.099368 
2242 0.099368 
2243 0.100768 
2244 0.100768 
2245 0.101728 
2246 0.101728 
2247 0.103070 
2248 0.103070 
2249 0.104007 
2250 0.104007 
2251 0.106270 
2252 0.106270 
2253 0.108443 
2254 0.108443 
2255 0.109060 
2256 0.109060 
2257 0.109465 
2258 0.109465 
2259 0.110484 
2260 0.110484 
2261 0.105599 
2262 0.105599 
2263 0.105809 
2264 0.105809 
2265 0.110468 
2266 0.110468 
2267 0.123438 
2268 0.123438 
2269 0.142170 
2270 0.142170 
2271 0.171422 
2272 0.171422 
2273 0.197541 
2274 0.197541 
2275 0.223613 
2276 0.223613 
2277 0.254652 
2278 0.254652 
2279 0.268773 
2280 0.268773 
2281 0.277954 
2282 0.277954 
2283 0.288364 
2284 0.288364 
2285 0.341877 
2286 0.341877 
2287 0.343340 
2288 0.343340 
2289 0.339349 
2290 0.339349 
2291 0.338588 
2292 0.338588 
2293 0.331467 
2294 0.331467 
2295 0.315750 
2296 0.315750 
2297 0.307814 
2298 0.307814 
2299 0.302375 
2300 0.302375 
2301 0.295020 
2302 0.295020 
2303 0.278492 
2304 0.278492 
2305 0.270739 
2306 0.270739 
2307 0.251991 
2308 0.251991 
2309 0.242084 
2310 0.242084 
2311 0.248655 
2312 0.248655 
2313 0.249704 
2314 0.249704 
2315 0.244004 
2316 0.244004 
2317 0.231210 
2318 0.231210 
2319 0.214775 
2320 0.214775 
2321 0.198130 
2322 0.198130 
2323 0.188477 
2324 0.188477 
2325 0.177466 
2326 0.177466 
2327 0.173221 
2328 0.173221 
2329 0.163868 
2330 0.163868 
2331 0.156026 
2332 0.156026 
2333 0.155511 
2334 0.155511 
2335 0.171282 
2336 0.171282 
2337 0.159198 
2338 0.159198 
2339 0.152818 
2340 0.152818 
2341 0.145257 
2342 0.145257 
2343 0.140173 
2344 0.140173 
2345 0.139232 
2346 0.139232 
2347 0.134140 
2348 0.134140 
2349 0.141304 
2350 0.141304 
2351 0.157532 
2352 0.157532 
2353 0.166022 
2354 0.166022 
2355 0.167770 
2356 0.167770 
2357 0.167333 
2358 0.167333 
2359 0.160727 
2360 0.160727 
2361 0.151004 
2362 0.151004 
2363 0.148117 
2364 0.148117 
2365 0.145756 
2366 0.145756 
2367 0.141839 
2368 0.141839 
2369 0.139564 
2370 0.139564 
2371 0.140356 
2372 0.140356 
2373 0.130168 
2374 0.130168 
2375 0.125209 
2376 0.125209 
2377 0.119825 
2378 0.119825 
2379 0.113707 
2380 0.113707 
2381 0.110570 
2382 0.110570 
2383 0.121616 
2384 0.121616 
2385 0.221412 
2386 0.221412 
2387 0.251468 
2388 0.251468 
2389 0.287236 
2390 0.287236 
2391 0.299109 
2392 0.299109 
2393 0.319328 
2394 0.319328 
2395 0.400615 
2396 0.400615 
2397 0.497817 
2398 0.497817 
2399 0.557897 
2400 0.557897 
2401 0.611192 
2402 0.611192 
2403 0.664245 
2404 0.664245 
2405 0.677472 
2406 0.677472 
2407 0.678042 
2408 0.678042 
2409 0.595889 
2410 0.595889 
2411 0.455053 
2412 0.455053 
2413 0.307541 
2414 0.307541 
2415 0.172928 
2416 0.172928 
2417 0.124456 
2418 0.124456 
2419 0.080397 
2420 0.080397 
2421 0.069846 
2422 0.069846 
2423 0.071598 
2424 0.071598 
2425 0.077533 
2426 0.077533 
2427 0.081127 
2428 0.081127 
2429 0.083031 
2430 0.083031 
2431 0.084708 
2432 0.084708 
2433 0.116126 
2434 0.116126 
2435 0.216008 
2436 0.216008 
2437 0.236481 
2438 0.236481 
2439 0.249158 
2440 0.249158 
2441 0.250980 
2442 0.250980 
2443 0.251796 
2444 0.251796 
2445 0.246833 
2446 0.246833 
2447 0.242748 
2448 0.242748 
2449 0.239220 
2450 0.239220 
2451 0.231085 
2452 0.231085 
2453 0.220878 
2454 0.220878 
2455 0.203737 
2456 0.203737 
2457 0.182020 
2458 0.182020 
2459 0.165870 
2460 0.165870 
2461 0.151297 
2462 0.151297 
2463 0.139763 
2464 0.139763 
2465 0.134191 
2466 0.134191 
2467 0.123570 
2468 0.123570 
2469 0.119185 
2470 0.119185 
2471 0.124409 
2472 0.124409 
2473 0.126192 
2474 0.126192 
2475 0.131632 
2476 0.131632 
2477 0.150060 
2478 0.150060 
2479 0.162655 
2480 0.162655 
2481 0.167680 
2482 0.167680 
2483 0.169140 
2484 0.169140 
2485 0.168956 
2486 0.168956 
2487 0.161871 
2488 0.161871 
2489 0.154613 
2490 0.154613 
2491 0.153841 
2492 0.153841 
2493 0.149900 
2494 0.149900 
2495 0.147251 
2496 0.147251 
2497 0.149654 
2498 0.149654 
2499 0.146014 
2500 0.146014 
2501 0.141663 
2502 0.141663 
2503 0.138432 
2504 0.138432 
2505 0.134757 
2506 0.134757 
2507 0.142088 
2508 0.142088 
2509 0.161769 
2510 0.161769 
2511 0.206738 
2512 0.206738 
2513 0.237199 
2514 0.237199 
2515 0.262463 
2516 0.262463 
2517 0.278266 
2518 0.278266 
2519 0.293725 
2520 0.293725 
2521 0.288890 
2522 0.288890 
2523 0.304381 
2524 0.304381 
2525 0.317237 
2526 0.317237 
2527 0.324877 
2528 0.324877 
2529 0.326640 
2530 0.326640 
2531 0.324826 
2532 0.324826 
2533 0.323964 
2534 0.323964 
2535 0.305411 
2536 0.305411 
2537 0.302703 
2538 0.302703 
2539 0.295344 
2540 0.295344 
2541 0.214900 
2542 0.214900 
2543 0.190264 
2544 0.190264 
2545 0.157196 
2546 0.157196 
2547 0.139260 
2548 0.139260 
2549 0.127195 
2550 0.127195 
2551 0.124718 
2552 0.124718 
2553 0.114464 
2554 0.114464 
2555 0.117292 
2556 0.117292 
2557 0.120937 
2558 0.120937 
2559 0.125642 
2560 0.125642 
2561 0.172714 
2562 0.172714 
2563 0.173510 
2564 0.173510 
2565 0.174719 
2566 0.174719 
2567 0.176354 
2568 0.176354 
2569 0.177607 
2570 0.177607 
2571 0.178200 
2572 0.178200 
2573 0.179885 
2574 0.179885 
2575 0.181555 
2576 0.181555 
2577 0.183869 
2578 0.183869 
2579 0.185352 
2580 0.185352 
2581 0.186378 
2582 0.186378 
2583 0.187381 
2584 0.187381 
2585 0.188910 
2586 0.188910 
2587 0.188454 
2588 0.188454 
2589 0.189304 
2590 0.189304 
2591 0.190213 
2592 0.190213 
2593 0.191731 
2594 0.191731 
2595 0.192804 
2596 0.192804 
2597 0.193370 
2598 0.193370 
2599 0.195676 
2600 0.195676 
2601 0.198774 
2602 0.198774 
2603 0.202594 
2604 0.202594 
2605 0.204240 
2606 0.204240 
2607 0.206285 
2608 0.206285 
2609 0.208774 
2610 0.208774 
2611 0.224140 
2612 0.224140 
2613 0.223839 
2614 0.223839 
2615 0.225619 
2616 0.225619 
2617 0.228038 
2618 0.228038 
2619 0.230273 
2620 0.230273 
2621 0.232685 
2622 0.232685 
2623 0.236762 
2624 0.236762 
2625 0.258562 
2626 0.258562 
2627 0.281098 
2628 0.281098 
2629 0.302500 
2630 0.302500 
2631 0.320819 
2632 0.320819 
2633 0.325423 
2634 0.325423 
2635 0.308985 
2636 0.308985 
2637 0.316886 
2638 0.316886 
2639 0.333800 
2640 0.333800 
2641 0.359681 
2642 0.359681 
2643 0.407143 
2644 0.407143 
2645 0.445103 
2646 0.445103 
2647 0.465139 
2648 0.465139 
2649 0.525672 
2650 0.525672 
2651 0.592596 
2652 0.592596 
2653 0.645688 
2654 0.645688 
2655 0.706252 
2656 0.706252 
2657 0.727759 
2658 0.727759 
2659 0.751396 
2660 0.751396 
2661 0.765271 
2662 0.765271 
2663 0.764916 
2664 0.764916 
2665 0.752598 
2666 0.752598 
2667 0.733931 
2668 0.733931 
2669 0.715074 
2670 0.715074 
2671 0.694379 
2672 0.694379 
2673 0.665716 
2674 0.665716 
2675 0.654853 
2676 0.654853 
2677 0.628945 
2678 0.628945 
2679 0.593462 
2680 0.593462 
2681 0.427463 
2682 0.427463 
2683 0.383771 
2684 0.383771 
2685 0.246212 
2686 0.246212 
2687 0.241729 
2688 0.241729 
2689 0.243988 
2690 0.243988 
2691 0.242619 
2692 0.242619 
2693 0.244300 
2694 0.244300 
2695 0.242166 
2696 0.242166 
2697 0.240481 
2698 0.240481 
2699 0.233957 
2700 0.233957 
2701 0.232556 
2702 0.232556 
2703 0.228955 
2704 0.228955 
2705 0.224417 
2706 0.224417 
2707 0.222848 
2708 0.222848 
2709 0.222876 
2710 0.222876 
2711 0.216777 
2712 0.216777 
2713 0.217944 
2714 0.217944 
2715 0.215259 
2716 0.215259 
2717 0.210897 
2718 0.210897 
2719 0.195032 
2720 0.195032 
2721 0.180502 
2722 0.180502 
2723 0.178028 
2724 0.178028 
2725 0.176210 
2726 0.176210 
2727 0.184333 
2728 0.184333 
2729 0.195937 
2730 0.195937 
2731 0.210995 
2732 0.210995 
2733 0.231448 
2734 0.231448 
2735 0.251683 
2736 0.251683 
2737 0.264422 
2738 0.264422 
2739 0.276167 
2740 0.276167 
2741 0.278500 
2742 0.278500 
2743 0.280942 
2744 0.280942 
2745 0.283927 
2746 0.283927 
2747 0.293721 
2748 0.293721 
2749 0.304767 
2750 0.304767 
2751 0.312122 
2752 0.312122 
2753 0.316511 
2754 0.316511 
2755 0.322883 
2756 0.322883 
2757 0.326024 
2758 0.326024 
2759 0.327647 
2760 0.327647 
2761 0.368850 
2762 0.368850 
2763 0.366259 
2764 0.366259 
2765 0.368476 
2766 0.368476 
2767 0.367980 
2768 0.367980 
2769 0.365050 
2770 0.365050 
2771 0.365030 
2772 0.365030 
2773 0.364223 
2774 0.364223 
2775 0.360863 
2776 0.360863 
2777 0.364117 
2778 0.364117 
2779 0.372003 
2780 0.372003 
2781 0.377813 
2782 0.377813 
2783 0.379818 
2784 0.379818 
2785 0.421283 
2786 0.421283 
2787 0.422481 
2788 0.422481 
2789 0.421732 
2790 0.421732 
2791 0.423382 
2792 0.423382 
2793 0.424962 
2794 0.424962 
2795 0.425559 
2796 0.425559 
2797 0.425524 
2798 0.425524 
2799 0.425485 
2800 0.425485 
2801 0.429484 
2802 0.429484 
2803 0.432134 
2804 0.432134 
2805 0.434768 
2806 0.434768 
2807 0.436289 
2808 0.436289 
2809 0.438182 
2810 0.438182 
2811 0.454202 
2812 0.454202 
2813 0.454015 
2814 0.454015 
2815 0.455673 
2816 0.455673 
2817 0.458050 
2818 0.458050 
2819 0.459060 
2820 0.459060 
2821 0.459326 
2822 0.459326 
2823 0.463532 
2824 0.463532 
2825 0.464730 
2826 0.464730 
2827 0.467059 
2828 0.467059 
2829 0.469950 
2830 0.469950 
2831 0.470887 
2832 0.470887 
2833 0.471967 
2834 0.471967 
2835 0.454597 
2836 0.454597 
2837 0.452181 
2838 0.452181 
2839 0.452950 
2840 0.452950 
2841 0.454425 
2842 0.454425 
2843 0.455408 
2844 0.455408 
2845 0.456516 
2846 0.456516 
2847 0.457866 
2848 0.457866 
2849 0.458276 
2850 0.458276 
2851 0.460937 
2852 0.460937 
2853 0.465346 
2854 0.465346 
2855 0.469997 
2856 0.469997 
2857 0.474468 
2858 0.474468 
2859 0.475249 
2860 0.475249 
2861 0.496440 
2862 0.496440 
2863 0.493985 
2864 0.493985 
2865 0.492187 
2866 0.492187 
2867 0.494001 
2868 0.494001 
2869 0.495027 
2870 0.495027 
2871 0.495129 
2872 0.495129 
2873 0.494262 
2874 0.494262 
2875 0.493634 
2876 0.493634 
2877 0.492280 
2878 0.492280 
2879 0.497228 
2880 0.497228 
2881 0.502015 
2882 0.502015 
2883 0.499815 
2884 0.499815 
2885 0.504075 
2886 0.504075 
2887 0.500997 
2888 0.500997 
2889 0.493525 
2890 0.493525 
2891 0.490396 
2892 0.490396 
2893 0.486841 
2894 0.486841 
2895 0.482814 
2896 0.482814 
2897 0.481024 
2898 0.481024 
2899 0.479709 
2900 0.479709 
2901 0.474929 
2902 0.474929 
2903 0.473871 
2904 0.473871 
2905 0.476240 
2906 0.476240 
2907 0.475932 
2908 0.475932 
2909 0.476751 
2910 0.476751 
2911 0.482670 
2912 0.482670 
2913 0.482335 
2914 0.482335 
2915 0.483540 
2916 0.483540 
2917 0.485386 
2918 0.485386 
2919 0.486693 
2920 0.486693 
2921 0.492300 
2922 0.492300 
2923 0.494610 
2924 0.494610 
2925 0.499331 
2926 0.499331 
2927 0.502721 
2928 0.502721 
2929 0.507864 
2930 0.507864 
2931 0.511161 
2932 0.511161 
2933 0.512148 
2934 0.512148 
2935 0.539882 
2936 0.539882 
2937 0.538794 
2938 0.538794 
2939 0.539203 
2940 0.539203 
2941 0.537475 
2942 0.537475 
2943 0.536211 
2944 0.536211 
2945 0.539305 
2946 0.539305 
2947 0.543819 
2948 0.543819 
2949 0.548931 
2950 0.548931 
2951 0.554861 
2952 0.554861 
2953 0.561198 
2954 0.561198 
2955 0.547752 
2956 0.547752 
2957 0.461257 
2958 0.461257 
2959 0.431357 
2960 0.431357 
2961 0.483489 
2962 0.483489 
2963 0.558693 
2964 0.558693 
2965 0.626686 
2966 0.626686 
2967 0.802190 
2968 0.802190 
2969 0.855266 
2970 0.855266 
2971 0.895591 
2972 0.895591 
2973 0.937138 
2974 0.937138 
2975 0.955484 
2976 0.955484 
2977 0.962121 
2978 0.962121 
2979 0.965168 
2980 0.965168 
2981 0.967662 
2982 0.967662 
2983 0.973499 
2984 0.973499 
2985 0.988053 
2986 0.988053 
2987 0.988240 
2988 0.988240 
2989 0.988466 
2990 0.988466 
2991 0.988630 
2992 0.988630 
2993 0.989184 
2994 0.989184 
2995 0.989695 
2996 0.989695 
2997 0.989762 
2998 0.989762 
2999 0.990784 
3000 0.990784 
3001 0.991061 
3002 0.991061 
3003 0.991279 
3004 0.991279 
3005 0.990733 
3006 0.990733 
3007 0.990772 
3008 0.990772 
3009 0.991502 
3010 0.991502 
3011 0.991381 
3012 0.991381 
3013 0.990944 
3014 0.990944 
3015 0.990640 
3016 0.990640 
3017 0.990011 
3018 0.990011 
3019 0.989332 
3020 0.989332 
3021 0.988478 
3022 0.988478 
3023 0.987779 
3024 0.987779 
3025 0.987276 
3026 0.987276 
3027 0.986933 
3028 0.986933 
3029 0.986734 
3030 0.986734 
3031 0.986597 
3032 0.986597 
3033 0.986211 
3034 0.986211 
3035 0.985302 
3036 0.985302 
3037 0.985489 
3038 0.985489 
3039 0.985797 
3040 0.985797 
3041 0.985829 
3042 0.985829 
3043 0.985357 
3044 0.985357 
3045 0.985099 
3046 0.985099 
3047 0.985115 
3048 0.985115 
3049 0.985431 
3050 0.985431 
3051 0.984923 
3052 0.984923 
3053 0.984689 
3054 0.984689 
3055 0.984631 
3056 0.984631 
3057 0.983823 
3058 0.983823 
3059 0.983683 
3060 0.983683 
3061 0.982516 
3062 0.982516 
3063 0.981981 
3064 0.981981 
3065 0.981271 
3066 0.981271 
3067 0.980709 
3068 0.980709 
3069 0.980854 
3070 0.980854 
3071 0.981076 
3072 0.981076 
3073 0.980826 
3074 0.980826 
3075 0.980705 
3076 0.980705 
3077 0.980608 
3078 0.980608 
3079 0.980253 
3080 0.980253 
3081 0.979543 
3082 0.979543 
3083 0.979937 
3084 0.979937 
3085 0.978774 
3086 0.978774 
3087 0.977210 
3088 0.977210 
3089 0.977424 
3090 0.977424 
3091 0.977248 
3092 0.977248 
3093 0.976694 
3094 0.976694 
3095 0.976601 
3096 0.976601 
3097 0.975501 
3098 0.975501 
3099 0.975813 
3100 0.975813 
3101 0.975703 
3102 0.975703 
3103 0.976000 
3104 0.976000 
3105 0.976897 
3106 0.976897 
3107 0.977248 
3108 0.977248 
3109 0.977635 
3110 0.977635 
3111 0.977974 
3112 0.977974 
3113 0.977092 
3114 0.977092 
3115 0.976940 
3116 0.976940 
3117 0.976616 
3118 0.976616 
3119 0.976523 
3120 0.976523 
3121 0.976105 
3122 0.976105 
3123 0.975473 
3124 0.975473 
3125 0.974002 
3126 0.974002 
3127 0.973433 
3128 0.973433 
3129 0.973144 
3130 0.973144 
3131 0.972582 
3132 0.972582 
3133 0.973503 
3134 0.973503 
3135 0.972754 
3136 0.972754 
3137 0.971146 
3138 0.971146 
3139 0.969952 
3140 0.969952 
3141 0.967658 
3142 0.967658 
3143 0.966429 
3144 0.966429 
3145 0.965012 
3146 0.965012 
3147 0.963440 
3148 0.963440 
3149 0.962796 
3150 0.962796 
3151 0.962800 
3152 0.962800 
3153 0.963069 
3154 0.963069 
3155 0.962168 
3156 0.962168 
3157 0.961403 
3158 0.961403 
3159 0.961193 
3160 0.961193 
3161 0.962230 
3162 0.962230 
3163 0.961587 
3164 0.961587 
3165 0.961372 
3166 0.961372 
3167 0.961731 
3168 0.961731 
3169 0.961251 
3170 0.961251 
3171 0.960837 
3172 0.960837 
3173 0.960635 
3174 0.960635 
3175 0.960420 
3176 0.960420 
3177 0.960888 
3178 0.960888 
3179 0.960759 
3180 0.960759 
3181 0.959499 
3182 0.959499 
3183 0.959683 
3184 0.959683 
3185 0.960970 
3186 0.960970 
3187 0.960307 
3188 0.960307 
3189 0.960100 
3190 0.960100 
3191 0.959764 
3192 0.959764 
3193 0.959636 
3194 0.959636 
3195 0.959928 
3196 0.959928 
3197 0.959374 
3198 0.959374 
3199 0.959725 
3200 0.959725 
3201 0.959956 
3202 0.959956 
3203 0.959499 
3204 0.959499 
3205 0.958836 
3206 0.958836 
3207 0.958762 
3208 0.958762 
3209 0.958711 
3210 0.958711 
3211 0.959367 
3212 0.959367 
3213 0.959737 
3214 0.959737 
3215 0.960045 
3216 0.960045 
3217 0.960436 
3218 0.960436 
3219 0.960705 
3220 0.960705 
3221 0.960596 
3222 0.960596 
3223 0.960681 
3224 0.960681 
3225 0.960592 
3226 0.960592 
3227 0.960256 
3228 0.960256 
3229 0.960385 
3230 0.960385 
3231 0.960424 
3232 0.960424 
3233 0.960428 
3234 0.960428 
3235 0.960026 
3236 0.960026 
3237 0.960166 
3238 0.960166 
3239 0.960334 
3240 0.960334 
3241 0.960311 
3242 0.960311 
3243 0.960635 
3244 0.960635 
3245 0.960549 
3246 0.960549 
3247 0.960358 
3248 0.960358 
3249 0.960229 
3250 0.960229 
3251 0.959745 
3252 0.959745 
3253 0.959807 
3254 0.959807 
3255 0.959897 
3256 0.959897 
3257 0.959909 
3258 0.959909 
3259 0.959936 
3260 0.959936 
3261 0.959745 
3262 0.959745 
3263 0.959577 
3264 0.959577 
3265 0.960061 
3266 0.960061 
3267 0.959964 
3268 0.959964 
3269 0.960049 
3270 0.960049 
3271 0.959991 
3272 0.959991 
3273 0.960155 
3274 0.960155 
3275 0.959862 
3276 0.959862 
3277 0.959417 
3278 0.959417 
3279 0.959296 
3280 0.959296 
3281 0.959433 
3282 0.959433 
3283 0.959526 
3284 0.959526 
3285 0.958684 
3286 0.958684 
3287 0.958785 
3288 0.958785 
3289 0.958914 
3290 0.958914 
3291 0.958430 
3292 0.958430 
3293 0.958489 
3294 0.958489 
3295 0.958266 
3296 0.958266 
3297 0.958165 
3298 0.958165 
3299 0.958215 
3300 0.958215 
3301 0.958071 
3302 0.958071 
3303 0.957981 
3304 0.957981 
3305 0.958032 
3306 0.958032 
3307 0.957981 
3308 0.957981 
3309 0.958157 
3310 0.958157 
3311 0.959355 
3312 0.959355 
3313 0.959421 
3314 0.959421 
3315 0.959675 
3316 0.959675 
3317 0.959300 
3318 0.959300 
3319 0.959078 
3320 0.959078 
3321 0.959363 
3322 0.959363 
3323 0.958699 
3324 0.958699 
3325 0.958040 
3326 0.958040 
3327 0.958235 
3328 0.958235 
3329 0.958087 
3330 0.958087 
3331 0.958215 
3332 0.958215 
3333 0.958297 
3334 0.958297 
3335 0.958664 
3336 0.958664 
3337 0.958766 
3338 0.958766 
3339 0.958336 
3340 0.958336 
3341 0.958543 
3342 0.958543 
3343 0.958493 
3344 0.958493 
3345 0.958309 
3346 0.958309 
3347 0.958176 
3348 0.958176 
3349 0.957736 
3350 0.957736 
3351 0.957767 
3352 0.957767 
3353 0.957423 
3354 0.957423 
3355 0.956998 
3356 0.956998 
3357 0.956631 
3358 0.956631 
3359 0.956869 
3360 0.956869 
3361 0.957892 
3362 0.957892 
3363 0.958387 
3364 0.958387 
3365 0.958329 
3366 0.958329 
3367 0.958555 
3368 0.958555 
3369 0.958680 
3370 0.958680 
3371 0.958797 
3372 0.958797 
3373 0.958762 
3374 0.958762 
3375 0.958816 
3376 0.958816 
3377 0.958660 
3378 0.958660 
3379 0.958571 
3380 0.958571 
3381 0.958493 
3382 0.958493 
3383 0.958442 
3384 0.958442 
3385 0.958953 
3386 0.958953 
3387 0.958547 
3388 0.958547 
3389 0.958734 
3390 0.958734 
3391 0.958750 
3392 0.958750 
3393 0.958758 
3394 0.958758 
3395 0.958481 
3396 0.958481 
3397 0.958469 
3398 0.958469 
3399 0.958453 
3400 0.958453 
3401 0.958364 
3402 0.958364 
3403 0.958414 
3404 0.958414 
3405 0.958270 
3406 0.958270 
3407 0.958173 
3408 0.958173 
3409 0.958036 
3410 0.958036 
3411 0.958169 
3412 0.958169 
3413 0.958149 
3414 0.958149 
3415 0.958223 
3416 0.958223 
3417 0.958297 
3418 0.958297 
3419 0.958032 
3420 0.958032 
3421 0.957892 
3422 0.957892 
3423 0.957693 
3424 0.957693 
3425 0.957696 
3426 0.957696 
3427 0.957806 
3428 0.957806 
3429 0.957724 
3430 0.957724 
3431 0.957786 
3432 0.957786 
3433 0.958212 
3434 0.958212 
3435 0.960459 
3436 0.960459 
3437 0.960482 
3438 0.960482 
3439 0.960322 
3440 0.960322 
3441 0.960186 
3442 0.960186 
3443 0.959909 
3444 0.959909 
3445 0.959761 
3446 0.959761 
3447 0.959897 
3448 0.959897 
3449 0.959936 
3450 0.959936 
3451 0.959784 
3452 0.959784 
3453 0.959780 
3454 0.959780 
3455 0.959679 
3456 0.959679 
3457 0.959558 
3458 0.959558 
3459 0.959593 
3460 0.959593 
3461 0.959437 
3462 0.959437 
3463 0.959460 
3464 0.959460 
3465 0.959456 
3466 0.959456 
3467 0.959281 
3468 0.959281 
3469 0.959601 
3470 0.959601 
3471 0.959589 
3472 0.959589 
3473 0.959125 
3474 0.959125 
3475 0.959335 
3476 0.959335 
3477 0.959487 
3478 0.959487 
3479 0.959281 
3480 0.959281 
3481 0.959417 
3482 0.959417 
3483 0.959374 
3484 0.959374 
3485 0.960045 
3486 0.960045 
3487 0.960217 
3488 0.960217 
3489 0.960190 
3490 0.960190 
3491 0.960244 
3492 0.960244 
3493 0.960108 
3494 0.960108 
3495 0.960147 
3496 0.960147 
3497 0.960334 
3498 0.960334 
3499 0.960135 
3500 0.960135 
3501 0.960178 
3502 0.960178 
3503 0.960135 
3504 0.960135 
3505 0.960081 
3506 0.960081 
3507 0.959991 
3508 0.959991 
3509 0.959901 
3510 0.959901 
3511 0.960931 
3512 0.960931 
3513 0.961298 
3514 0.961298 
3515 0.961154 
3516 0.961154 
3517 0.960767 
3518 0.960767 
3519 0.960681 
3520 0.960681 
3521 0.960233 
3522 0.960233 
3523 0.960291 
3524 0.960291 
3525 0.960248 
3526 0.960248 
3527 0.960459 
3528 0.960459 
3529 0.960240 
3530 0.960240 
3531 0.960373 
3532 0.960373 
3533 0.960334 
3534 0.960334 
3535 0.960338 
3536 0.960338 
3537 0.960237 
3538 0.960237 
3539 0.960237 
3540 0.960237 
3541 0.960151 
3542 0.960151 
3543 0.960042 
3544 0.960042 
3545 0.959897 
3546 0.959897 
3547 0.959675 
3548 0.959675 
3549 0.959538 
3550 0.959538 
3551 0.959378 
3552 0.959378 
3553 0.959160 
3554 0.959160 
3555 0.959339 
3556 0.959339 
3557 0.958828 
3558 0.958828 
3559 0.958750 
3560 0.958750 
3561 0.958910 
3562 0.958910 
3563 0.958594 
3564 0.958594 
3565 0.958297 
3566 0.958297 
3567 0.958344 
3568 0.958344 
3569 0.958598 
3570 0.958598 
3571 0.958812 
3572 0.958812 
3573 0.958957 
3574 0.958957 
3575 0.958676 
3576 0.958676 
3577 0.958719 
3578 0.958719 
3579 0.958801 
3580 0.958801 
3581 0.958590 
3582 0.958590 
3583 0.958598 
3584 0.958598 
3585 0.958520 
3586 0.958520 
3587 0.958777 
3588 0.958777 
3589 0.958863 
3590 0.958863 
3591 0.958910 
3592 0.958910 
3593 0.959031 
3594 0.959031 
3595 0.958344 
3596 0.958344 
3597 0.958130 
3598 0.958130 
3599 0.957985 
3600 0.957985 
3601 0.958110 
3602 0.958110 
3603 0.958297 
3604 0.958297 
3605 0.958258 
3606 0.958258 
3607 0.958251 
3608 0.958251 
3609 0.958333 
3610 0.958333 
3611 0.958254 
3612 0.958254 
3613 0.958360 
3614 0.958360 
3615 0.958461 
3616 0.958461 
3617 0.958489 
3618 0.958489 
3619 0.958929 
3620 0.958929 
3621 0.958898 
3622 0.958898 
3623 0.959160 
3624 0.959160 
3625 0.959035 
3626 0.959035 
3627 0.959054 
3628 0.959054 
3629 0.958789 
3630 0.958789 
3631 0.958691 
3632 0.958691 
3633 0.958879 
3634 0.958879 
3635 0.958734 
3636 0.958734 
3637 0.958918 
3638 0.958918 
3639 0.958945 
3640 0.958945 
3641 0.958961 
3642 0.958961 
3643 0.958879 
3644 0.958879 
3645 0.961708 
3646 0.961708 
3647 0.961598 
3648 0.961598 
3649 0.961700 
3650 0.961700 
3651 0.961442 
3652 0.961442 
3653 0.961817 
3654 0.961817 
3655 0.961805 
3656 0.961805 
3657 0.961372 
3658 0.961372 
3659 0.960919 
3660 0.960919 
3661 0.960670 
3662 0.960670 
3663 0.960369 
3664 0.960369 
3665 0.960315 
3666 0.960315 
3667 0.960280 
3668 0.960280 
3669 0.960732 
3670 0.960732 
3671 0.960670 
3672 0.960670 
3673 0.960837 
3674 0.960837 
3675 0.960564 
3676 0.960564 
3677 0.960260 
3678 0.960260 
3679 0.960147 
3680 0.960147 
3681 0.960057 
3682 0.960057 
3683 0.960139 
3684 0.960139 
3685 0.959948 
3686 0.959948 
3687 0.959214 
3688 0.959214 
3689 0.959031 
3690 0.959031 
3691 0.959152 
3692 0.959152 
3693 0.959101 
3694 0.959101 
3695 0.958243 
3696 0.958243 
3697 0.958352 
3698 0.958352 
3699 0.958348 
3700 0.958348 
3701 0.958243 
3702 0.958243 
3703 0.958926 
3704 0.958926 
3705 0.958976 
3706 0.958976 
3707 0.959148 
3708 0.959148 
3709 0.959378 
3710 0.959378 
3711 0.959093 
3712 0.959093 
3713 0.959218 
3714 0.959218 
3715 0.959203 
3716 0.959203 
3717 0.958805 
3718 0.958805 
3719 0.959850 
3720 0.959850 
3721 0.959858 
3722 0.959858 
3723 0.960042 
3724 0.960042 
3725 0.959991 
3726 0.959991 
3727 0.959690 
3728 0.959690 
3729 0.959632 
3730 0.959632 
3731 0.959230 
3732 0.959230 
3733 0.958738 
3734 0.958738 
3735 0.959039 
3736 0.959039 
3737 0.958812 
3738 0.958812 
3739 0.958110 
3740 0.958110 
3741 0.958165 
3742 0.958165 
3743 0.957853 
3744 0.957853 
3745 0.958399 
3746 0.958399 
3747 0.958848 
3748 0.958848 
3749 0.959008 
3750 0.959008 
3751 0.958918 
3752 0.958918 
3753 0.958567 
3754 0.958567 
3755 0.958340 
3756 0.958340 
3757 0.958590 
3758 0.958590 
3759 0.958235 
3760 0.958235 
3761 0.958028 
3762 0.958028 
3763 0.958110 
3764 0.958110 
3765 0.958442 
3766 0.958442 
3767 0.958126 
3768 0.958126 
3769 0.960315 
3770 0.960315 
3771 0.959651 
3772 0.959651 
3773 0.959960 
3774 0.959960 
3775 0.959612 
3776 0.959612 
3777 0.959835 
3778 0.959835 
3779 0.959718 
3780 0.959718 
3781 0.959714 
3782 0.959714 
3783 0.959819 
3784 0.959819 
3785 0.959562 
3786 0.959562 
3787 0.959667 
3788 0.959667 
3789 0.959729 
3790 0.959729 
3791 0.959632 
3792 0.959632 
3793 0.959659 
3794 0.959659 
3795 0.959421 
3796 0.959421 
3797 0.959058 
3798 0.959058 
3799 0.958602 
3800 0.958602 
3801 0.958247 
3802 0.958247 
3803 0.958114 
3804 0.958114 
3805 0.957950 
3806 0.957950 
3807 0.957615 
3808 0.957615 
3809 0.957287 
3810 0.957287 
3811 0.957693 
3812 0.957693 
3813 0.957170 
3814 0.957170 
3815 0.957412 
3816 0.957412 
3817 0.957915 
3818 0.957915 
3819 0.962145 
3820 0.962145 
3821 0.962137 
3822 0.962137 
3823 0.962125 
3824 0.962125 
3825 0.961914 
3826 0.961914 
3827 0.961953 
3828 0.961953 
3829 0.961899 
3830 0.961899 
3831 0.962184 
3832 0.962184 
3833 0.962063 
3834 0.962063 
3835 0.962461 
3836 0.962461 
3837 0.962207 
3838 0.962207 
3839 0.962355 
3840 0.962355 
3841 0.962316 
3842 0.962316 
3843 0.962371 
3844 0.962371 
3845 0.962266 
3846 0.962266 
3847 0.962289 
3848 0.962289 
3849 0.962675 
3850 0.962675 
3851 0.962371 
3852 0.962371 
3853 0.962363 
3854 0.962363 
3855 0.962574 
3856 0.962574 
3857 0.962550 
3858 0.962550 
3859 0.962461 
3860 0.962461 
3861 0.962367 
3862 0.962367 
3863 0.962710 
3864 0.962710 
3865 0.962742 
3866 0.962742 
3867 0.962757 
3868 0.962757 
3869 0.963151 
3870 0.963151 
3871 0.963003 
3872 0.963003 
3873 0.962761 
3874 0.962761 
3875 0.963085 
3876 0.963085 
3877 0.963214 
3878 0.963214 
3879 0.963046 
3880 0.963046 
3881 0.963116 
3882 0.963116 
3883 0.963175 
3884 0.963175 
3885 0.963424 
3886 0.963424 
3887 0.963221 
3888 0.963221 
3889 0.963097 
3890 0.963097 
3891 0.963034 
3892 0.963034 
3893 0.962734 
3894 0.962734 
3895 0.962281 
3896 0.962281 
3897 0.962636 
3898 0.962636 
3899 0.962944 
3900 0.962944 
3901 0.962941 
3902 0.962941 
3903 0.962941 
3904 0.962941 
3905 0.962890 
3906 0.962890 
3907 0.963034 
3908 0.963034 
3909 0.963077 
3910 0.963077 
3911 0.963077 
3912 0.963077 
3913 0.962855 
3914 0.962855 
3915 0.962640 
3916 0.962640 
3917 0.962706 
3918 0.962706 
3919 0.965984 
3920 0.965984 
3921 0.965719 
3922 0.965719 
3923 0.965629 
3924 0.965629 
3925 0.965617 
3926 0.965617 
3927 0.965496 
3928 0.965496 
3929 0.965485 
3930 0.965485 
3931 0.965110 
3932 0.965110 
3933 0.964970 
3934 0.964970 
3935 0.965005 
3936 0.965005 
3937 0.965051 
3938 0.965051 
3939 0.965102 
3940 0.965102 
3941 0.964774 
3942 0.964774 
3943 0.964653 
3944 0.964653 
3945 0.963577 
3946 0.963577 
3947 0.963249 
3948 0.963249 
3949 0.963483 
3950 0.963483 
3951 0.963452 
3952 0.963452 
3953 0.963385 
3954 0.963385 
3955 0.963440 
3956 0.963440 
3957 0.963405 
3958 0.963405 
3959 0.963421 
3960 0.963421 
3961 0.963381 
3962 0.963381 
3963 0.963619 
3964 0.963619 
3965 0.963729 
3966 0.963729 
3967 0.963518 
3968 0.963518 
3969 0.964006 
3970 0.964006 
3971 0.963666 
3972 0.963666 
3973 0.963530 
3974 0.963530 
3975 0.963444 
3976 0.963444 
3977 0.963284 
3978 0.963284 
3979 0.963374 
3980 0.963374 
3981 0.963264 
3982 0.963264 
3983 0.963194 
3984 0.963194 
3985 0.963194 
3986 0.963194 
3987 0.963093 
3988 0.963093 
3989 0.963120 
3990 0.963120 
3991 0.963030 
3992 0.963030 
3993 0.963069 
3994 0.963069 
3995 0.964291 
3996 0.964291 
3997 0.964123 
3998 0.964123 
3999 0.963569 
4000 0.963569 
4001 0.963776 
4002 0.963776 
4003 0.963838 
4004 0.963838 
4005 0.963889 
4006 0.963889 
4007 0.963978 
4008 0.963978 
4009 0.963737 
4010 0.963737 
4011 0.964111 
4012 0.964111 
4013 0.964197 
4014 0.964197 
4015 0.964220 
4016 0.964220 
4017 0.964103 
4018 0.964103 
4019 0.964103 
4020 0.964103 
4021 0.964146 
4022 0.964146 
4023 0.964189 
4024 0.964189 
4025 0.963916 
4026 0.963916 
4027 0.964107 
4028 0.964107 
4029 0.964135 
4030 0.964135 
4031 0.963990 
4032 0.963990 
4033 0.963904 
4034 0.963904 
4035 0.964088 
4036 0.964088 
4037 0.964033 
4038 0.964033 
4039 0.963838 
4040 0.963838 
4041 0.963822 
4042 0.963822 
4043 0.963857 
4044 0.963857 
4045 0.963393 
4046 0.963393 
4047 0.963440 
4048 0.963440 
4049 0.963413 
4050 0.963413 
4051 0.963319 
4052 0.963319 
4053 0.963159 
4054 0.963159 
4055 0.963253 
4056 0.963253 
4057 0.963323 
4058 0.963323 
4059 0.963190 
4060 0.963190 
4061 0.963401 
4062 0.963401 
4063 0.963198 
4064 0.963198 
4065 0.963284 
4066 0.963284 
4067 0.963694 
4068 0.963694 
4069 0.962020 
4070 0.962020 
4071 0.962110 
4072 0.962110 
4073 0.961856 
4074 0.961856 
4075 0.962297 
4076 0.962297 
4077 0.962476 
4078 0.962476 
4079 0.962227 
4080 0.962227 
4081 0.962371 
4082 0.962371 
4083 0.962437 
4084 0.962437 
4085 0.962426 
4086 0.962426 
4087 0.962519 
4088 0.962519 
4089 0.962515 
4090 0.962515 
4091 0.962554 
4092 0.962554 
4093 0.962359 
4094 0.962359 
4095 0.965379 
4096 0.965379 
4097 0.965293 
4098 0.965293 
4099 0.965391 
4100 0.965391 
4101 0.965777 
4102 0.965777 
4103 0.965387 
4104 0.965387 
4105 0.965165 
4106 0.965165 
4107 0.965250 
4108 0.965250 
4109 0.964669 
4110 0.964669 
4111 0.964759 
4112 0.964759 
4113 0.964821 
4114 0.964821 
4115 0.964821 
4116 0.964821 
4117 0.964973 
4118 0.964973 
4119 0.966175 
4120 0.966175 
4121 0.965824 
4122 0.965824 
4123 0.966284 
4124 0.966284 
4125 0.965902 
4126 0.965902 
4127 0.965820 
4128 0.965820 
4129 0.965734 
4130 0.965734 
4131 0.965625 
4132 0.965625 
4133 0.965859 
4134 0.965859 
4135 0.965645 
4136 0.965645 
4137 0.965933 
4138 0.965933 
4139 0.966171 
4140 0.966171 
4141 0.965976 
4142 0.965976 
4143 0.966257 
4144 0.966257 
4145 0.967654 
4146 0.967654 
4147 0.968274 
4148 0.968274 
4149 0.967564 
4150 0.967564 
4151 0.968005 
4152 0.968005 
4153 0.968048 
4154 0.968048 
4155 0.967982 
4156 0.967982 
4157 0.967798 
4158 0.967798 
4159 0.967236 
4160 0.967236 
4161 0.967076 
4162 0.967076 
4163 0.966476 
4164 0.966476 
4165 0.966585 
4166 0.966585 
4167 0.966132 
4168 0.966132 
4169 0.965808 
4170 0.965808 
4171 0.965937 
4172 0.965937 
4173 0.966050 
4174 0.966050 
4175 0.965543 
4176 0.965543 
4177 0.965485 
4178 0.965485 
4179 0.965344 
4180 0.965344 
4181 0.964977 
4182 0.964977 
4183 0.965426 
4184 0.965426 
4185 0.964837 
4186 0.964837 
4187 0.964981 
4188 0.964981 
4189 0.966499 
4190 0.966499 
4191 0.967857 
4192 0.967857 
4193 0.968341 
4194 0.968341 
4195 0.971587 
4196 0.971587 
4197 0.971864 
4198 0.971864 
4199 0.972235 
4200 0.972235 
4201 0.972672 
4202 0.972672 
4203 0.972851 
4204 0.972851 
4205 0.972176 
4206 0.972176 
4207 0.973027 
4208 0.973027 
4209 0.973912 
4210 0.973912 
4211 0.974002 
4212 0.974002 
4213 0.974849 
4214 0.974849 
4215 0.974810 
4216 0.974810 
4217 0.974150 
4218 0.974150 
4219 0.974712 
4220 0.974712 
4221 0.975934 
4222 0.975934 
4223 0.975645 
4224 0.975645 
4225 0.976055 
4226 0.976055 
4227 0.975563 
4228 0.975563 
4229 0.975481 
4230 0.975481 
4231 0.975735 
4232 0.975735 
4233 0.976008 
4234 0.976008 
4235 0.978021 
4236 0.978021 
4237 0.978474 
4238 0.978474 
4239 0.979906 
4240 0.979906 
4241 0.978458 
4242 0.978458 
4243 0.976445 
4244 0.976445 
4245 0.975422 
4246 0.975422 
4247 0.976425 
4248 0.976425 
4249 0.976804 
4250 0.976804 
4251 0.976285 
4252 0.976285 
4253 0.975941 
4254 0.975941 
4255 0.977420 
4256 0.977420 
4257 0.978833 
4258 0.978833 
4259 0.979703 
4260 0.979703 
4261 0.979461 
4262 0.979461 
4263 0.979590 
4264 0.979590 
4265 0.980865 
4266 0.980865 
4267 0.982255 
4268 0.982255 
4269 0.983331 
4270 0.983331 
4271 0.982867 
4272 0.982867 
4273 0.982887 
4274 0.982887 
4275 0.984506 
4276 0.984506 
4277 0.986277 
4278 0.986277 
4279 0.985860 
4280 0.985860 
4281 0.985087 
4282 0.985087 
4283 0.984588 
4284 0.984588 
4285 0.985552 
4286 0.985552 
4287 0.985399 
4288 0.985399 
4289 0.984268 
4290 0.984268 
4291 0.985497 
4292 0.985497 
4293 0.985325 
4294 0.985325 
4295 0.986835 
4296 0.986835 
4297 0.987475 
4298 0.987475 
4299 0.988010 
4300 0.988010 
4301 0.988314 
4302 0.988314 
4303 0.989707 
4304 0.989707 
4305 0.989528 
4306 0.989528 
4307 0.987518 
4308 0.987518 
4309 0.987530 
4310 0.987530 
4311 0.988045 
4312 0.988045 
4313 0.988513 
4314 0.988513 
4315 0.987448 
4316 0.987448 
4317 0.987097 
4318 0.987097 
4319 0.988131 
4320 0.988131 
4321 0.989180 
4322 0.989180 
4323 0.988919 
4324 0.988919 
4325 0.988119 
4326 0.988119 
4327 0.988665 
4328 0.988665 
4329 0.987565 
4330 0.987565 
4331 0.986757 
4332 0.986757 
4333 0.987050 
4334 0.987050 
4335 0.986968 
4336 0.986968 
4337 0.986683 
4338 0.986683 
4339 0.987206 
4340 0.987206 
4341 0.987237 
4342 0.987237 
4343 0.987569 
4344 0.987569 
4345 0.985926 
4346 0.985926 
4347 0.985934 
4348 0.985934 
4349 0.986309 
4350 0.986309 
4351 0.986621 
4352 0.986621 
4353 0.987069 
4354 0.987069 
4355 0.987998 
4356 0.987998 
4357 0.988092 
4358 0.988092 
4359 0.988899 
4360 0.988899 
4361 0.988552 
4362 0.988552 
4363 0.988911 
4364 0.988911 
4365 0.987690 
4366 0.987690 
4367 0.987456 
4368 0.987456 
4369 0.986609 
4370 0.986609 
4371 0.986102 
4372 0.986102 
4373 0.985848 
4374 0.985848 
4375 0.985587 
4376 0.985587 
4377 0.985060 
4378 0.985060 
4379 0.984190 
4380 0.984190 
4381 0.981107 
4382 0.981107 
4383 0.977806 
4384 0.977806 
4385 0.976394 
4386 0.976394 
4387 0.973729 
4388 0.973729 
4389 0.972683 
4390 0.972683 
4391 0.970666 
4392 0.970666 
4393 0.961337 
4394 0.961337 
4395 0.944817 
4396 0.944817 
4397 0.935827 
4398 0.935827 
4399 0.920618 
4400 0.920618 
4401 0.905213 
4402 0.905213 
4403 0.896321 
4404 0.896321 
4405 0.885653 
4406 0.885653 
4407 0.886633 
4408 0.886633 
4409 0.861493 
4410 0.861493 
4411 0.823392 
4412 0.823392 
4413 0.839253 
4414 0.839253 
4415 0.862360 
4416 0.862360 
4417 0.937337 
4418 0.937337 
4419 0.972340 
4420 0.972340 
4421 0.983991 
4422 0.983991 
4423 0.984947 
4424 0.984947 
4425 0.985392 
4426 0.985392 
4427 0.984861 
4428 0.984861 
4429 0.983023 
4430 0.983023 
4431 0.981244 
4432 0.981244 
4433 0.980889 
4434 0.980889 
4435 0.979609 
4436 0.979609 
4437 0.979496 
4438 0.979496 
4439 0.977541 
4440 0.977541 
4441 0.978037 
4442 0.978037 
4443 0.976312 
4444 0.976312 
4445 0.975789 
4446 0.975789 
4447 0.974065 
4448 0.974065 
4449 0.972539 
4450 0.972539 
4451 0.969901 
4452 0.969901 
4453 0.965805 
4454 0.965805 
4455 0.964739 
4456 0.964739 
4457 0.964224 
4458 0.964224 
4459 0.960283 
4460 0.960283 
4461 0.958649 
4462 0.958649 
4463 0.955051 
4464 0.955051 
4465 0.950861 
4466 0.950861 
4467 0.950236 
4468 0.950236 
4469 0.948660 
4470 0.948660 
4471 0.958493 
4472 0.958493 
4473 0.962219 
4474 0.962219 
4475 0.963838 
4476 0.963838 
4477 0.969780 
4478 0.969780 
4479 0.969246 
4480 0.969246 
4481 0.972122 
4482 0.972122 
4483 0.960010 
4484 0.960010 
4485 0.957864 
4486 0.957864 
4487 0.936912 
4488 0.936912 
4489 0.928172 
4490 0.928172 
4491 0.926474 
4492 0.926474 
4493 0.932249 
4494 0.932249 
4495 0.925296 
4496 0.925296 
4497 0.930825 
4498 0.930825 
4499 0.937274 
4500 0.937274 
4501 0.949530 
4502 0.949530 
4503 0.963077 
4504 0.963077 
4505 0.971478 
4506 0.971478 
4507 0.979535 
4508 0.979535 
4509 0.981045 
4510 0.981045 
4511 0.980374 
4512 0.980374 
4513 0.981318 
4514 0.981318 
4515 0.983164 
4516 0.983164 
4517 0.984237 
4518 0.984237 
4519 0.981923 
4520 0.981923 
4521 0.982083 
4522 0.982083 
4523 0.982672 
4524 0.982672 
4525 0.983819 
4526 0.983819 
4527 0.983741 
4528 0.983741 
4529 0.983757 
4530 0.983757 
4531 0.984978 
4532 0.984978 
4533 0.983995 
4534 0.983995 
4535 0.984311 
4536 0.984311 
4537 0.983964 
4538 0.983964 
4539 0.983160 
4540 0.983160 
4541 0.983616 
4542 0.983616 
4543 0.984845 
4544 0.984845 
4545 0.984896 
4546 0.984896 
4547 0.984346 
4548 0.984346 
4549 0.985103 
4550 0.985103 
4551 0.983105 
4552 0.983105 
4553 0.981420 
4554 0.981420 
4555 0.980546 
4556 0.980546 
4557 0.980795 
4558 0.980795 
4559 0.983109 
4560 0.983109 
4561 0.981685 
4562 0.981685 
4563 0.980530 
4564 0.980530 
4565 0.981942 
4566 0.981942 
4567 0.983222 
4568 0.983222 
4569 0.983160 
4570 0.983160 
4571 0.983082 
4572 0.983082 
4573 0.982965 
4574 0.982965 
4575 0.984014 
4576 0.984014 
4577 0.984990 
4578 0.984990 
4579 0.984533 
4580 0.984533 
4581 0.983546 
4582 0.983546 
4583 0.983815 
4584 0.983815 
4585 0.983066 
4586 0.983066 
4587 0.982555 
4588 0.982555 
4589 0.980670 
4590 0.980670 
4591 0.979937 
4592 0.979937 
4593 0.981919 
4594 0.981919 
4595 0.982348 
4596 0.982348 
4597 0.981704 
4598 0.981704 
4599 0.981369 
4600 0.981369 
4601 0.979804 
4602 0.979804 
4603 0.977721 
4604 0.977721 
4605 0.976332 
4606 0.976332 
4607 0.977128 
4608 0.977128 
4609 0.977385 
4610 0.977385 
4611 0.978185 
4612 0.978185 
4613 0.976972 
4614 0.976972 
4615 0.980553 
4616 0.980553 
4617 0.980553 
4618 0.980553 
4619 0.980265 
4620 0.980265 
4621 0.982606 
4622 0.982606 
4623 0.980214 
4624 0.980214 
4625 0.980331 
4626 0.980331 
4627 0.980787 
4628 0.980787 
4629 0.982699 
4630 0.982699 
4631 0.983281 
4632 0.983281 
4633 0.983168 
4634 0.983168 
4635 0.983671 
4636 0.983671 
4637 0.984432 
4638 0.984432 
4639 0.984186 
4640 0.984186 
4641 0.981568 
4642 0.981568 
4643 0.981650 
4644 0.981650 
4645 0.980709 
4646 0.980709 
4647 0.983683 
4648 0.983683 
4649 0.982926 
4650 0.982926 
4651 0.982973 
4652 0.982973 
4653 0.983378 
4654 0.983378 
4655 0.983062 
4656 0.983062 
4657 0.983449 
4658 0.983449 
4659 0.985790 
4660 0.985790 
4661 0.985805 
4662 0.985805 
4663 0.987432 
4664 0.987432 
4665 0.987475 
4666 0.987475 
4667 0.987741 
4668 0.987741 
4669 0.988361 
4670 0.988361 
4671 0.988958 
4672 0.988958 
4673 0.987635 
4674 0.987635 
4675 0.985317 
4676 0.985317 
4677 0.983164 
4678 0.983164 
4679 0.980705 
4680 0.980705 
4681 0.979988 
4682 0.979988 
4683 0.979043 
4684 0.979043 
4685 0.977639 
4686 0.977639 
4687 0.971630 
4688 0.971630 
4689 0.966542 
4690 0.966542 
4691 0.965063 
4692 0.965063 
4693 0.958809 
4694 0.958809 
4695 0.954037 
4696 0.954037 
4697 0.956187 
4698 0.956187 
4699 0.959854 
4700 0.959854 
4701 0.961052 
4702 0.961052 
4703 0.962781 
4704 0.962781 
4705 0.964856 
4706 0.964856 
4707 0.964263 
4708 0.964263 
4709 0.966082 
4710 0.966082 
4711 0.974588 
4712 0.974588 
4713 0.981111 
4714 0.981111 
4715 0.983355 
4716 0.983355 
4717 0.987237 
4718 0.987237 
4719 0.988693 
4720 0.988693 
4721 0.988759 
4722 0.988759 
4723 0.987889 
4724 0.987889 
4725 0.986843 
4726 0.986843 
4727 0.985532 
4728 0.985532 
4729 0.984217 
4730 0.984217 
4731 0.981552 
4732 0.981552 
4733 0.981857 
4734 0.981857 
4735 0.981985 
4736 0.981985 
4737 0.982711 
4738 0.982711 
4739 0.984970 
4740 0.984970 
4741 0.986348 
4742 0.986348 
4743 0.986945 
4744 0.986945 
4745 0.985224 
4746 0.985224 
4747 0.982973 
4748 0.982973 
4749 0.954520 
4750 0.954520 
4751 0.939331 
4752 0.939331 
4753 0.831812 
4754 0.831812 
4755 0.727743 
4756 0.727743 
4757 0.642629 
4758 0.642629 
4759 0.408906 
4760 0.408906 
4761 0.336890 
4762 0.336890 
4763 0.299094 
4764 0.299094 
4765 0.259010 
4766 0.259010 
4767 0.232252 
4768 0.232252 
4769 0.175894 
4770 0.175894 
4771 0.159034 
4772 0.159034 
4773 0.137539 
4774 0.137539 
4775 0.125635 
4776 0.125635 
4777 0.106110 
4778 0.106110 
4779 0.094264 
4780 0.094264 
4781 0.081626 
4782 0.081626 
4783 0.068711 
4784 0.068711 
4785 0.066487 
4786 0.066487 
4787 0.066058 
4788 0.066058 
4789 0.065469 
4790 0.065469 
4791 0.064567 
4792 0.064567 
4793 0.064587 
4794 0.064587 
4795 0.059655 
4796 0.059655 
4797 0.059171 
4798 0.059171 
4799 0.058387 
4800 0.058387 
4801 0.057844 
4802 0.057844 
4803 0.056869 
4804 0.056869 
4805 0.056631 
4806 0.056631 
4807 0.056662 
4808 0.056662 
4809 0.056448 
4810 0.056448 
4811 0.058309 
4812 0.058309 
4813 0.060357 
4814 0.060357 
4815 0.063455 
4816 0.063455 
4817 0.067720 
4818 0.067720 
4819 0.091029 
4820 0.091029 
4821 0.089972 
4822 0.089972 
4823 0.091049 
4824 0.091049 
4825 0.091064 
4826 0.091064 
4827 0.092563 
4828 0.092563 
4829 0.093324 
4830 0.093324 
4831 0.093281 
4832 0.093281 
4833 0.095220 
4834 0.095220 
4835 0.095029 
4836 0.095029 
4837 0.095676 
4838 0.095676 
4839 0.097807 
4840 0.097807 
4841 0.099184 
4842 0.099184 
4843 0.100444 
4844 0.100444 
4845 0.102895 
4846 0.102895 
4847 0.104932 
4848 0.104932 
4849 0.107159 
4850 0.107159 
4851 0.110203 
4852 0.110203 
4853 0.112466 
4854 0.112466 
4855 0.114378 
4856 0.114378 
4857 0.114862 
4858 0.114862 
4859 0.101463 
4860 0.101463 
4861 0.103289 
4862 0.103289 
4863 0.104537 
4864 0.104537 
4865 0.104963 
4866 0.104963 
4867 0.106660 
4868 0.106660 
4869 0.108143 
4870 0.108143 
4871 0.110605 
4872 0.110605 
4873 0.114093 
4874 0.114093 
4875 0.115439 
4876 0.115439 
4877 0.116278 
4878 0.116278 
4879 0.118744 
4880 0.118744 
4881 0.120164 
4882 0.120164 
4883 0.103211 
4884 0.103211 
4885 0.103581 
4886 0.103581 
4887 0.105134 
4888 0.105134 
4889 0.105536 
4890 0.105536 
4891 0.106442 
4892 0.106442 
4893 0.107784 
4894 0.107784 
4895 0.110078 
4896 0.110078 
4897 0.113356 
4898 0.113356 
4899 0.113964 
4900 0.113964 
4901 0.116450 
4902 0.116450 
4903 0.116766 
4904 0.116766 
4905 0.116902 
4906 0.116902 
4907 0.118166 
4908 0.118166 
4909 0.099012 
4910 0.099012 
4911 0.098564 
4912 0.098564 
4913 0.098954 
4914 0.098954 
4915 0.101088 
4916 0.101088 
4917 0.135210 
4918 0.135210 
4919 0.165058 
4920 0.165058 
4921 0.191556 
4922 0.191556 
4923 0.201103 
4924 0.201103 
4925 0.211178 
4926 0.211178 
4927 0.229622 
4928 0.229622 
4929 0.258897 
4930 0.258897 
4931 0.279713 
4932 0.279713 
4933 0.304720 
4934 0.304720 
4935 0.371539 
4936 0.371539 
4937 0.397501 
4938 0.397501 
4939 0.514965 
4940 0.514965 
4941 0.594496 
4942 0.594496 
4943 0.643858 
4944 0.643858 
4945 0.685256 
4946 0.685256 
4947 0.712994 
4948 0.712994 
4949 0.719245 
4950 0.719245 
4951 0.724665 
4952 0.724665 
4953 0.716319 
4954 0.716319 
4955 0.652688 
4956 0.652688 
4957 0.555899 
4958 0.555899 
4959 0.249626 
4960 0.249626 
4961 0.174579 
4962 0.174579 
4963 0.131643 
4964 0.131643 
4965 0.089586 
4966 0.089586 
4967 0.103207 
4968 0.103207 
4969 0.137832 
4970 0.137832 
4971 0.193479 
4972 0.193479 
4973 0.236520 
4974 0.236520 
4975 0.268031 
4976 0.268031 
4977 0.301048 
4978 0.301048 
4979 0.312750 
4980 0.312750 
4981 0.314915 
4982 0.314915 
4983 0.322064 
4984 0.322064 
4985 0.317787 
4986 0.317787 
4987 0.314318 
4988 0.314318 
4989 0.304252 
4990 0.304252 
4991 0.284805 
4992 0.284805 
4993 0.272959 
4994 0.272959 
4995 0.250301 
4996 0.250301 
4997 0.236153 
4998 0.236153 
4999 0.224144 
5000 0.224144 
5001 0.191458 
5002 0.191458 
5003 0.165827 
5004 0.165827 
5005 0.145467 
5006 0.145467 
5007 0.119774 
5008 0.119774 
5009 0.128358 
5010 0.128358 
5011 0.118217 
5012 0.118217 
5013 0.106668 
5014 0.106668 
5015 0.101030 
5016 0.101030 
5017 0.097077 
5018 0.097077 
5019 0.099606 
5020 0.099606 
5021 0.118463 
5022 0.118463 
5023 0.130090 
5024 0.130090 
5025 0.133719 
5026 0.133719 
5027 0.136228 
5028 0.136228 
5029 0.133575 
5030 0.133575 
5031 0.126095 
5032 0.126095 
5033 0.117667 
5034 0.117667 
5035 0.114936 
5036 0.114936 
5037 0.114062 
5038 0.114062 
5039 0.113067 
5040 0.113067 
5041 0.112852 
5042 0.112852 
5043 0.106313 
5044 0.106313 
5045 0.102821 
5046 0.102821 
5047 0.104459 
5048 0.104459 
5049 0.116122 
5050 0.116122 
5051 0.136006 
5052 0.136006 
5053 0.155546 
5054 0.155546 
5055 0.184669 
5056 0.184669 
5057 0.214526 
5058 0.214526 
5059 0.262908 
5060 0.262908 
5061 0.303842 
5062 0.303842 
5063 0.351862 
5064 0.351862 
5065 0.391200 
5066 0.391200 
5067 0.457312 
5068 0.457312 
5069 0.506104 
5070 0.506104 
5071 0.548841 
5072 0.548841 
5073 0.590813 
5074 0.590813 
5075 0.618071 
5076 0.618071 
5077 0.640971 
5078 0.640971 
5079 0.662122 
5080 0.662122 
5081 0.685221 
5082 0.685221 
5083 0.730310 
5084 0.730310 
5085 0.687613 
5086 0.687613 
5087 0.611368 
5088 0.611368 
5089 0.450519 
5090 0.450519 
5091 0.355428 
5092 0.355428 
5093 0.338892 
5094 0.338892 
5095 0.325072 
5096 0.325072 
5097 0.310713 
5098 0.310713 
5099 0.303920 
5100 0.303920 
5101 0.301185 
5102 0.301185 
5103 0.296671 
5104 0.296671 
5105 0.295340 
5106 0.295340 
5107 0.300050 
5108 0.300050 
5109 0.375737 
5110 0.375737 
5111 0.363930 
5112 0.363930 
5113 0.347987 
5114 0.347987 
5115 0.334226 
5116 0.334226 
5117 0.325224 
5118 0.325224 
5119 0.324042 
5120 0.324042 
5121 0.325193 
5122 0.325193 
5123 0.326859 
5124 0.326859 
5125 0.333039 
5126 0.333039 
5127 0.339509 
5128 0.339509 
5129 0.340269 
5130 0.340269 
5131 0.341182 
5132 0.341182 
5133 0.423569 
5134 0.423569 
5135 0.421220 
5136 0.421220 
5137 0.421657 
5138 0.421657 
5139 0.422360 
5140 0.422360 
5141 0.421813 
5142 0.421813 
5143 0.421263 
5144 0.421263 
5145 0.420019 
5146 0.420019 
5147 0.419543 
5148 0.419543 
5149 0.419960 
5150 0.419960 
5151 0.421064 
5152 0.421064 
5153 0.420280 
5154 0.420280 
5155 0.421099 
5156 0.421099 
5157 0.421213 
5158 0.421213 
5159 0.399089 
5160 0.399089 
5161 0.398367 
5162 0.398367 
5163 0.400513 
5164 0.400513 
5165 0.399928 
5166 0.399928 
5167 0.399554 
5168 0.399554 
5169 0.401368 
5170 0.401368 
5171 0.403440 
5172 0.403440 
5173 0.405746 
5174 0.405746 
5175 0.407615 
5176 0.407615 
5177 0.409097 
5178 0.409097 
5179 0.410767 
5180 0.410767 
5181 0.411599 
5182 0.411599 
5183 0.348900 
5184 0.348900 
5185 0.348588 
5186 0.348588 
5187 0.353204 
5188 0.353204 
5189 0.355131 
5190 0.355131 
5191 0.356439 
5192 0.356439 
5193 0.357055 
5194 0.357055 
5195 0.323858 
5196 0.323858 
5197 0.324323 
5198 0.324323 
5199 0.326106 
5200 0.326106 
5201 0.331533 
5202 0.331533 
5203 0.334694 
5204 0.334694 
5205 0.338646 
5206 0.338646 
5207 0.339926 
5208 0.339926 
5209 0.342283 
5210 0.342283 
5211 0.344171 
5212 0.344171 
5213 0.345576 
5214 0.345576 
5215 0.346130 
5216 0.346130 
5217 0.346477 
5218 0.346477 
5219 0.000542 
5220 0.000542 
5221 0.030005 
5222 0.030005 
5223 0.075180 
5224 0.075180 
5225 0.103706 
5226 0.103706 
5227 0.127215 
5228 0.127215 
5229 0.143950 
5230 0.143950 
5231 0.168726 
5232 0.168726 
5233 0.191548 
5234 0.191548 
5235 0.207705 
5236 0.207705 
5237 0.220527 
5238 0.220527 
5239 0.232845 
5240 0.232845 
5241 0.242271 
5242 0.242271 
5243 0.253048 
5244 0.253048 
5245 0.339103 
5246 0.339103 
5247 0.341947 
5248 0.341947 
5249 0.345451 
5250 0.345451 
5251 0.353555 
5252 0.353555 
5253 0.359548 
5254 0.359548 
5255 0.363809 
5256 0.363809 
5257 0.377746 
5258 0.377746 
5259 0.393759 
5260 0.393759 
5261 0.414228 
5262 0.414228 
5263 0.443800 
5264 0.443800 
5265 0.456130 
5266 0.456130 
5267 0.436508 
5268 0.436508 
5269 0.211947 
5270 0.211947 
5271 0.222442 
5272 0.222442 
5273 0.225353 
5274 0.225353 
5275 0.232989 
5276 0.232989 
5277 0.235775 
5278 0.235775 
5279 0.237741 
5280 0.237741 
5281 0.239060 
5282 0.239060 
5283 0.233356 
5284 0.233356 
5285 0.234327 
5286 0.234327 
5287 0.231081 
5288 0.231081 
5289 0.252416 
5290 0.252416 
5291 0.288356 
5292 0.288356 
5293 0.341335 
5294 0.341335 
5295 0.393346 
5296 0.393346 
5297 0.460340 
5298 0.460340 
5299 0.526331 
5300 0.526331 
5301 0.564643 
5302 0.564643 
5303 0.651189 
5304 0.651189 
5305 0.712222 
5306 0.712222 
5307 0.745052 
5308 0.745052 
5309 0.775556 
5310 0.775556 
5311 0.807488 
5312 0.807488 
5313 0.823997 
5314 0.823997 
5315 0.837353 
5316 0.837353 
5317 0.853627 
5318 0.853627 
5319 0.916353 
5320 0.916353 
5321 0.917278 
5322 0.917278 
5323 0.920930 
5324 0.920930 
5325 0.924036 
5326 0.924036 
5327 0.927325 
5328 0.927325 
5329 0.929822 
5330 0.929822 
5331 0.932483 
5332 0.932483 
5333 0.934559 
5334 0.934559 
5335 0.937868 
5336 0.937868 
5337 0.939694 
5338 0.939694 
5339 0.939791 
5340 0.939791 
5341 0.939748 
5342 0.939748 
5343 0.938983 
5344 0.938983 
5345 0.889711 
5346 0.889711 
5347 0.899985 
5348 0.899985 
5349 0.903258 
5350 0.903258 
5351 0.906263 
5352 0.906263 
5353 0.913688 
5354 0.913688 
5355 0.916271 
5356 0.916271 
5357 0.917976 
5358 0.917976 
5359 0.923501 
5360 0.923501 
5361 0.925846 
5362 0.925846 
5363 0.883152 
5364 0.883152 
5365 0.858446 
5366 0.858446 
5367 0.756515 
5368 0.756515 
5369 0.631755 
5370 0.631755 
5371 0.637291 
5372 0.637291 
5373 0.631536 
5374 0.631536 
5375 0.630139 
5376 0.630139 
5377 0.619936 
5378 0.619936 
5379 0.603646 
5380 0.603646 
5381 0.586724 
5382 0.586724 
5383 0.564292 
5384 0.564292 
5385 0.553336 
5386 0.553336 
5387 0.554046 
5388 0.554046 
5389 0.561237 
5390 0.561237 
5391 0.561838 
5392 0.561838 
5393 0.568959 
5394 0.568959 
5395 0.580910 
5396 0.580910 
5397 0.590228 
5398 0.590228 
5399 0.592167 
5400 0.592167 
5401 0.587883 
5402 0.587883 
5403 0.582428 
5404 0.582428 
5405 0.578889 
5406 0.578889 
5407 0.573422 
5408 0.573422 
5409 0.569345 
5410 0.569345 
5411 0.561541 
5412 0.561541 
5413 0.557589 
5414 0.557589 
5415 0.555209 
5416 0.555209 
5417 0.562248 
5418 0.562248 
5419 0.572572 
5420 0.572572 
5421 0.586888 
5422 0.586888 
5423 0.600996 
5424 0.600996 
5425 0.619230 
5426 0.619230 
5427 0.627182 
5428 0.627182 
5429 0.632305 
5430 0.632305 
5431 0.644252 
5432 0.644252 
5433 0.652262 
5434 0.652262 
5435 0.669727 
5436 0.669727 
5437 0.683446 
5438 0.683446 
5439 0.690898 
5440 0.690898 
5441 0.697184 
5442 0.697184 
5443 0.705526 
5444 0.705526 
5445 0.717817 
5446 0.717817 
5447 0.720334 
5448 0.720334 
5449 0.725215 
5450 0.725215 
5451 0.727677 
5452 0.727677 
5453 0.731883 
5454 0.731883 
5455 0.733280 
5456 0.733280 
5457 0.735937 
5458 0.735937 
5459 0.735597 
5460 0.735597 
5461 0.737962 
5462 0.737962 
5463 0.751076 
5464 0.751076 
5465 0.767144 
5466 0.767144 
5467 0.774971 
5468 0.774971 
5469 0.835156 
5470 0.835156 
5471 0.836085 
5472 0.836085 
5473 0.834196 
5474 0.834196 
5475 0.834532 
5476 0.834532 
5477 0.836452 
5478 0.836452 
5479 0.838328 
5480 0.838328 
5481 0.838777 
5482 0.838777 
5483 0.840662 
5484 0.840662 
5485 0.845063 
5486 0.845063 
5487 0.845863 
5488 0.845863 
5489 0.847205 
5490 0.847205 
5491 0.850287 
5492 0.850287 
5493 0.854536 
5494 0.854536 
5495 0.904831 
5496 0.904831 
5497 0.921566 
5498 0.921566 
5499 0.960209 
5500 0.960209 
5501 0.973085 
5502 0.973085 
5503 0.976800 
5504 0.976800 
5505 0.977194 
5506 0.977194 
5507 0.978142 
5508 0.978142 
5509 0.978688 
5510 0.978688 
5511 0.980272 
5512 0.980272 
5513 0.980495 
5514 0.980495 
5515 0.980354 
5516 0.980354 
5517 0.980780 
5518 0.980780 
5519 0.981985 
5520 0.981985 
5521 0.982430 
5522 0.982430 
5523 0.982200 
5524 0.982200 
5525 0.981763 
5526 0.981763 
5527 0.981962 
5528 0.981962 
5529 0.982028 
5530 0.982028 
5531 0.981818 
5532 0.981818 
5533 0.981689 
5534 0.981689 
5535 0.981119 
5536 0.981119 
5537 0.980830 
5538 0.980830 
5539 0.980522 
5540 0.980522 
5541 0.980054 
5542 0.980054 
5543 0.980194 
5544 0.980194 
5545 0.980027 
5546 0.980027 
5547 0.980249 
5548 0.980249 
5549 0.979843 
5550 0.979843 
5551 0.979324 
5552 0.979324 
5553 0.979250 
5554 0.979250 
5555 0.978614 
5556 0.978614 
5557 0.978302 
5558 0.978302 
5559 0.977978 
5560 0.977978 
5561 0.978111 
5562 0.978111 
5563 0.977916 
5564 0.977916 
5565 0.977475 
5566 0.977475 
5567 0.976304 
5568 0.976304 
5569 0.974490 
5570 0.974490 
5571 0.974482 
5572 0.974482 
5573 0.974841 
5574 0.974841 
5575 0.974732 
5576 0.974732 
5577 0.973975 
5578 0.973975 
5579 0.973963 
5580 0.973963 
5581 0.973468 
5582 0.973468 
5583 0.973624 
5584 0.973624 
5585 0.973479 
5586 0.973479 
5587 0.973429 
5588 0.973429 
5589 0.973483 
5590 0.973483 
5591 0.973405 
5592 0.973405 
5593 0.974065 
5594 0.974065 
5595 0.973198 
5596 0.973198 
5597 0.973070 
5598 0.973070 
5599 0.973487 
5600 0.973487 
5601 0.973589 
5602 0.973589 
5603 0.972999 
5604 0.972999 
5605 0.972812 
5606 0.972812 
5607 0.972886 
5608 0.972886 
5609 0.973074 
5610 0.973074 
5611 0.971899 
5612 0.971899 
5613 0.971817 
5614 0.971817 
5615 0.971357 
5616 0.971357 
5617 0.971306 
5618 0.971306 
5619 0.968910 
5620 0.968910 
5621 0.968832 
5622 0.968832 
5623 0.969332 
5624 0.969332 
5625 0.969215 
5626 0.969215 
5627 0.968828 
5628 0.968828 
5629 0.969320 
5630 0.969320 
5631 0.969289 
5632 0.969289 
5633 0.969851 
5634 0.969851 
5635 0.970943 
5636 0.970943 
5637 0.970764 
5638 0.970764 
5639 0.971037 
5640 0.971037 
5641 0.971427 
5642 0.971427 
5643 0.971973 
5644 0.971973 
5645 0.971423 
5646 0.971423 
5647 0.971766 
5648 0.971766 
5649 0.971548 
5650 0.971548 
5651 0.971212 
5652 0.971212 
5653 0.971380 
5654 0.971380 
5655 0.971415 
5656 0.971415 
5657 0.971407 
5658 0.971407 
5659 0.971997 
5660 0.971997 
5661 0.972032 
5662 0.972032 
5663 0.972250 
5664 0.972250 
5665 0.971903 
5666 0.971903 
5667 0.972184 
5668 0.972184 
5669 0.973401 
5670 0.973401 
5671 0.973339 
5672 0.973339 
5673 0.973253 
5674 0.973253 
5675 0.973409 
5676 0.973409 
5677 0.973472 
5678 0.973472 
5679 0.973632 
5680 0.973632 
5681 0.973674 
5682 0.973674 
5683 0.973616 
5684 0.973616 
5685 0.973604 
5686 0.973604 
5687 0.973557 
5688 0.973557 
5689 0.973518 
5690 0.973518 
5691 0.973858 
5692 0.973858 
5693 0.973553 
5694 0.973553 
5695 0.973483 
5696 0.973483 
5697 0.973752 
5698 0.973752 
5699 0.973905 
5700 0.973905 
5701 0.973870 
5702 0.973870 
5703 0.974100 
5704 0.974100 
5705 0.973616 
5706 0.973616 
5707 0.973374 
5708 0.973374 
5709 0.974186 
5710 0.974186 
5711 0.974560 
5712 0.974560 
5713 0.974041 
5714 0.974041 
5715 0.974533 
5716 0.974533 
5717 0.974365 
5718 0.974365 
5719 0.973951 
5720 0.973951 
5721 0.973963 
5722 0.973963 
5723 0.973924 
5724 0.973924 
5725 0.973682 
5726 0.973682 
5727 0.973858 
5728 0.973858 
5729 0.973928 
5730 0.973928 
5731 0.973604 
5732 0.973604 
5733 0.973581 
5734 0.973581 
5735 0.973854 
5736 0.973854 
Time taken: 359.741965
