1 0.167102 
2 0.167102 
3 0.167102 
4 0.167102 
5 0.167102 
6 0.214093 
7 0.214093 
8 0.214093 
9 0.214093 
10 0.214093 
11 0.263737 
12 0.263737 
13 0.263737 
14 0.263737 
15 0.263737 
16 0.281072 
17 0.281072 
18 0.281072 
19 0.281072 
20 0.281072 
21 0.281598 
22 0.281598 
23 0.281598 
24 0.281598 
25 0.281598 
26 0.285969 
27 0.285969 
28 0.285969 
29 0.285969 
30 0.285969 
31 0.295983 
32 0.295983 
33 0.295983 
34 0.295983 
35 0.295983 
36 0.307570 
37 0.307570 
38 0.307570 
39 0.307570 
40 0.307570 
41 0.305686 
42 0.305686 
43 0.305686 
44 0.305686 
45 0.305686 
46 0.299298 
47 0.299298 
48 0.299298 
49 0.299298 
50 0.299298 
51 0.290972 
52 0.290972 
53 0.290972 
54 0.290972 
55 0.290972 
56 0.283030 
57 0.283030 
58 0.283030 
59 0.283030 
60 0.283030 
61 0.277117 
62 0.277117 
63 0.277117 
64 0.277117 
65 0.277117 
66 0.271910 
67 0.271910 
68 0.271910 
69 0.271910 
70 0.271910 
71 0.275512 
72 0.275512 
73 0.275512 
74 0.275512 
75 0.275512 
76 0.274123 
77 0.274123 
78 0.274123 
79 0.274123 
80 0.274123 
81 0.278028 
82 0.278028 
83 0.278028 
84 0.278028 
85 0.278028 
86 0.317277 
87 0.317277 
88 0.317277 
89 0.317277 
90 0.317277 
91 0.382039 
92 0.382039 
93 0.382039 
94 0.382039 
95 0.382039 
96 0.421685 
97 0.421685 
98 0.421685 
99 0.421685 
100 0.421685 
101 0.442803 
102 0.442803 
103 0.442803 
104 0.442803 
105 0.442803 
106 0.452040 
107 0.452040 
108 0.452040 
109 0.452040 
110 0.452040 
111 0.461484 
112 0.461484 
113 0.461484 
114 0.461484 
115 0.461484 
116 0.469461 
117 0.469461 
118 0.469461 
119 0.469461 
120 0.469461 
121 0.491513 
122 0.491513 
123 0.491513 
124 0.491513 
125 0.491513 
126 0.492219 
127 0.492219 
128 0.492219 
129 0.492219 
130 0.492219 
131 0.479239 
132 0.479239 
133 0.479239 
134 0.479239 
135 0.479239 
136 0.476030 
137 0.476030 
138 0.476030 
139 0.476030 
140 0.476030 
141 0.461527 
142 0.461527 
143 0.461527 
144 0.461527 
145 0.461527 
146 0.446024 
147 0.446024 
148 0.446024 
149 0.446024 
150 0.446024 
151 0.433672 
152 0.433672 
153 0.433672 
154 0.433672 
155 0.433672 
156 0.423164 
157 0.423164 
158 0.423164 
159 0.423164 
160 0.423164 
161 0.413080 
162 0.413080 
163 0.413080 
164 0.413080 
165 0.413080 
166 0.407540 
167 0.407540 
168 0.407540 
169 0.407540 
170 0.407540 
171 0.408697 
172 0.408697 
173 0.408697 
174 0.408697 
175 0.408697 
176 0.398594 
177 0.398594 
178 0.398594 
179 0.398594 
180 0.398594 
181 0.394132 
182 0.394132 
183 0.394132 
184 0.394132 
185 0.394132 
186 0.386045 
187 0.386045 
188 0.386045 
189 0.386045 
190 0.386045 
191 0.381761 
192 0.381761 
193 0.381761 
194 0.381761 
195 0.381761 
196 0.380223 
197 0.380223 
198 0.380223 
199 0.380223 
200 0.380223 
201 0.379175 
202 0.379175 
203 0.379175 
204 0.379175 
205 0.379175 
206 0.378763 
207 0.378763 
208 0.378763 
209 0.378763 
210 0.378763 
211 0.379246 
212 0.379246 
213 0.379246 
214 0.379246 
215 0.379246 
216 0.379658 
217 0.379658 
218 0.379658 
219 0.379658 
220 0.379658 
221 0.394768 
222 0.394768 
223 0.394768 
224 0.394768 
225 0.394768 
226 0.391786 
227 0.391786 
228 0.391786 
229 0.391786 
230 0.391786 
231 0.387128 
232 0.387128 
233 0.387128 
234 0.387128 
235 0.387128 
236 0.385202 
237 0.385202 
238 0.385202 
239 0.385202 
240 0.385202 
241 0.385653 
242 0.385653 
243 0.385653 
244 0.385653 
245 0.385653 
246 0.379324 
247 0.379324 
248 0.379324 
249 0.379324 
250 0.379324 
251 0.380462 
252 0.380462 
253 0.380462 
254 0.380462 
255 0.380462 
256 0.377087 
257 0.377087 
258 0.377087 
259 0.377087 
260 0.377087 
261 0.376581 
262 0.376581 
263 0.376581 
264 0.376581 
265 0.376581 
266 0.376758 
267 0.376758 
268 0.376758 
269 0.376758 
270 0.376758 
271 0.376703 
272 0.376703 
273 0.376703 
274 0.376703 
275 0.376703 
276 0.374043 
277 0.374043 
278 0.374043 
279 0.374043 
280 0.374043 
281 0.376118 
282 0.376118 
283 0.376118 
284 0.376118 
285 0.376118 
286 0.380666 
287 0.380666 
288 0.380666 
289 0.380666 
290 0.380666 
291 0.377064 
292 0.377064 
293 0.377064 
294 0.377064 
295 0.377064 
296 0.374592 
297 0.374592 
298 0.374592 
299 0.374592 
300 0.374592 
301 0.371021 
302 0.371021 
303 0.371021 
304 0.371021 
305 0.371021 
306 0.371025 
307 0.371025 
308 0.371025 
309 0.371025 
310 0.371025 
311 0.372155 
312 0.372155 
313 0.372155 
314 0.372155 
315 0.372155 
316 0.371806 
317 0.371806 
318 0.371806 
319 0.371806 
320 0.371806 
321 0.378323 
322 0.378323 
323 0.378323 
324 0.378323 
325 0.378323 
326 0.376299 
327 0.376299 
328 0.376299 
329 0.376299 
330 0.376299 
331 0.376299 
332 0.376299 
333 0.376299 
334 0.376299 
335 0.376299 
336 0.375400 
337 0.375400 
338 0.375400 
339 0.375400 
340 0.375400 
341 0.379818 
342 0.379818 
343 0.379818 
344 0.379818 
345 0.379818 
346 0.409569 
347 0.409569 
348 0.409569 
349 0.409569 
350 0.409569 
351 0.424036 
352 0.424036 
353 0.424036 
354 0.424036 
355 0.424036 
356 0.425315 
357 0.425315 
358 0.425315 
359 0.425315 
360 0.425315 
361 0.426021 
362 0.426021 
363 0.426021 
364 0.426021 
365 0.426021 
366 0.422207 
367 0.422207 
368 0.422207 
369 0.422207 
370 0.422207 
371 0.420104 
372 0.420104 
373 0.420104 
374 0.420104 
375 0.420104 
376 0.417157 
377 0.417157 
378 0.417157 
379 0.417157 
380 0.417157 
381 0.409965 
382 0.409965 
383 0.409965 
384 0.409965 
385 0.409965 
386 0.410600 
387 0.410600 
388 0.410600 
389 0.410600 
390 0.410600 
391 0.423467 
392 0.423467 
393 0.423467 
394 0.423467 
395 0.423467 
396 0.429682 
397 0.429682 
398 0.429682 
399 0.429682 
400 0.429682 
401 0.436144 
402 0.436144 
403 0.436144 
404 0.436144 
405 0.436144 
406 0.445287 
407 0.445287 
408 0.445287 
409 0.445287 
410 0.445287 
411 0.462850 
412 0.462850 
413 0.462850 
414 0.462850 
415 0.462850 
416 0.489900 
417 0.489900 
418 0.489900 
419 0.489900 
420 0.489900 
421 0.536334 
422 0.536334 
423 0.536334 
424 0.536334 
425 0.536334 
426 0.569161 
427 0.569161 
428 0.569161 
429 0.569161 
430 0.569161 
431 0.602132 
432 0.602132 
433 0.602132 
434 0.602132 
435 0.602132 
436 0.636249 
437 0.636249 
438 0.636249 
439 0.636249 
440 0.636249 
441 0.656253 
442 0.656253 
443 0.656253 
444 0.656253 
445 0.656253 
446 0.681436 
447 0.681436 
448 0.681436 
449 0.681436 
450 0.681436 
451 0.697331 
452 0.697331 
453 0.697331 
454 0.697331 
455 0.697331 
456 0.706191 
457 0.706191 
458 0.706191 
459 0.706191 
460 0.706191 
461 0.722235 
462 0.722235 
463 0.722235 
464 0.722235 
465 0.722235 
466 0.732280 
467 0.732280 
468 0.732280 
469 0.732280 
470 0.732280 
471 0.744742 
472 0.744742 
473 0.744742 
474 0.744742 
475 0.744742 
476 0.745860 
477 0.745860 
478 0.745860 
479 0.745860 
480 0.745860 
481 0.744985 
482 0.744985 
483 0.744985 
484 0.744985 
485 0.744985 
486 0.744338 
487 0.744338 
488 0.744338 
489 0.744338 
490 0.744338 
491 0.743102 
492 0.743102 
493 0.743102 
494 0.743102 
495 0.743102 
496 0.738778 
497 0.738778 
498 0.738778 
499 0.738778 
500 0.738778 
501 0.748179 
502 0.748179 
503 0.748179 
504 0.748179 
505 0.748179 
506 0.759437 
507 0.759437 
508 0.759437 
509 0.759437 
510 0.759437 
511 0.771259 
512 0.771259 
513 0.771259 
514 0.771259 
515 0.771259 
516 0.791211 
517 0.791211 
518 0.791211 
519 0.791211 
520 0.791211 
521 0.845383 
522 0.845383 
523 0.845383 
524 0.845383 
525 0.845383 
526 0.890334 
527 0.890334 
528 0.890334 
529 0.890334 
530 0.890334 
531 0.913241 
532 0.913241 
533 0.913241 
534 0.913241 
535 0.913241 
536 0.922972 
537 0.922972 
538 0.922972 
539 0.922972 
540 0.922972 
541 0.926139 
542 0.926139 
543 0.926139 
544 0.926139 
545 0.926139 
546 0.953295 
547 0.953295 
548 0.953295 
549 0.953295 
550 0.953295 
551 0.953099 
552 0.953099 
553 0.953099 
554 0.953099 
555 0.953099 
556 0.954602 
557 0.954602 
558 0.954602 
559 0.954602 
560 0.954602 
561 0.953554 
562 0.953554 
563 0.953554 
564 0.953554 
565 0.953554 
566 0.953825 
567 0.953825 
568 0.953825 
569 0.953825 
570 0.953825 
571 0.945714 
572 0.945714 
573 0.945714 
574 0.945714 
575 0.945714 
576 0.946629 
577 0.946629 
578 0.946629 
579 0.946629 
580 0.946629 
581 0.947425 
582 0.947425 
583 0.947425 
584 0.947425 
585 0.947425 
586 0.948912 
587 0.948912 
588 0.948912 
589 0.948912 
590 0.948912 
591 0.951157 
592 0.951157 
593 0.951157 
594 0.951157 
595 0.951157 
596 0.967366 
597 0.967366 
598 0.967366 
599 0.967366 
600 0.967366 
601 0.971988 
602 0.971988 
603 0.971988 
604 0.971988 
605 0.971988 
606 0.974951 
607 0.974951 
608 0.974951 
609 0.974951 
610 0.974951 
611 0.976881 
612 0.976881 
613 0.976881 
614 0.976881 
615 0.976881 
616 0.976630 
617 0.976630 
618 0.976630 
619 0.976630 
620 0.976630 
621 0.980216 
622 0.980216 
623 0.980216 
624 0.980216 
625 0.980216 
626 0.980393 
627 0.980393 
628 0.980393 
629 0.980393 
630 0.980393 
631 0.980734 
632 0.980734 
633 0.980734 
634 0.980734 
635 0.980734 
636 0.981597 
637 0.981597 
638 0.981597 
639 0.981597 
640 0.981597 
641 0.982292 
642 0.982292 
643 0.982292 
644 0.982292 
645 0.982292 
646 0.981025 
647 0.981025 
648 0.981025 
649 0.981025 
650 0.981025 
651 0.981550 
652 0.981550 
653 0.981550 
654 0.981550 
655 0.981550 
656 0.980409 
657 0.980409 
658 0.980409 
659 0.980409 
660 0.980409 
661 0.979914 
662 0.979914 
663 0.979914 
664 0.979914 
665 0.979914 
666 0.979777 
667 0.979777 
668 0.979777 
669 0.979777 
670 0.979777 
671 0.979875 
672 0.979875 
673 0.979875 
674 0.979875 
675 0.979875 
676 0.979667 
677 0.979667 
678 0.979667 
679 0.979667 
680 0.979667 
681 0.979863 
682 0.979863 
683 0.979863 
684 0.979863 
685 0.979863 
686 0.980216 
687 0.980216 
688 0.980216 
689 0.980216 
690 0.980216 
691 0.980279 
692 0.980279 
693 0.980279 
694 0.980279 
695 0.980279 
696 0.979628 
697 0.979628 
698 0.979628 
699 0.979628 
700 0.979628 
701 0.979639 
702 0.979639 
703 0.979639 
704 0.979639 
705 0.979639 
706 0.979895 
707 0.979895 
708 0.979895 
709 0.979895 
710 0.979895 
711 0.980361 
712 0.980361 
713 0.980361 
714 0.980361 
715 0.980361 
716 0.980479 
717 0.980479 
718 0.980479 
719 0.980479 
720 0.980479 
721 0.979294 
722 0.979294 
723 0.979294 
724 0.979294 
725 0.979294 
726 0.979412 
727 0.979412 
728 0.979412 
729 0.979412 
730 0.979412 
731 0.979537 
732 0.979537 
733 0.979537 
734 0.979537 
735 0.979537 
736 0.979333 
737 0.979333 
738 0.979333 
739 0.979333 
740 0.979333 
741 0.979082 
742 0.979082 
743 0.979082 
744 0.979082 
745 0.979082 
746 0.978914 
747 0.978914 
748 0.978914 
749 0.978914 
750 0.978914 
751 0.978639 
752 0.978639 
753 0.978639 
754 0.978639 
755 0.978639 
756 0.978694 
757 0.978694 
758 0.978694 
759 0.978694 
760 0.978694 
761 0.978886 
762 0.978886 
763 0.978886 
764 0.978886 
765 0.978886 
766 0.979216 
767 0.979216 
768 0.979216 
769 0.979216 
770 0.979216 
771 0.979420 
772 0.979420 
773 0.979420 
774 0.979420 
775 0.979420 
776 0.979063 
777 0.979063 
778 0.979063 
779 0.979063 
780 0.979063 
781 0.978651 
782 0.978651 
783 0.978651 
784 0.978651 
785 0.978651 
786 0.978502 
787 0.978502 
788 0.978502 
789 0.978502 
790 0.978502 
791 0.978046 
792 0.978046 
793 0.978046 
794 0.978046 
795 0.978046 
796 0.978392 
797 0.978392 
798 0.978392 
799 0.978392 
800 0.978392 
801 0.977317 
802 0.977317 
803 0.977317 
804 0.977317 
805 0.977317 
806 0.976893 
807 0.976893 
808 0.976893 
809 0.976893 
810 0.976893 
811 0.977097 
812 0.977097 
813 0.977097 
814 0.977097 
815 0.977097 
816 0.976477 
817 0.976477 
818 0.976477 
819 0.976477 
820 0.976477 
821 0.975276 
822 0.975276 
823 0.975276 
824 0.975276 
825 0.975276 
826 0.974715 
827 0.974715 
828 0.974715 
829 0.974715 
830 0.974715 
831 0.975347 
832 0.975347 
833 0.975347 
834 0.975347 
835 0.975347 
836 0.975614 
837 0.975614 
838 0.975614 
839 0.975614 
840 0.975614 
841 0.976100 
842 0.976100 
843 0.976100 
844 0.976100 
845 0.976100 
846 0.975688 
847 0.975688 
848 0.975688 
849 0.975688 
850 0.975688 
851 0.976053 
852 0.976053 
853 0.976053 
854 0.976053 
855 0.976053 
856 0.975727 
857 0.975727 
858 0.975727 
859 0.975727 
860 0.975727 
861 0.975822 
862 0.975822 
863 0.975822 
864 0.975822 
865 0.975822 
866 0.975904 
867 0.975904 
868 0.975904 
869 0.975904 
870 0.975904 
871 0.975888 
872 0.975888 
873 0.975888 
874 0.975888 
875 0.975888 
876 0.975802 
877 0.975802 
878 0.975802 
879 0.975802 
880 0.975802 
881 0.976112 
882 0.976112 
883 0.976112 
884 0.976112 
885 0.976112 
886 0.975998 
887 0.975998 
888 0.975998 
889 0.975998 
890 0.975998 
891 0.976159 
892 0.976159 
893 0.976159 
894 0.976159 
895 0.976159 
896 0.976116 
897 0.976116 
898 0.976116 
899 0.976116 
900 0.976116 
901 0.975786 
902 0.975786 
903 0.975786 
904 0.975786 
905 0.975786 
906 0.975308 
907 0.975308 
908 0.975308 
909 0.975308 
910 0.975308 
911 0.975865 
912 0.975865 
913 0.975865 
914 0.975865 
915 0.975865 
916 0.975810 
917 0.975810 
918 0.975810 
919 0.975810 
920 0.975810 
921 0.975908 
922 0.975908 
923 0.975908 
924 0.975908 
925 0.975908 
926 0.975959 
927 0.975959 
928 0.975959 
929 0.975959 
930 0.975959 
931 0.975833 
932 0.975833 
933 0.975833 
934 0.975833 
935 0.975833 
936 0.976163 
937 0.976163 
938 0.976163 
939 0.976163 
940 0.976163 
941 0.976226 
942 0.976226 
943 0.976226 
944 0.976226 
945 0.976226 
946 0.976218 
947 0.976218 
948 0.976218 
949 0.976218 
950 0.976218 
951 0.976351 
952 0.976351 
953 0.976351 
954 0.976351 
955 0.976351 
956 0.976030 
957 0.976030 
958 0.976030 
959 0.976030 
960 0.976030 
961 0.976512 
962 0.976512 
963 0.976512 
964 0.976512 
965 0.976512 
966 0.976528 
967 0.976528 
968 0.976528 
969 0.976528 
970 0.976528 
971 0.976226 
972 0.976226 
973 0.976226 
974 0.976226 
975 0.976226 
976 0.976010 
977 0.976010 
978 0.976010 
979 0.976010 
980 0.976010 
981 0.975433 
982 0.975433 
983 0.975433 
984 0.975433 
985 0.975433 
986 0.976120 
987 0.976120 
988 0.976120 
989 0.976120 
990 0.976120 
991 0.976226 
992 0.976226 
993 0.976226 
994 0.976226 
995 0.976226 
996 0.976077 
997 0.976077 
998 0.976077 
999 0.976077 
1000 0.976077 
1001 0.976728 
1002 0.976728 
1003 0.976728 
1004 0.976728 
1005 0.976728 
1006 0.976163 
1007 0.976163 
1008 0.976163 
1009 0.976163 
1010 0.976163 
1011 0.975343 
1012 0.975343 
1013 0.975343 
1014 0.975343 
1015 0.975343 
1016 0.975445 
1017 0.975445 
1018 0.975445 
1019 0.975445 
1020 0.975445 
1021 0.975759 
1022 0.975759 
1023 0.975759 
1024 0.975759 
1025 0.975759 
1026 0.975645 
1027 0.975645 
1028 0.975645 
1029 0.975645 
1030 0.975645 
1031 0.975500 
1032 0.975500 
1033 0.975500 
1034 0.975500 
1035 0.975500 
1036 0.976210 
1037 0.976210 
1038 0.976210 
1039 0.976210 
1040 0.976210 
1041 0.976599 
1042 0.976599 
1043 0.976599 
1044 0.976599 
1045 0.976599 
1046 0.976367 
1047 0.976367 
1048 0.976367 
1049 0.976367 
1050 0.976367 
1051 0.976387 
1052 0.976387 
1053 0.976387 
1054 0.976387 
1055 0.976387 
1056 0.976230 
1057 0.976230 
1058 0.976230 
1059 0.976230 
1060 0.976230 
1061 0.976002 
1062 0.976002 
1063 0.976002 
1064 0.976002 
1065 0.976002 
1066 0.976010 
1067 0.976010 
1068 0.976010 
1069 0.976010 
1070 0.976010 
1071 0.975751 
1072 0.975751 
1073 0.975751 
1074 0.975751 
1075 0.975751 
1076 0.976077 
1077 0.976077 
1078 0.976077 
1079 0.976077 
1080 0.976077 
1081 0.976300 
1082 0.976300 
1083 0.976300 
1084 0.976300 
1085 0.976300 
1086 0.976391 
1087 0.976391 
1088 0.976391 
1089 0.976391 
1090 0.976391 
1091 0.976650 
1092 0.976650 
1093 0.976650 
1094 0.976650 
1095 0.976650 
1096 0.976434 
1097 0.976434 
1098 0.976434 
1099 0.976434 
1100 0.976434 
1101 0.976006 
1102 0.976006 
1103 0.976006 
1104 0.976006 
1105 0.976006 
1106 0.975786 
1107 0.975786 
1108 0.975786 
1109 0.975786 
1110 0.975786 
1111 0.975877 
1112 0.975877 
1113 0.975877 
1114 0.975877 
1115 0.975877 
1116 0.976261 
1117 0.976261 
1118 0.976261 
1119 0.976261 
1120 0.976261 
1121 0.975955 
1122 0.975955 
1123 0.975955 
1124 0.975955 
1125 0.975955 
1126 0.976410 
1127 0.976410 
1128 0.976410 
1129 0.976410 
1130 0.976410 
1131 0.976088 
1132 0.976088 
1133 0.976088 
1134 0.976088 
1135 0.976088 
1136 0.976344 
1137 0.976344 
1138 0.976344 
1139 0.976344 
1140 0.976344 
1141 0.976500 
1142 0.976500 
1143 0.976500 
1144 0.976500 
1145 0.976500 
1146 0.976406 
1147 0.976406 
1148 0.976406 
1149 0.976406 
1150 0.976406 
1151 0.975990 
1152 0.975990 
1153 0.975990 
1154 0.975990 
1155 0.975990 
1156 0.976022 
1157 0.976022 
1158 0.976022 
1159 0.976022 
1160 0.976022 
1161 0.976657 
1162 0.976657 
1163 0.976657 
1164 0.976657 
1165 0.976657 
1166 0.975892 
1167 0.975892 
1168 0.975892 
1169 0.975892 
1170 0.975892 
1171 0.976222 
1172 0.976222 
1173 0.976222 
1174 0.976222 
1175 0.976222 
1176 0.976665 
1177 0.976665 
1178 0.976665 
1179 0.976665 
1180 0.976665 
1181 0.976536 
1182 0.976536 
1183 0.976536 
1184 0.976536 
1185 0.976536 
1186 0.975798 
1187 0.975798 
1188 0.975798 
1189 0.975798 
1190 0.975798 
1191 0.975798 
1192 0.975798 
1193 0.975798 
1194 0.975798 
1195 0.975798 
1196 0.976041 
1197 0.976041 
1198 0.976041 
1199 0.976041 
1200 0.976041 
1201 0.976100 
1202 0.976100 
1203 0.976100 
1204 0.976100 
1205 0.976100 
1206 0.975955 
1207 0.975955 
1208 0.975955 
1209 0.975955 
1210 0.975955 
1211 0.976324 
1212 0.976324 
1213 0.976324 
1214 0.976324 
1215 0.976324 
1216 0.976363 
1217 0.976363 
1218 0.976363 
1219 0.976363 
1220 0.976363 
1221 0.975865 
1222 0.975865 
1223 0.975865 
1224 0.975865 
1225 0.975865 
1226 0.976265 
1227 0.976265 
1228 0.976265 
1229 0.976265 
1230 0.976265 
1231 0.976697 
1232 0.976697 
1233 0.976697 
1234 0.976697 
1235 0.976697 
1236 0.975912 
1237 0.975912 
1238 0.975912 
1239 0.975912 
1240 0.975912 
1241 0.975818 
1242 0.975818 
1243 0.975818 
1244 0.975818 
1245 0.975818 
1246 0.975971 
1247 0.975971 
1248 0.975971 
1249 0.975971 
1250 0.975971 
1251 0.975688 
1252 0.975688 
1253 0.975688 
1254 0.975688 
1255 0.975688 
1256 0.975492 
1257 0.975492 
1258 0.975492 
1259 0.975492 
1260 0.975492 
1261 0.975351 
1262 0.975351 
1263 0.975351 
1264 0.975351 
1265 0.975351 
1266 0.975673 
1267 0.975673 
1268 0.975673 
1269 0.975673 
1270 0.975673 
1271 0.976139 
1272 0.976139 
1273 0.976139 
1274 0.976139 
1275 0.976139 
1276 0.976308 
1277 0.976308 
1278 0.976308 
1279 0.976308 
1280 0.976308 
1281 0.976037 
1282 0.976037 
1283 0.976037 
1284 0.976037 
1285 0.976037 
1286 0.975512 
1287 0.975512 
1288 0.975512 
1289 0.975512 
1290 0.975512 
1291 0.975724 
1292 0.975724 
1293 0.975724 
1294 0.975724 
1295 0.975724 
1296 0.975523 
1297 0.975523 
1298 0.975523 
1299 0.975523 
1300 0.975523 
1301 0.976139 
1302 0.976139 
1303 0.976139 
1304 0.976139 
1305 0.976139 
1306 0.976124 
1307 0.976124 
1308 0.976124 
1309 0.976124 
1310 0.976124 
1311 0.976108 
1312 0.976108 
1313 0.976108 
1314 0.976108 
1315 0.976108 
1316 0.976273 
1317 0.976273 
1318 0.976273 
1319 0.976273 
1320 0.976273 
1321 0.976712 
1322 0.976712 
1323 0.976712 
1324 0.976712 
1325 0.976712 
1326 0.976834 
1327 0.976834 
1328 0.976834 
1329 0.976834 
1330 0.976834 
1331 0.976701 
1332 0.976701 
1333 0.976701 
1334 0.976701 
1335 0.976701 
1336 0.976728 
1337 0.976728 
1338 0.976728 
1339 0.976728 
1340 0.976728 
1341 0.976744 
1342 0.976744 
1343 0.976744 
1344 0.976744 
1345 0.976744 
1346 0.976712 
1347 0.976712 
1348 0.976712 
1349 0.976712 
1350 0.976712 
1351 0.977018 
1352 0.977018 
1353 0.977018 
1354 0.977018 
1355 0.977018 
1356 0.977109 
1357 0.977109 
1358 0.977109 
1359 0.977109 
1360 0.977109 
1361 0.977089 
1362 0.977089 
1363 0.977089 
1364 0.977089 
1365 0.977089 
1366 0.976979 
1367 0.976979 
1368 0.976979 
1369 0.976979 
1370 0.976979 
1371 0.976991 
1372 0.976991 
1373 0.976991 
1374 0.976991 
1375 0.976991 
1376 0.977085 
1377 0.977085 
1378 0.977085 
1379 0.977085 
1380 0.977085 
1381 0.977156 
1382 0.977156 
1383 0.977156 
1384 0.977156 
1385 0.977156 
1386 0.976846 
1387 0.976846 
1388 0.976846 
1389 0.976846 
1390 0.976846 
1391 0.976752 
1392 0.976752 
1393 0.976752 
1394 0.976752 
1395 0.976752 
1396 0.976697 
1397 0.976697 
1398 0.976697 
1399 0.976697 
1400 0.976697 
1401 0.977175 
1402 0.977175 
1403 0.977175 
1404 0.977175 
1405 0.977175 
1406 0.977442 
1407 0.977442 
1408 0.977442 
1409 0.977442 
1410 0.977442 
1411 0.977105 
1412 0.977105 
1413 0.977105 
1414 0.977105 
1415 0.977105 
1416 0.977470 
1417 0.977470 
1418 0.977470 
1419 0.977470 
1420 0.977470 
1421 0.977638 
1422 0.977638 
1423 0.977638 
1424 0.977638 
1425 0.977638 
1426 0.978035 
1427 0.978035 
1428 0.978035 
1429 0.978035 
1430 0.978035 
1431 0.977760 
1432 0.977760 
1433 0.977760 
1434 0.977760 
1435 0.977760 
1436 0.976194 
1437 0.976194 
1438 0.976194 
1439 0.976194 
1440 0.976194 
1441 0.976265 
1442 0.976265 
1443 0.976265 
1444 0.976265 
1445 0.976265 
1446 0.976406 
1447 0.976406 
1448 0.976406 
1449 0.976406 
1450 0.976406 
1451 0.977164 
1452 0.977164 
1453 0.977164 
1454 0.977164 
1455 0.977164 
1456 0.977658 
1457 0.977658 
1458 0.977658 
1459 0.977658 
1460 0.977658 
1461 0.977242 
1462 0.977242 
1463 0.977242 
1464 0.977242 
1465 0.977242 
1466 0.977454 
1467 0.977454 
1468 0.977454 
1469 0.977454 
1470 0.977454 
1471 0.980310 
1472 0.980310 
1473 0.980310 
1474 0.980310 
1475 0.980310 
1476 0.979557 
1477 0.979557 
1478 0.979557 
1479 0.979557 
1480 0.979557 
1481 0.979785 
1482 0.979785 
1483 0.979785 
1484 0.979785 
1485 0.979785 
1486 0.978992 
1487 0.978992 
1488 0.978992 
1489 0.978992 
1490 0.978992 
1491 0.980424 
1492 0.980424 
1493 0.980424 
1494 0.980424 
1495 0.980424 
1496 0.980821 
1497 0.980821 
1498 0.980821 
1499 0.980821 
1500 0.980821 
1501 0.982959 
1502 0.982959 
1503 0.982959 
1504 0.982959 
1505 0.982959 
1506 0.984670 
1507 0.984670 
1508 0.984670 
1509 0.984670 
1510 0.984670 
1511 0.984827 
1512 0.984827 
1513 0.984827 
1514 0.984827 
1515 0.984827 
1516 0.986180 
1517 0.986180 
1518 0.986180 
1519 0.986180 
1520 0.986180 
1521 0.987526 
1522 0.987526 
1523 0.987526 
1524 0.987526 
1525 0.987526 
1526 0.987522 
1527 0.987522 
1528 0.987522 
1529 0.987522 
1530 0.987522 
1531 0.987507 
1532 0.987507 
1533 0.987507 
1534 0.987507 
1535 0.987507 
1536 0.988048 
1537 0.988048 
1538 0.988048 
1539 0.988048 
1540 0.988048 
1541 0.987283 
1542 0.987283 
1543 0.987283 
1544 0.987283 
1545 0.987283 
1546 0.986129 
1547 0.986129 
1548 0.986129 
1549 0.986129 
1550 0.986129 
1551 0.985961 
1552 0.985961 
1553 0.985961 
1554 0.985961 
1555 0.985961 
1556 0.986443 
1557 0.986443 
1558 0.986443 
1559 0.986443 
1560 0.986443 
1561 0.986455 
1562 0.986455 
1563 0.986455 
1564 0.986455 
1565 0.986455 
1566 0.985623 
1567 0.985623 
1568 0.985623 
1569 0.985623 
1570 0.985623 
1571 0.984717 
1572 0.984717 
1573 0.984717 
1574 0.984717 
1575 0.984717 
1576 0.983979 
1577 0.983979 
1578 0.983979 
1579 0.983979 
1580 0.983979 
1581 0.984419 
1582 0.984419 
1583 0.984419 
1584 0.984419 
1585 0.984419 
1586 0.980923 
1587 0.980923 
1588 0.980923 
1589 0.980923 
1590 0.980923 
1591 0.982225 
1592 0.982225 
1593 0.982225 
1594 0.982225 
1595 0.982225 
1596 0.983575 
1597 0.983575 
1598 0.983575 
1599 0.983575 
1600 0.983575 
1601 0.983893 
1602 0.983893 
1603 0.983893 
1604 0.983893 
1605 0.983893 
1606 0.984442 
1607 0.984442 
1608 0.984442 
1609 0.984442 
1610 0.984442 
1611 0.987742 
1612 0.987742 
1613 0.987742 
1614 0.987742 
1615 0.987742 
1616 0.988052 
1617 0.988052 
1618 0.988052 
1619 0.988052 
1620 0.988052 
1621 0.988115 
1622 0.988115 
1623 0.988115 
1624 0.988115 
1625 0.988115 
1626 0.988539 
1627 0.988539 
1628 0.988539 
1629 0.988539 
1630 0.988539 
1631 0.989343 
1632 0.989343 
1633 0.989343 
1634 0.989343 
1635 0.989343 
1636 0.988790 
1637 0.988790 
1638 0.988790 
1639 0.988790 
1640 0.988790 
1641 0.990187 
1642 0.990187 
1643 0.990187 
1644 0.990187 
1645 0.990187 
1646 0.990626 
1647 0.990626 
1648 0.990626 
1649 0.990626 
1650 0.990626 
1651 0.990410 
1652 0.990410 
1653 0.990410 
1654 0.990410 
1655 0.990410 
1656 0.989355 
1657 0.989355 
1658 0.989355 
1659 0.989355 
1660 0.989355 
1661 0.988397 
1662 0.988397 
1663 0.988397 
1664 0.988397 
1665 0.988397 
1666 0.986663 
1667 0.986663 
1668 0.986663 
1669 0.986663 
1670 0.986663 
1671 0.986486 
1672 0.986486 
1673 0.986486 
1674 0.986486 
1675 0.986486 
1676 0.985619 
1677 0.985619 
1678 0.985619 
1679 0.985619 
1680 0.985619 
1681 0.981648 
1682 0.981648 
1683 0.981648 
1684 0.981648 
1685 0.981648 
1686 0.977014 
1687 0.977014 
1688 0.977014 
1689 0.977014 
1690 0.977014 
1691 0.973707 
1692 0.973707 
1693 0.973707 
1694 0.973707 
1695 0.973707 
1696 0.975900 
1697 0.975900 
1698 0.975900 
1699 0.975900 
1700 0.975900 
1701 0.977415 
1702 0.977415 
1703 0.977415 
1704 0.977415 
1705 0.977415 
1706 0.976414 
1707 0.976414 
1708 0.976414 
1709 0.976414 
1710 0.976414 
1711 0.972506 
1712 0.972506 
1713 0.972506 
1714 0.972506 
1715 0.972506 
1716 0.969681 
1717 0.969681 
1718 0.969681 
1719 0.969681 
1720 0.969681 
1721 0.962218 
1722 0.962218 
1723 0.962218 
1724 0.962218 
1725 0.962218 
1726 0.970466 
1727 0.970466 
1728 0.970466 
1729 0.970466 
1730 0.970466 
1731 0.963972 
1732 0.963972 
1733 0.963972 
1734 0.963972 
1735 0.963972 
1736 0.930608 
1737 0.930608 
1738 0.930608 
1739 0.930608 
1740 0.930608 
1741 0.928689 
1742 0.928689 
1743 0.928689 
1744 0.928689 
1745 0.928689 
1746 0.883028 
1747 0.883028 
1748 0.883028 
1749 0.883028 
1750 0.883028 
1751 0.761897 
1752 0.761897 
1753 0.761897 
1754 0.761897 
1755 0.761897 
1756 0.709597 
1757 0.709597 
1758 0.709597 
1759 0.709597 
1760 0.709597 
1761 0.710998 
1762 0.710998 
1763 0.710998 
1764 0.710998 
1765 0.710998 
1766 0.712905 
1767 0.712905 
1768 0.712905 
1769 0.712905 
1770 0.712905 
1771 0.750400 
1772 0.750400 
1773 0.750400 
1774 0.750400 
1775 0.750400 
1776 0.832035 
1777 0.832035 
1778 0.832035 
1779 0.832035 
1780 0.832035 
1781 0.851673 
1782 0.851673 
1783 0.851673 
1784 0.851673 
1785 0.851673 
1786 0.828998 
1787 0.828998 
1788 0.828998 
1789 0.828998 
1790 0.828998 
1791 0.801912 
1792 0.801912 
1793 0.801912 
1794 0.801912 
1795 0.801912 
1796 0.761116 
1797 0.761116 
1798 0.761116 
1799 0.761116 
1800 0.761116 
1801 0.763835 
1802 0.763835 
1803 0.763835 
1804 0.763835 
1805 0.763835 
1806 0.786432 
1807 0.786432 
1808 0.786432 
1809 0.786432 
1810 0.786432 
1811 0.752240 
1812 0.752240 
1813 0.752240 
1814 0.752240 
1815 0.752240 
1816 0.747642 
1817 0.747642 
1818 0.747642 
1819 0.747642 
1820 0.747642 
1821 0.738413 
1822 0.738413 
1823 0.738413 
1824 0.738413 
1825 0.738413 
1826 0.726932 
1827 0.726932 
1828 0.726932 
1829 0.726932 
1830 0.726932 
1831 0.713218 
1832 0.713218 
1833 0.713218 
1834 0.713218 
1835 0.713218 
1836 0.654295 
1837 0.654295 
1838 0.654295 
1839 0.654295 
1840 0.654295 
1841 0.622732 
1842 0.622732 
1843 0.622732 
1844 0.622732 
1845 0.622732 
1846 0.583278 
1847 0.583278 
1848 0.583278 
1849 0.583278 
1850 0.583278 
1851 0.558869 
1852 0.558869 
1853 0.558869 
1854 0.558869 
1855 0.558869 
1856 0.567320 
1857 0.567320 
1858 0.567320 
1859 0.567320 
1860 0.567320 
1861 0.601198 
1862 0.601198 
1863 0.601198 
1864 0.601198 
1865 0.601198 
1866 0.633314 
1867 0.633314 
1868 0.633314 
1869 0.633314 
1870 0.633314 
1871 0.677206 
1872 0.677206 
1873 0.677206 
1874 0.677206 
1875 0.677206 
1876 0.723966 
1877 0.723966 
1878 0.723966 
1879 0.723966 
1880 0.723966 
1881 0.764510 
1882 0.764510 
1883 0.764510 
1884 0.764510 
1885 0.764510 
1886 0.642841 
1887 0.642841 
1888 0.642841 
1889 0.642841 
1890 0.642841 
1891 0.644807 
1892 0.644807 
1893 0.644807 
1894 0.644807 
1895 0.644807 
1896 0.675075 
1897 0.675075 
1898 0.675075 
1899 0.675075 
1900 0.675075 
1901 0.673812 
1902 0.673812 
1903 0.673812 
1904 0.673812 
1905 0.673812 
1906 0.745829 
1907 0.745829 
1908 0.745829 
1909 0.745829 
1910 0.745829 
1911 0.818651 
1912 0.818651 
1913 0.818651 
1914 0.818651 
1915 0.818651 
1916 0.854793 
1917 0.854793 
1918 0.854793 
1919 0.854793 
1920 0.854793 
1921 0.872085 
1922 0.872085 
1923 0.872085 
1924 0.872085 
1925 0.872085 
1926 0.734846 
1927 0.734846 
1928 0.734846 
1929 0.734846 
1930 0.734846 
1931 0.624341 
1932 0.624341 
1933 0.624341 
1934 0.624341 
1935 0.624341 
1936 0.451165 
1937 0.451165 
1938 0.451165 
1939 0.451165 
1940 0.451165 
1941 0.374176 
1942 0.374176 
1943 0.374176 
1944 0.374176 
1945 0.374176 
1946 0.344940 
1947 0.344940 
1948 0.344940 
1949 0.344940 
1950 0.344940 
1951 0.295292 
1952 0.295292 
1953 0.295292 
1954 0.295292 
1955 0.295292 
1956 0.226795 
1957 0.226795 
1958 0.226795 
1959 0.226795 
1960 0.226795 
1961 0.147177 
1962 0.147177 
1963 0.147177 
1964 0.147177 
1965 0.147177 
1966 0.127017 
1967 0.127017 
1968 0.127017 
1969 0.127017 
1970 0.127017 
1971 0.106119 
1972 0.106119 
1973 0.106119 
1974 0.106119 
1975 0.106119 
1976 0.103812 
1977 0.103812 
1978 0.103812 
1979 0.103812 
1980 0.103812 
1981 0.099448 
1982 0.099448 
1983 0.099448 
1984 0.099448 
1985 0.099448 
1986 0.078892 
1987 0.078892 
1988 0.078892 
1989 0.078892 
1990 0.078892 
1991 0.076431 
1992 0.076431 
1993 0.076431 
1994 0.076431 
1995 0.076431 
1996 0.076788 
1997 0.076788 
1998 0.076788 
1999 0.076788 
2000 0.076788 
2001 0.123521 
2002 0.123521 
2003 0.123521 
2004 0.123521 
2005 0.123521 
2006 0.228992 
2007 0.228992 
2008 0.228992 
2009 0.228992 
2010 0.228992 
2011 0.415121 
2012 0.415121 
2013 0.415121 
2014 0.415121 
2015 0.415121 
2016 0.544978 
2017 0.544978 
2018 0.544978 
2019 0.544978 
2020 0.544978 
2021 0.759962 
2022 0.759962 
2023 0.759962 
2024 0.759962 
2025 0.759962 
2026 0.856362 
2027 0.856362 
2028 0.856362 
2029 0.856362 
2030 0.856362 
2031 0.902192 
2032 0.902192 
2033 0.902192 
2034 0.902192 
2035 0.902192 
2036 0.954665 
2037 0.954665 
2038 0.954665 
2039 0.954665 
2040 0.954665 
2041 0.821778 
2042 0.821778 
2043 0.821778 
2044 0.821778 
2045 0.821778 
2046 0.540945 
2047 0.540945 
2048 0.540945 
2049 0.540945 
2050 0.540945 
2051 0.436886 
2052 0.436886 
2053 0.436886 
2054 0.436886 
2055 0.436886 
2056 0.347726 
2057 0.347726 
2058 0.347726 
2059 0.347726 
2060 0.347726 
2061 0.245213 
2062 0.245213 
2063 0.245213 
2064 0.245213 
2065 0.245213 
2066 0.182907 
2067 0.182907 
2068 0.182907 
2069 0.182907 
2070 0.182907 
2071 0.121002 
2072 0.121002 
2073 0.121002 
2074 0.121002 
2075 0.121002 
2076 0.095148 
2077 0.095148 
2078 0.095148 
2079 0.095148 
2080 0.095148 
2081 0.088285 
2082 0.088285 
2083 0.088285 
2084 0.088285 
2085 0.088285 
2086 0.082345 
2087 0.082345 
2088 0.082345 
2089 0.082345 
2090 0.082345 
2091 0.081340 
2092 0.081340 
2093 0.081340 
2094 0.081340 
2095 0.081340 
2096 0.081065 
2097 0.081065 
2098 0.081065 
2099 0.081065 
2100 0.081065 
2101 0.090125 
2102 0.090125 
2103 0.090125 
2104 0.090125 
2105 0.090125 
2106 0.128594 
2107 0.128594 
2108 0.128594 
2109 0.128594 
2110 0.128594 
2111 0.209671 
2112 0.209671 
2113 0.209671 
2114 0.209671 
2115 0.209671 
2116 0.517014 
2117 0.517014 
2118 0.517014 
2119 0.517014 
2120 0.517014 
2121 0.893230 
2122 0.893230 
2123 0.893230 
2124 0.893230 
2125 0.893230 
2126 0.964243 
2127 0.964243 
2128 0.964243 
2129 0.964243 
2130 0.964243 
2131 0.987507 
2132 0.987507 
2133 0.987507 
2134 0.987507 
2135 0.987507 
2136 0.991846 
2137 0.991846 
2138 0.991846 
2139 0.991846 
2140 0.991846 
2141 0.993247 
2142 0.993247 
2143 0.993247 
2144 0.993247 
2145 0.993247 
2146 0.994075 
2147 0.994075 
2148 0.994075 
2149 0.994075 
2150 0.994075 
2151 0.994248 
2152 0.994248 
2153 0.994248 
2154 0.994248 
2155 0.994248 
2156 0.991293 
2157 0.991293 
2158 0.991293 
2159 0.991293 
2160 0.991293 
2161 0.946617 
2162 0.946617 
2163 0.946617 
2164 0.946617 
2165 0.946617 
2166 0.938503 
2167 0.938503 
2168 0.938503 
2169 0.938503 
2170 0.938503 
2171 0.941410 
2172 0.941410 
2173 0.941410 
2174 0.941410 
2175 0.941410 
2176 0.838670 
2177 0.838670 
2178 0.838670 
2179 0.838670 
2180 0.838670 
2181 0.341585 
2182 0.341585 
2183 0.341585 
2184 0.341585 
2185 0.341585 
2186 0.137097 
2187 0.137097 
2188 0.137097 
2189 0.137097 
2190 0.137097 
2191 0.110439 
2192 0.110439 
2193 0.110439 
2194 0.110439 
2195 0.110439 
2196 0.093496 
2197 0.093496 
2198 0.093496 
2199 0.093496 
2200 0.093496 
2201 0.085586 
2202 0.085586 
2203 0.085586 
2204 0.085586 
2205 0.085586 
2206 0.087461 
2207 0.087461 
2208 0.087461 
2209 0.087461 
2210 0.087461 
2211 0.107932 
2212 0.107932 
2213 0.107932 
2214 0.107932 
2215 0.107932 
2216 0.105326 
2217 0.105326 
2218 0.105326 
2219 0.105326 
2220 0.105326 
2221 0.105809 
2222 0.105809 
2223 0.105809 
2224 0.105809 
2225 0.105809 
2226 0.106586 
2227 0.106586 
2228 0.106586 
2229 0.106586 
2230 0.106586 
2231 0.109470 
2232 0.109470 
2233 0.109470 
2234 0.109470 
2235 0.109470 
2236 0.101551 
2237 0.101551 
2238 0.101551 
2239 0.101551 
2240 0.101551 
2241 0.100539 
2242 0.100539 
2243 0.100539 
2244 0.100539 
2245 0.100539 
2246 0.103160 
2247 0.103160 
2248 0.103160 
2249 0.103160 
2250 0.103160 
2251 0.107009 
2252 0.107009 
2253 0.107009 
2254 0.107009 
2255 0.107009 
2256 0.109364 
2257 0.109364 
2258 0.109364 
2259 0.109364 
2260 0.109364 
2261 0.104208 
2262 0.104208 
2263 0.104208 
2264 0.104208 
2265 0.104208 
2266 0.111302 
2267 0.111302 
2268 0.111302 
2269 0.111302 
2270 0.111302 
2271 0.161589 
2272 0.161589 
2273 0.161589 
2274 0.161589 
2275 0.161589 
2276 0.224240 
2277 0.224240 
2278 0.224240 
2279 0.224240 
2280 0.224240 
2281 0.263568 
2282 0.263568 
2283 0.263568 
2284 0.263568 
2285 0.263568 
2286 0.333730 
2287 0.333730 
2288 0.333730 
2289 0.333730 
2290 0.333730 
2291 0.335743 
2292 0.335743 
2293 0.335743 
2294 0.335743 
2295 0.335743 
2296 0.321554 
2297 0.321554 
2298 0.321554 
2299 0.321554 
2300 0.321554 
2301 0.303807 
2302 0.303807 
2303 0.303807 
2304 0.303807 
2305 0.303807 
2306 0.266358 
2307 0.266358 
2308 0.266358 
2309 0.266358 
2310 0.266358 
2311 0.252574 
2312 0.252574 
2313 0.252574 
2314 0.252574 
2315 0.252574 
2316 0.236392 
2317 0.236392 
2318 0.236392 
2319 0.236392 
2320 0.236392 
2321 0.203707 
2322 0.203707 
2323 0.203707 
2324 0.203707 
2325 0.203707 
2326 0.181467 
2327 0.181467 
2328 0.181467 
2329 0.181467 
2330 0.181467 
2331 0.160950 
2332 0.160950 
2333 0.160950 
2334 0.160950 
2335 0.160950 
2336 0.173474 
2337 0.173474 
2338 0.173474 
2339 0.173474 
2340 0.173474 
2341 0.153746 
2342 0.153746 
2343 0.153746 
2344 0.153746 
2345 0.153746 
2346 0.143116 
2347 0.143116 
2348 0.143116 
2349 0.143116 
2350 0.143116 
2351 0.162817 
2352 0.162817 
2353 0.162817 
2354 0.162817 
2355 0.162817 
2356 0.173239 
2357 0.173239 
2358 0.173239 
2359 0.173239 
2360 0.173239 
2361 0.156437 
2362 0.156437 
2363 0.156437 
2364 0.156437 
2365 0.156437 
2366 0.150269 
2367 0.150269 
2368 0.150269 
2369 0.150269 
2370 0.150269 
2371 0.147609 
2372 0.147609 
2373 0.147609 
2374 0.147609 
2375 0.147609 
2376 0.128139 
2377 0.128139 
2378 0.128139 
2379 0.128139 
2380 0.128139 
2381 0.115885 
2382 0.115885 
2383 0.115885 
2384 0.115885 
2385 0.115885 
2386 0.234203 
2387 0.234203 
2388 0.234203 
2389 0.234203 
2390 0.234203 
2391 0.303634 
2392 0.303634 
2393 0.303634 
2394 0.303634 
2395 0.303634 
2396 0.451255 
2397 0.451255 
2398 0.451255 
2399 0.451255 
2400 0.451255 
2401 0.616211 
2402 0.616211 
2403 0.616211 
2404 0.616211 
2405 0.616211 
2406 0.686372 
2407 0.686372 
2408 0.686372 
2409 0.686372 
2410 0.686372 
2411 0.458545 
2412 0.458545 
2413 0.458545 
2414 0.458545 
2415 0.458545 
2416 0.154574 
2417 0.154574 
2418 0.154574 
2419 0.154574 
2420 0.154574 
2421 0.073108 
2422 0.073108 
2423 0.073108 
2424 0.073108 
2425 0.073108 
2426 0.083459 
2427 0.083459 
2428 0.083459 
2429 0.083459 
2430 0.083459 
2431 0.088678 
2432 0.088678 
2433 0.088678 
2434 0.088678 
2435 0.088678 
2436 0.237071 
2437 0.237071 
2438 0.237071 
2439 0.237071 
2440 0.237071 
2441 0.258279 
2442 0.258279 
2443 0.258279 
2444 0.258279 
2445 0.258279 
2446 0.254501 
2447 0.254501 
2448 0.254501 
2449 0.254501 
2450 0.254501 
2451 0.243471 
2452 0.243471 
2453 0.243471 
2454 0.243471 
2455 0.243471 
2456 0.203299 
2457 0.203299 
2458 0.203299 
2459 0.203299 
2460 0.203299 
2461 0.158748 
2462 0.158748 
2463 0.158748 
2464 0.158748 
2465 0.158748 
2466 0.131945 
2467 0.131945 
2468 0.131945 
2469 0.131945 
2470 0.131945 
2471 0.128567 
2472 0.128567 
2473 0.128567 
2474 0.128567 
2475 0.128567 
2476 0.142857 
2477 0.142857 
2478 0.142857 
2479 0.142857 
2480 0.142857 
2481 0.172792 
2482 0.172792 
2483 0.172792 
2484 0.172792 
2485 0.172792 
2486 0.173027 
2487 0.173027 
2488 0.173027 
2489 0.173027 
2490 0.173027 
2491 0.160993 
2492 0.160993 
2493 0.160993 
2494 0.160993 
2495 0.160993 
2496 0.157250 
2497 0.157250 
2498 0.157250 
2499 0.157250 
2500 0.157250 
2501 0.146750 
2502 0.146750 
2503 0.146750 
2504 0.146750 
2505 0.146750 
2506 0.140585 
2507 0.140585 
2508 0.140585 
2509 0.140585 
2510 0.140585 
2511 0.203444 
2512 0.203444 
2513 0.203444 
2514 0.203444 
2515 0.203444 
2516 0.264294 
2517 0.264294 
2518 0.264294 
2519 0.264294 
2520 0.264294 
2521 0.283262 
2522 0.283262 
2523 0.283262 
2524 0.283262 
2525 0.283262 
2526 0.315139 
2527 0.315139 
2528 0.315139 
2529 0.315139 
2530 0.315139 
2531 0.322892 
2532 0.322892 
2533 0.322892 
2534 0.322892 
2535 0.322892 
2536 0.311835 
2537 0.311835 
2538 0.311835 
2539 0.311835 
2540 0.311835 
2541 0.225013 
2542 0.225013 
2543 0.225013 
2544 0.225013 
2545 0.225013 
2546 0.157548 
2547 0.157548 
2548 0.157548 
2549 0.157548 
2550 0.157548 
2551 0.133982 
2552 0.133982 
2553 0.133982 
2554 0.133982 
2555 0.133982 
2556 0.124600 
2557 0.124600 
2558 0.124600 
2559 0.124600 
2560 0.124600 
2561 0.175334 
2562 0.175334 
2563 0.175334 
2564 0.175334 
2565 0.175334 
2566 0.178258 
2567 0.178258 
2568 0.178258 
2569 0.178258 
2570 0.178258 
2571 0.180600 
2572 0.180600 
2573 0.180600 
2574 0.180600 
2575 0.180600 
2576 0.186768 
2577 0.186768 
2578 0.186768 
2579 0.186768 
2580 0.186768 
2581 0.189566 
2582 0.189566 
2583 0.189566 
2584 0.189566 
2585 0.189566 
2586 0.189856 
2587 0.189856 
2588 0.189856 
2589 0.189856 
2590 0.189856 
2591 0.192544 
2592 0.192544 
2593 0.192544 
2594 0.192544 
2595 0.192544 
2596 0.196111 
2597 0.196111 
2598 0.196111 
2599 0.196111 
2600 0.196111 
2601 0.201141 
2602 0.201141 
2603 0.201141 
2604 0.201141 
2605 0.201141 
2606 0.207372 
2607 0.207372 
2608 0.207372 
2609 0.207372 
2610 0.207372 
2611 0.228929 
2612 0.228929 
2613 0.228929 
2614 0.228929 
2615 0.228929 
2616 0.231774 
2617 0.231774 
2618 0.231774 
2619 0.231774 
2620 0.231774 
2621 0.238570 
2622 0.238570 
2623 0.238570 
2624 0.238570 
2625 0.238570 
2626 0.270682 
2627 0.270682 
2628 0.270682 
2629 0.270682 
2630 0.270682 
2631 0.323037 
2632 0.323037 
2633 0.323037 
2634 0.323037 
2635 0.323037 
2636 0.310830 
2637 0.310830 
2638 0.310830 
2639 0.310830 
2640 0.310830 
2641 0.364728 
2642 0.364728 
2643 0.364728 
2644 0.364728 
2645 0.364728 
2646 0.462948 
2647 0.462948 
2648 0.462948 
2649 0.462948 
2650 0.462948 
2651 0.594057 
2652 0.594057 
2653 0.594057 
2654 0.594057 
2655 0.594057 
2656 0.718162 
2657 0.718162 
2658 0.718162 
2659 0.718162 
2660 0.718162 
2661 0.770882 
2662 0.770882 
2663 0.770882 
2664 0.770882 
2665 0.770882 
2666 0.749015 
2667 0.749015 
2668 0.749015 
2669 0.749015 
2670 0.749015 
2671 0.702212 
2672 0.702212 
2673 0.702212 
2674 0.702212 
2675 0.702212 
2676 0.638164 
2677 0.638164 
2678 0.638164 
2679 0.638164 
2680 0.638164 
2681 0.436827 
2682 0.436827 
2683 0.436827 
2684 0.436827 
2685 0.436827 
2686 0.257918 
2687 0.257918 
2688 0.257918 
2689 0.257918 
2690 0.257918 
2691 0.255325 
2692 0.255325 
2693 0.255325 
2694 0.255325 
2695 0.255325 
2696 0.249729 
2697 0.249729 
2698 0.249729 
2699 0.249729 
2700 0.249729 
2701 0.243035 
2702 0.243035 
2703 0.243035 
2704 0.243035 
2705 0.243035 
2706 0.234270 
2707 0.234270 
2708 0.234270 
2709 0.234270 
2710 0.234270 
2711 0.228894 
2712 0.228894 
2713 0.228894 
2714 0.228894 
2715 0.228894 
2716 0.224574 
2717 0.224574 
2718 0.224574 
2719 0.224574 
2720 0.224574 
2721 0.190225 
2722 0.190225 
2723 0.190225 
2724 0.190225 
2725 0.190225 
2726 0.188334 
2727 0.188334 
2728 0.188334 
2729 0.188334 
2730 0.188334 
2731 0.218657 
2732 0.218657 
2733 0.218657 
2734 0.218657 
2735 0.218657 
2736 0.266672 
2737 0.266672 
2738 0.266672 
2739 0.266672 
2740 0.266672 
2741 0.284506 
2742 0.284506 
2743 0.284506 
2744 0.284506 
2745 0.284506 
2746 0.295469 
2747 0.295469 
2748 0.295469 
2749 0.295469 
2750 0.295469 
2751 0.316147 
2752 0.316147 
2753 0.316147 
2754 0.316147 
2755 0.316147 
2756 0.326659 
2757 0.326659 
2758 0.326659 
2759 0.326659 
2760 0.326659 
2761 0.375749 
2762 0.375749 
2763 0.375749 
2764 0.375749 
2765 0.375749 
2766 0.375220 
2767 0.375220 
2768 0.375220 
2769 0.375220 
2770 0.375220 
2771 0.375953 
2772 0.375953 
2773 0.375953 
2774 0.375953 
2775 0.375953 
2776 0.375349 
2777 0.375349 
2778 0.375349 
2779 0.375349 
2780 0.375349 
2781 0.389954 
2782 0.389954 
2783 0.389954 
2784 0.389954 
2785 0.389954 
2786 0.430851 
2787 0.430851 
2788 0.430851 
2789 0.430851 
2790 0.430851 
2791 0.433790 
2792 0.433790 
2793 0.433790 
2794 0.433790 
2795 0.433790 
2796 0.435156 
2797 0.435156 
2798 0.435156 
2799 0.435156 
2800 0.435156 
2801 0.441877 
2802 0.441877 
2803 0.441877 
2804 0.441877 
2805 0.441877 
2806 0.450859 
2807 0.450859 
2808 0.450859 
2809 0.450859 
2810 0.450859 
2811 0.468170 
2812 0.468170 
2813 0.468170 
2814 0.468170 
2815 0.468170 
2816 0.470485 
2817 0.470485 
2818 0.470485 
2819 0.470485 
2820 0.470485 
2821 0.472946 
2822 0.472946 
2823 0.472946 
2824 0.472946 
2825 0.472946 
2826 0.479004 
2827 0.479004 
2828 0.479004 
2829 0.479004 
2830 0.479004 
2831 0.484383 
2832 0.484383 
2833 0.484383 
2834 0.484383 
2835 0.484383 
2836 0.467323 
2837 0.467323 
2838 0.467323 
2839 0.467323 
2840 0.467323 
2841 0.467174 
2842 0.467174 
2843 0.467174 
2844 0.467174 
2845 0.467174 
2846 0.469720 
2847 0.469720 
2848 0.469720 
2849 0.469720 
2850 0.469720 
2851 0.472785 
2852 0.472785 
2853 0.472785 
2854 0.472785 
2855 0.472785 
2856 0.484772 
2857 0.484772 
2858 0.484772 
2859 0.484772 
2860 0.484772 
2861 0.506745 
2862 0.506745 
2863 0.506745 
2864 0.506745 
2865 0.506745 
2866 0.503100 
2867 0.503100 
2868 0.503100 
2869 0.503100 
2870 0.503100 
2871 0.505415 
2872 0.505415 
2873 0.505415 
2874 0.505415 
2875 0.505415 
2876 0.502782 
2877 0.502782 
2878 0.502782 
2879 0.502782 
2880 0.502782 
2881 0.512329 
2882 0.512329 
2883 0.512329 
2884 0.512329 
2885 0.512329 
2886 0.515114 
2887 0.515114 
2888 0.515114 
2889 0.515114 
2890 0.515114 
2891 0.504108 
2892 0.504108 
2893 0.504108 
2894 0.504108 
2895 0.504108 
2896 0.496237 
2897 0.496237 
2898 0.496237 
2899 0.496237 
2900 0.496237 
2901 0.490128 
2902 0.490128 
2903 0.490128 
2904 0.490128 
2905 0.490128 
2906 0.489688 
2907 0.489688 
2908 0.489688 
2909 0.489688 
2910 0.489688 
2911 0.494715 
2912 0.494715 
2913 0.494715 
2914 0.494715 
2915 0.494715 
2916 0.495751 
2917 0.495751 
2918 0.495751 
2919 0.495751 
2920 0.495751 
2921 0.503983 
2922 0.503983 
2923 0.503983 
2924 0.503983 
2925 0.503983 
2926 0.513867 
2927 0.513867 
2928 0.513867 
2929 0.513867 
2930 0.513867 
2931 0.521993 
2932 0.521993 
2933 0.521993 
2934 0.521993 
2935 0.521993 
2936 0.546399 
2937 0.546399 
2938 0.546399 
2939 0.546399 
2940 0.546399 
2941 0.545441 
2942 0.545441 
2943 0.545441 
2944 0.545441 
2945 0.545441 
2946 0.547454 
2947 0.547454 
2948 0.547454 
2949 0.547454 
2950 0.547454 
2951 0.559598 
2952 0.559598 
2953 0.559598 
2954 0.559598 
2955 0.559598 
2956 0.540132 
2957 0.540132 
2958 0.540132 
2959 0.540132 
2960 0.540132 
2961 0.476536 
2962 0.476536 
2963 0.476536 
2964 0.476536 
2965 0.476536 
2966 0.657418 
2967 0.657418 
2968 0.657418 
2969 0.657418 
2970 0.657418 
2971 0.890613 
2972 0.890613 
2973 0.890613 
2974 0.890613 
2975 0.890613 
2976 0.954982 
2977 0.954982 
2978 0.954982 
2979 0.954982 
2980 0.954982 
2981 0.964721 
2982 0.964721 
2983 0.964721 
2984 0.964721 
2985 0.964721 
2986 0.987930 
2987 0.987930 
2988 0.987930 
2989 0.987930 
2990 0.987930 
2991 0.988405 
2992 0.988405 
2993 0.988405 
2994 0.988405 
2995 0.988405 
2996 0.989029 
2997 0.989029 
2998 0.989029 
2999 0.989029 
3000 0.989029 
3001 0.990799 
3002 0.990799 
3003 0.990799 
3004 0.990799 
3005 0.990799 
3006 0.990159 
3007 0.990159 
3008 0.990159 
3009 0.990159 
3010 0.990159 
3011 0.991536 
3012 0.991536 
3013 0.991536 
3014 0.991536 
3015 0.991536 
3016 0.990748 
3017 0.990748 
3018 0.990748 
3019 0.990748 
3020 0.990748 
3021 0.988747 
3022 0.988747 
3023 0.988747 
3024 0.988747 
3025 0.988747 
3026 0.987569 
3027 0.987569 
3028 0.987569 
3029 0.987569 
3030 0.987569 
3031 0.986620 
3032 0.986620 
3033 0.986620 
3034 0.986620 
3035 0.986620 
3036 0.985023 
3037 0.985023 
3038 0.985023 
3039 0.985023 
3040 0.985023 
3041 0.985611 
3042 0.985611 
3043 0.985611 
3044 0.985611 
3045 0.985611 
3046 0.984976 
3047 0.984976 
3048 0.984976 
3049 0.984976 
3050 0.984976 
3051 0.985117 
3052 0.985117 
3053 0.985117 
3054 0.985117 
3055 0.985117 
3056 0.984540 
3057 0.984540 
3058 0.984540 
3059 0.984540 
3060 0.984540 
3061 0.981841 
3062 0.981841 
3063 0.981841 
3064 0.981841 
3065 0.981841 
3066 0.980114 
3067 0.980114 
3068 0.980114 
3069 0.980114 
3070 0.980114 
3071 0.980377 
3072 0.980377 
3073 0.980377 
3074 0.980377 
3075 0.980377 
3076 0.980012 
3077 0.980012 
3078 0.980012 
3079 0.980012 
3080 0.980012 
3081 0.978749 
3082 0.978749 
3083 0.978749 
3084 0.978749 
3085 0.978749 
3086 0.975790 
3087 0.975790 
3088 0.975790 
3089 0.975790 
3090 0.975790 
3091 0.975853 
3092 0.975853 
3093 0.975853 
3094 0.975853 
3095 0.975853 
3096 0.974849 
3097 0.974849 
3098 0.974849 
3099 0.974849 
3100 0.974849 
3101 0.974448 
3102 0.974448 
3103 0.974448 
3104 0.974448 
3105 0.974448 
3106 0.976022 
3107 0.976022 
3108 0.976022 
3109 0.976022 
3110 0.976022 
3111 0.976163 
3112 0.976163 
3113 0.976163 
3114 0.976163 
3115 0.976163 
3116 0.975327 
3117 0.975327 
3118 0.975327 
3119 0.975327 
3120 0.975327 
3121 0.974829 
3122 0.974829 
3123 0.974829 
3124 0.974829 
3125 0.974829 
3126 0.973593 
3127 0.973593 
3128 0.973593 
3129 0.973593 
3130 0.973593 
3131 0.972455 
3132 0.972455 
3133 0.972455 
3134 0.972455 
3135 0.972455 
3136 0.971902 
3137 0.971902 
3138 0.971902 
3139 0.971902 
3140 0.971902 
3141 0.967315 
3142 0.967315 
3143 0.967315 
3144 0.967315 
3145 0.967315 
3146 0.963572 
3147 0.963572 
3148 0.963572 
3149 0.963572 
3150 0.963572 
3151 0.962752 
3152 0.962752 
3153 0.962752 
3154 0.962752 
3155 0.962752 
3156 0.961567 
3157 0.961567 
3158 0.961567 
3159 0.961567 
3160 0.961567 
3161 0.962081 
3162 0.962081 
3163 0.962081 
3164 0.962081 
3165 0.962081 
3166 0.961347 
3167 0.961347 
3168 0.961347 
3169 0.961347 
3170 0.961347 
3171 0.960562 
3172 0.960562 
3173 0.960562 
3174 0.960562 
3175 0.960562 
3176 0.960024 
3177 0.960024 
3178 0.960024 
3179 0.960024 
3180 0.960024 
3181 0.959255 
3182 0.959255 
3183 0.959255 
3184 0.959255 
3185 0.959255 
3186 0.960421 
3187 0.960421 
3188 0.960421 
3189 0.960421 
3190 0.960421 
3191 0.959475 
3192 0.959475 
3193 0.959475 
3194 0.959475 
3195 0.959475 
3196 0.959526 
3197 0.959526 
3198 0.959526 
3199 0.959526 
3200 0.959526 
3201 0.959738 
3202 0.959738 
3203 0.959738 
3204 0.959738 
3205 0.959738 
3206 0.958832 
3207 0.958832 
3208 0.958832 
3209 0.958832 
3210 0.958832 
3211 0.958710 
3212 0.958710 
3213 0.958710 
3214 0.958710 
3215 0.958710 
3216 0.959754 
3217 0.959754 
3218 0.959754 
3219 0.959754 
3220 0.959754 
3221 0.960017 
3222 0.960017 
3223 0.960017 
3224 0.960017 
3225 0.960017 
3226 0.959911 
3227 0.959911 
3228 0.959911 
3229 0.959911 
3230 0.959911 
3231 0.960342 
3232 0.960342 
3233 0.960342 
3234 0.960342 
3235 0.960342 
3236 0.959459 
3237 0.959459 
3238 0.959459 
3239 0.959459 
3240 0.959459 
3241 0.960017 
3242 0.960017 
3243 0.960017 
3244 0.960017 
3245 0.960017 
3246 0.960299 
3247 0.960299 
3248 0.960299 
3249 0.960299 
3250 0.960299 
3251 0.959942 
3252 0.959942 
3253 0.959942 
3254 0.959942 
3255 0.959942 
3256 0.959942 
3257 0.959942 
3258 0.959942 
3259 0.959942 
3260 0.959942 
3261 0.959695 
3262 0.959695 
3263 0.959695 
3264 0.959695 
3265 0.959695 
3266 0.959742 
3267 0.959742 
3268 0.959742 
3269 0.959742 
3270 0.959742 
3271 0.959593 
3272 0.959593 
3273 0.959593 
3274 0.959593 
3275 0.959593 
3276 0.958894 
3277 0.958894 
3278 0.958894 
3279 0.958894 
3280 0.958894 
3281 0.958816 
3282 0.958816 
3283 0.958816 
3284 0.958816 
3285 0.958816 
3286 0.957662 
3287 0.957662 
3288 0.957662 
3289 0.957662 
3290 0.957662 
3291 0.957419 
3292 0.957419 
3293 0.957419 
3294 0.957419 
3295 0.957419 
3296 0.957019 
3297 0.957019 
3298 0.957019 
3299 0.957019 
3300 0.957019 
3301 0.957141 
3302 0.957141 
3303 0.957141 
3304 0.957141 
3305 0.957141 
3306 0.957148 
3307 0.957148 
3308 0.957148 
3309 0.957148 
3310 0.957148 
3311 0.958180 
3312 0.958180 
3313 0.958180 
3314 0.958180 
3315 0.958180 
3316 0.958345 
3317 0.958345 
3318 0.958345 
3319 0.958345 
3320 0.958345 
3321 0.958467 
3322 0.958467 
3323 0.958467 
3324 0.958467 
3325 0.958467 
3326 0.957407 
3327 0.957407 
3328 0.957407 
3329 0.957407 
3330 0.957407 
3331 0.957109 
3332 0.957109 
3333 0.957109 
3334 0.957109 
3335 0.957109 
3336 0.957490 
3337 0.957490 
3338 0.957490 
3339 0.957490 
3340 0.957490 
3341 0.957533 
3342 0.957533 
3343 0.957533 
3344 0.957533 
3345 0.957533 
3346 0.957384 
3347 0.957384 
3348 0.957384 
3349 0.957384 
3350 0.957384 
3351 0.956933 
3352 0.956933 
3353 0.956933 
3354 0.956933 
3355 0.956933 
3356 0.956681 
3357 0.956681 
3358 0.956681 
3359 0.956681 
3360 0.956681 
3361 0.956831 
3362 0.956831 
3363 0.956831 
3364 0.956831 
3365 0.956831 
3366 0.957380 
3367 0.957380 
3368 0.957380 
3369 0.957380 
3370 0.957380 
3371 0.957682 
3372 0.957682 
3373 0.957682 
3374 0.957682 
3375 0.957682 
3376 0.957890 
3377 0.957890 
3378 0.957890 
3379 0.957890 
3380 0.957890 
3381 0.957615 
3382 0.957615 
3383 0.957615 
3384 0.957615 
3385 0.957615 
3386 0.958239 
3387 0.958239 
3388 0.958239 
3389 0.958239 
3390 0.958239 
3391 0.958255 
3392 0.958255 
3393 0.958255 
3394 0.958255 
3395 0.958255 
3396 0.957745 
3397 0.957745 
3398 0.957745 
3399 0.957745 
3400 0.957745 
3401 0.957823 
3402 0.957823 
3403 0.957823 
3404 0.957823 
3405 0.957823 
3406 0.957945 
3407 0.957945 
3408 0.957945 
3409 0.957945 
3410 0.957945 
3411 0.957658 
3412 0.957658 
3413 0.957658 
3414 0.957658 
3415 0.957658 
3416 0.957776 
3417 0.957776 
3418 0.957776 
3419 0.957776 
3420 0.957776 
3421 0.957364 
3422 0.957364 
3423 0.957364 
3424 0.957364 
3425 0.957364 
3426 0.957141 
3427 0.957141 
3428 0.957141 
3429 0.957141 
3430 0.957141 
3431 0.957313 
3432 0.957313 
3433 0.957313 
3434 0.957313 
3435 0.957313 
3436 0.958875 
3437 0.958875 
3438 0.958875 
3439 0.958875 
3440 0.958875 
3441 0.958522 
3442 0.958522 
3443 0.958522 
3444 0.958522 
3445 0.958522 
3446 0.958004 
3447 0.958004 
3448 0.958004 
3449 0.958004 
3450 0.958004 
3451 0.957784 
3452 0.957784 
3453 0.957784 
3454 0.957784 
3455 0.957784 
3456 0.957788 
3457 0.957788 
3458 0.957788 
3459 0.957788 
3460 0.957788 
3461 0.957827 
3462 0.957827 
3463 0.957827 
3464 0.957827 
3465 0.957827 
3466 0.957898 
3467 0.957898 
3468 0.957898 
3469 0.957898 
3470 0.957898 
3471 0.958196 
3472 0.958196 
3473 0.958196 
3474 0.958196 
3475 0.958196 
3476 0.958200 
3477 0.958200 
3478 0.958200 
3479 0.958200 
3480 0.958200 
3481 0.958016 
3482 0.958016 
3483 0.958016 
3484 0.958016 
3485 0.958016 
3486 0.958341 
3487 0.958341 
3488 0.958341 
3489 0.958341 
3490 0.958341 
3491 0.958392 
3492 0.958392 
3493 0.958392 
3494 0.958392 
3495 0.958392 
3496 0.957968 
3497 0.957968 
3498 0.957968 
3499 0.957968 
3500 0.957968 
3501 0.958161 
3502 0.958161 
3503 0.958161 
3504 0.958161 
3505 0.958161 
3506 0.958098 
3507 0.958098 
3508 0.958098 
3509 0.958098 
3510 0.958098 
3511 0.959126 
3512 0.959126 
3513 0.959126 
3514 0.959126 
3515 0.959126 
3516 0.958898 
3517 0.958898 
3518 0.958898 
3519 0.958898 
3520 0.958898 
3521 0.958698 
3522 0.958698 
3523 0.958698 
3524 0.958698 
3525 0.958698 
3526 0.958494 
3527 0.958494 
3528 0.958494 
3529 0.958494 
3530 0.958494 
3531 0.958290 
3532 0.958290 
3533 0.958290 
3534 0.958290 
3535 0.958290 
3536 0.959044 
3537 0.959044 
3538 0.959044 
3539 0.959044 
3540 0.959044 
3541 0.958639 
3542 0.958639 
3543 0.958639 
3544 0.958639 
3545 0.958639 
3546 0.958326 
3547 0.958326 
3548 0.958326 
3549 0.958326 
3550 0.958326 
3551 0.957706 
3552 0.957706 
3553 0.957706 
3554 0.957706 
3555 0.957706 
3556 0.957235 
3557 0.957235 
3558 0.957235 
3559 0.957235 
3560 0.957235 
3561 0.957411 
3562 0.957411 
3563 0.957411 
3564 0.957411 
3565 0.957411 
3566 0.956536 
3567 0.956536 
3568 0.956536 
3569 0.956536 
3570 0.956536 
3571 0.957658 
3572 0.957658 
3573 0.957658 
3574 0.957658 
3575 0.957658 
3576 0.957525 
3577 0.957525 
3578 0.957525 
3579 0.957525 
3580 0.957525 
3581 0.957525 
3582 0.957525 
3583 0.957525 
3584 0.957525 
3585 0.957525 
3586 0.957498 
3587 0.957498 
3588 0.957498 
3589 0.957498 
3590 0.957498 
3591 0.957686 
3592 0.957686 
3593 0.957686 
3594 0.957686 
3595 0.957686 
3596 0.957097 
3597 0.957097 
3598 0.957097 
3599 0.957097 
3600 0.957097 
3601 0.956980 
3602 0.956980 
3603 0.956980 
3604 0.956980 
3605 0.956980 
3606 0.957105 
3607 0.957105 
3608 0.957105 
3609 0.957105 
3610 0.957105 
3611 0.956807 
3612 0.956807 
3613 0.956807 
3614 0.956807 
3615 0.956807 
3616 0.957113 
3617 0.957113 
3618 0.957113 
3619 0.957113 
3620 0.957113 
3621 0.957451 
3622 0.957451 
3623 0.957451 
3624 0.957451 
3625 0.957451 
3626 0.957572 
3627 0.957572 
3628 0.957572 
3629 0.957572 
3630 0.957572 
3631 0.957529 
3632 0.957529 
3633 0.957529 
3634 0.957529 
3635 0.957529 
3636 0.957317 
3637 0.957317 
3638 0.957317 
3639 0.957317 
3640 0.957317 
3641 0.957431 
3642 0.957431 
3643 0.957431 
3644 0.957431 
3645 0.957431 
3646 0.959546 
3647 0.959546 
3648 0.959546 
3649 0.959546 
3650 0.959546 
3651 0.959252 
3652 0.959252 
3653 0.959252 
3654 0.959252 
3655 0.959252 
3656 0.959346 
3657 0.959346 
3658 0.959346 
3659 0.959346 
3660 0.959346 
3661 0.958600 
3662 0.958600 
3663 0.958600 
3664 0.958600 
3665 0.958600 
3666 0.958620 
3667 0.958620 
3668 0.958620 
3669 0.958620 
3670 0.958620 
3671 0.959522 
3672 0.959522 
3673 0.959522 
3674 0.959522 
3675 0.959522 
3676 0.959153 
3677 0.959153 
3678 0.959153 
3679 0.959153 
3680 0.959153 
3681 0.958616 
3682 0.958616 
3683 0.958616 
3684 0.958616 
3685 0.958616 
3686 0.958376 
3687 0.958376 
3688 0.958376 
3689 0.958376 
3690 0.958376 
3691 0.957576 
3692 0.957576 
3693 0.957576 
3694 0.957576 
3695 0.957576 
3696 0.957125 
3697 0.957125 
3698 0.957125 
3699 0.957125 
3700 0.957125 
3701 0.957266 
3702 0.957266 
3703 0.957266 
3704 0.957266 
3705 0.957266 
3706 0.957945 
3707 0.957945 
3708 0.957945 
3709 0.957945 
3710 0.957945 
3711 0.957921 
3712 0.957921 
3713 0.957921 
3714 0.957921 
3715 0.957921 
3716 0.958172 
3717 0.958172 
3718 0.958172 
3719 0.958172 
3720 0.958172 
3721 0.958208 
3722 0.958208 
3723 0.958208 
3724 0.958208 
3725 0.958208 
3726 0.957925 
3727 0.957925 
3728 0.957925 
3729 0.957925 
3730 0.957925 
3731 0.957682 
3732 0.957682 
3733 0.957682 
3734 0.957682 
3735 0.957682 
3736 0.957152 
3737 0.957152 
3738 0.957152 
3739 0.957152 
3740 0.957152 
3741 0.956666 
3742 0.956666 
3743 0.956666 
3744 0.956666 
3745 0.956666 
3746 0.956827 
3747 0.956827 
3748 0.956827 
3749 0.956827 
3750 0.956827 
3751 0.957074 
3752 0.957074 
3753 0.957074 
3754 0.957074 
3755 0.957074 
3756 0.956646 
3757 0.956646 
3758 0.956646 
3759 0.956646 
3760 0.956646 
3761 0.956721 
3762 0.956721 
3763 0.956721 
3764 0.956721 
3765 0.956721 
3766 0.956819 
3767 0.956819 
3768 0.956819 
3769 0.956819 
3770 0.956819 
3771 0.957666 
3772 0.957666 
3773 0.957666 
3774 0.957666 
3775 0.957666 
3776 0.957721 
3777 0.957721 
3778 0.957721 
3779 0.957721 
3780 0.957721 
3781 0.958098 
3782 0.958098 
3783 0.958098 
3784 0.958098 
3785 0.958098 
3786 0.958161 
3787 0.958161 
3788 0.958161 
3789 0.958161 
3790 0.958161 
3791 0.958016 
3792 0.958016 
3793 0.958016 
3794 0.958016 
3795 0.958016 
3796 0.957129 
3797 0.957129 
3798 0.957129 
3799 0.957129 
3800 0.957129 
3801 0.956371 
3802 0.956371 
3803 0.956371 
3804 0.956371 
3805 0.956371 
3806 0.956391 
3807 0.956391 
3808 0.956391 
3809 0.956391 
3810 0.956391 
3811 0.956281 
3812 0.956281 
3813 0.956281 
3814 0.956281 
3815 0.956281 
3816 0.956211 
3817 0.956211 
3818 0.956211 
3819 0.956211 
3820 0.956211 
3821 0.959526 
3822 0.959526 
3823 0.959526 
3824 0.959526 
3825 0.959526 
3826 0.959142 
3827 0.959142 
3828 0.959142 
3829 0.959142 
3830 0.959142 
3831 0.959087 
3832 0.959087 
3833 0.959087 
3834 0.959087 
3835 0.959087 
3836 0.959479 
3837 0.959479 
3838 0.959479 
3839 0.959479 
3840 0.959479 
3841 0.959887 
3842 0.959887 
3843 0.959887 
3844 0.959887 
3845 0.959887 
3846 0.959542 
3847 0.959542 
3848 0.959542 
3849 0.959542 
3850 0.959542 
3851 0.959915 
3852 0.959915 
3853 0.959915 
3854 0.959915 
3855 0.959915 
3856 0.960119 
3857 0.960119 
3858 0.960119 
3859 0.960119 
3860 0.960119 
3861 0.960170 
3862 0.960170 
3863 0.960170 
3864 0.960170 
3865 0.960170 
3866 0.960185 
3867 0.960185 
3868 0.960185 
3869 0.960185 
3870 0.960185 
3871 0.960405 
3872 0.960405 
3873 0.960405 
3874 0.960405 
3875 0.960405 
3876 0.960413 
3877 0.960413 
3878 0.960413 
3879 0.960413 
3880 0.960413 
3881 0.960797 
3882 0.960797 
3883 0.960797 
3884 0.960797 
3885 0.960797 
3886 0.960797 
3887 0.960797 
3888 0.960797 
3889 0.960797 
3890 0.960797 
3891 0.960625 
3892 0.960625 
3893 0.960625 
3894 0.960625 
3895 0.960625 
3896 0.959667 
3897 0.959667 
3898 0.959667 
3899 0.959667 
3900 0.959667 
3901 0.960715 
3902 0.960715 
3903 0.960715 
3904 0.960715 
3905 0.960715 
3906 0.960794 
3907 0.960794 
3908 0.960794 
3909 0.960794 
3910 0.960794 
3911 0.960515 
3912 0.960515 
3913 0.960515 
3914 0.960515 
3915 0.960515 
3916 0.960264 
3917 0.960264 
3918 0.960264 
3919 0.960264 
3920 0.960264 
3921 0.963450 
3922 0.963450 
3923 0.963450 
3924 0.963450 
3925 0.963450 
3926 0.963199 
3927 0.963199 
3928 0.963199 
3929 0.963199 
3930 0.963199 
3931 0.963348 
3932 0.963348 
3933 0.963348 
3934 0.963348 
3935 0.963348 
3936 0.963399 
3937 0.963399 
3938 0.963399 
3939 0.963399 
3940 0.963399 
3941 0.963073 
3942 0.963073 
3943 0.963073 
3944 0.963073 
3945 0.963073 
3946 0.960947 
3947 0.960947 
3948 0.960947 
3949 0.960947 
3950 0.960947 
3951 0.960707 
3952 0.960707 
3953 0.960707 
3954 0.960707 
3955 0.960707 
3956 0.960746 
3957 0.960746 
3958 0.960746 
3959 0.960746 
3960 0.960746 
3961 0.961190 
3962 0.961190 
3963 0.961190 
3964 0.961190 
3965 0.961190 
3966 0.961092 
3967 0.961092 
3968 0.961092 
3969 0.961092 
3970 0.961092 
3971 0.961233 
3972 0.961233 
3973 0.961233 
3974 0.961233 
3975 0.961233 
3976 0.961009 
3977 0.961009 
3978 0.961009 
3979 0.961009 
3980 0.961009 
3981 0.961213 
3982 0.961213 
3983 0.961213 
3984 0.961213 
3985 0.961213 
3986 0.960958 
3987 0.960958 
3988 0.960958 
3989 0.960958 
3990 0.960958 
3991 0.960982 
3992 0.960982 
3993 0.960982 
3994 0.960982 
3995 0.960982 
3996 0.961763 
3997 0.961763 
3998 0.961763 
3999 0.961763 
4000 0.961763 
4001 0.961755 
4002 0.961755 
4003 0.961755 
4004 0.961755 
4005 0.961755 
4006 0.961523 
4007 0.961523 
4008 0.961523 
4009 0.961523 
4010 0.961523 
4011 0.961641 
4012 0.961641 
4013 0.961641 
4014 0.961641 
4015 0.961641 
4016 0.961551 
4017 0.961551 
4018 0.961551 
4019 0.961551 
4020 0.961551 
4021 0.961727 
4022 0.961727 
4023 0.961727 
4024 0.961727 
4025 0.961727 
4026 0.961500 
4027 0.961500 
4028 0.961500 
4029 0.961500 
4030 0.961500 
4031 0.961516 
4032 0.961516 
4033 0.961516 
4034 0.961516 
4035 0.961516 
4036 0.961362 
4037 0.961362 
4038 0.961362 
4039 0.961362 
4040 0.961362 
4041 0.961202 
4042 0.961202 
4043 0.961202 
4044 0.961202 
4045 0.961202 
4046 0.960539 
4047 0.960539 
4048 0.960539 
4049 0.960539 
4050 0.960539 
4051 0.960527 
4052 0.960527 
4053 0.960527 
4054 0.960527 
4055 0.960527 
4056 0.960378 
4057 0.960378 
4058 0.960378 
4059 0.960378 
4060 0.960378 
4061 0.960644 
4062 0.960644 
4063 0.960644 
4064 0.960644 
4065 0.960644 
4066 0.960754 
4067 0.960754 
4068 0.960754 
4069 0.960754 
4070 0.960754 
4071 0.959722 
4072 0.959722 
4073 0.959722 
4074 0.959722 
4075 0.959722 
4076 0.959989 
4077 0.959989 
4078 0.959989 
4079 0.959989 
4080 0.959989 
4081 0.959997 
4082 0.959997 
4083 0.959997 
4084 0.959997 
4085 0.959997 
4086 0.960024 
4087 0.960024 
4088 0.960024 
4089 0.960024 
4090 0.960024 
4091 0.960044 
4092 0.960044 
4093 0.960044 
4094 0.960044 
4095 0.960044 
4096 0.963548 
4097 0.963548 
4098 0.963548 
4099 0.963548 
4100 0.963548 
4101 0.963831 
4102 0.963831 
4103 0.963831 
4104 0.963831 
4105 0.963831 
4106 0.962838 
4107 0.962838 
4108 0.962838 
4109 0.962838 
4110 0.962838 
4111 0.962630 
4112 0.962630 
4113 0.962630 
4114 0.962630 
4115 0.962630 
4116 0.963281 
4117 0.963281 
4118 0.963281 
4119 0.963281 
4120 0.963281 
4121 0.964027 
4122 0.964027 
4123 0.964027 
4124 0.964027 
4125 0.964027 
4126 0.964035 
4127 0.964035 
4128 0.964035 
4129 0.964035 
4130 0.964035 
4131 0.963501 
4132 0.963501 
4133 0.963501 
4134 0.963501 
4135 0.963501 
4136 0.963560 
4137 0.963560 
4138 0.963560 
4139 0.963560 
4140 0.963560 
4141 0.963619 
4142 0.963619 
4143 0.963619 
4144 0.963619 
4145 0.963619 
4146 0.965278 
4147 0.965278 
4148 0.965278 
4149 0.965278 
4150 0.965278 
4151 0.965443 
4152 0.965443 
4153 0.965443 
4154 0.965443 
4155 0.965443 
4156 0.965914 
4157 0.965914 
4158 0.965914 
4159 0.965914 
4160 0.965914 
4161 0.965333 
4162 0.965333 
4163 0.965333 
4164 0.965333 
4165 0.965333 
4166 0.964494 
4167 0.964494 
4168 0.964494 
4169 0.964494 
4170 0.964494 
4171 0.963842 
4172 0.963842 
4173 0.963842 
4174 0.963842 
4175 0.963842 
4176 0.963740 
4177 0.963740 
4178 0.963740 
4179 0.963740 
4180 0.963740 
4181 0.963081 
4182 0.963081 
4183 0.963081 
4184 0.963081 
4185 0.963081 
4186 0.963250 
4187 0.963250 
4188 0.963250 
4189 0.963250 
4190 0.963250 
4191 0.965867 
4192 0.965867 
4193 0.965867 
4194 0.965867 
4195 0.965867 
4196 0.971184 
4197 0.971184 
4198 0.971184 
4199 0.971184 
4200 0.971184 
4201 0.971474 
4202 0.971474 
4203 0.971474 
4204 0.971474 
4205 0.971474 
4206 0.971454 
4207 0.971454 
4208 0.971454 
4209 0.971454 
4210 0.971454 
4211 0.973279 
4212 0.973279 
4213 0.973279 
4214 0.973279 
4215 0.973279 
4216 0.973930 
4217 0.973930 
4218 0.973930 
4219 0.973930 
4220 0.973930 
4221 0.975159 
4222 0.975159 
4223 0.975159 
4224 0.975159 
4225 0.975159 
4226 0.975312 
4227 0.975312 
4228 0.975312 
4229 0.975312 
4230 0.975312 
4231 0.974515 
4232 0.974515 
4233 0.974515 
4234 0.974515 
4235 0.974515 
4236 0.977795 
4237 0.977795 
4238 0.977795 
4239 0.977795 
4240 0.977795 
4241 0.977870 
4242 0.977870 
4243 0.977870 
4244 0.977870 
4245 0.977870 
4246 0.975928 
4247 0.975928 
4248 0.975928 
4249 0.975928 
4250 0.975928 
4251 0.975618 
4252 0.975618 
4253 0.975618 
4254 0.975618 
4255 0.975618 
4256 0.976332 
4257 0.976332 
4258 0.976332 
4259 0.976332 
4260 0.976332 
4261 0.979247 
4262 0.979247 
4263 0.979247 
4264 0.979247 
4265 0.979247 
4266 0.980632 
4267 0.980632 
4268 0.980632 
4269 0.980632 
4270 0.980632 
4271 0.982708 
4272 0.982708 
4273 0.982708 
4274 0.982708 
4275 0.982708 
4276 0.986275 
4277 0.986275 
4278 0.986275 
4279 0.986275 
4280 0.986275 
4281 0.984434 
4282 0.984434 
4283 0.984434 
4284 0.984434 
4285 0.984434 
4286 0.985372 
4287 0.985372 
4288 0.985372 
4289 0.985372 
4290 0.985372 
4291 0.984693 
4292 0.984693 
4293 0.984693 
4294 0.984693 
4295 0.984693 
4296 0.986844 
4297 0.986844 
4298 0.986844 
4299 0.986844 
4300 0.986844 
4301 0.987695 
4302 0.987695 
4303 0.987695 
4304 0.987695 
4305 0.987695 
4306 0.989139 
4307 0.989139 
4308 0.989139 
4309 0.989139 
4310 0.989139 
4311 0.989437 
4312 0.989437 
4313 0.989437 
4314 0.989437 
4315 0.989437 
4316 0.988252 
4317 0.988252 
4318 0.988252 
4319 0.988252 
4320 0.988252 
4321 0.989068 
4322 0.989068 
4323 0.989068 
4324 0.989068 
4325 0.989068 
4326 0.989088 
4327 0.989088 
4328 0.989088 
4329 0.989088 
4330 0.989088 
4331 0.987495 
4332 0.987495 
4333 0.987495 
4334 0.987495 
4335 0.987495 
4336 0.986981 
4337 0.986981 
4338 0.986981 
4339 0.986981 
4340 0.986981 
4341 0.988123 
4342 0.988123 
4343 0.988123 
4344 0.988123 
4345 0.988123 
4346 0.986769 
4347 0.986769 
4348 0.986769 
4349 0.986769 
4350 0.986769 
4351 0.986514 
4352 0.986514 
4353 0.986514 
4354 0.986514 
4355 0.986514 
4356 0.987055 
4357 0.987055 
4358 0.987055 
4359 0.987055 
4360 0.987055 
4361 0.988248 
4362 0.988248 
4363 0.988248 
4364 0.988248 
4365 0.988248 
4366 0.986867 
4367 0.986867 
4368 0.986867 
4369 0.986867 
4370 0.986867 
4371 0.986012 
4372 0.986012 
4373 0.986012 
4374 0.986012 
4375 0.986012 
4376 0.985572 
4377 0.985572 
4378 0.985572 
4379 0.985572 
4380 0.985572 
4381 0.981342 
4382 0.981342 
4383 0.981342 
4384 0.981342 
4385 0.981342 
4386 0.975162 
4387 0.975162 
4388 0.975162 
4389 0.975162 
4390 0.975162 
4391 0.971239 
4392 0.971239 
4393 0.971239 
4394 0.971239 
4395 0.971239 
4396 0.941657 
4397 0.941657 
4398 0.941657 
4399 0.941657 
4400 0.941657 
4401 0.910498 
4402 0.910498 
4403 0.910498 
4404 0.910498 
4405 0.910498 
4406 0.892912 
4407 0.892912 
4408 0.892912 
4409 0.892912 
4410 0.892912 
4411 0.832246 
4412 0.832246 
4413 0.832246 
4414 0.832246 
4415 0.832246 
4416 0.906689 
4417 0.906689 
4418 0.906689 
4419 0.906689 
4420 0.906689 
4421 0.983410 
4422 0.983410 
4423 0.983410 
4424 0.983410 
4425 0.983410 
4426 0.984085 
4427 0.984085 
4428 0.984085 
4429 0.984085 
4430 0.984085 
4431 0.981127 
4432 0.981127 
4433 0.981127 
4434 0.981127 
4435 0.981127 
4436 0.980373 
4437 0.980373 
4438 0.980373 
4439 0.980373 
4440 0.980373 
4441 0.979781 
4442 0.979781 
4443 0.979781 
4444 0.979781 
4445 0.979781 
4446 0.975916 
4447 0.975916 
4448 0.975916 
4449 0.975916 
4450 0.975916 
4451 0.970878 
4452 0.970878 
4453 0.970878 
4454 0.970878 
4455 0.970878 
4456 0.964745 
4457 0.964745 
4458 0.964745 
4459 0.964745 
4460 0.964745 
4461 0.959887 
4462 0.959887 
4463 0.959887 
4464 0.959887 
4465 0.959887 
4466 0.951867 
4467 0.951867 
4468 0.951867 
4469 0.951867 
4470 0.951867 
4471 0.959279 
4472 0.959279 
4473 0.959279 
4474 0.959279 
4475 0.959279 
4476 0.965404 
4477 0.965404 
4478 0.965404 
4479 0.965404 
4480 0.965404 
4481 0.970638 
4482 0.970638 
4483 0.970638 
4484 0.970638 
4485 0.970638 
4486 0.936325 
4487 0.936325 
4488 0.936325 
4489 0.936325 
4490 0.936325 
4491 0.922592 
4492 0.922592 
4493 0.922592 
4494 0.922592 
4495 0.922592 
4496 0.927151 
4497 0.927151 
4498 0.927151 
4499 0.927151 
4500 0.927151 
4501 0.950898 
4502 0.950898 
4503 0.950898 
4504 0.950898 
4505 0.950898 
4506 0.979012 
4507 0.979012 
4508 0.979012 
4509 0.979012 
4510 0.979012 
4511 0.979942 
4512 0.979942 
4513 0.979942 
4514 0.979942 
4515 0.979942 
4516 0.983932 
4517 0.983932 
4518 0.983932 
4519 0.983932 
4520 0.983932 
4521 0.981849 
4522 0.981849 
4523 0.981849 
4524 0.981849 
4525 0.981849 
4526 0.983987 
4527 0.983987 
4528 0.983987 
4529 0.983987 
4530 0.983987 
4531 0.983975 
4532 0.983975 
4533 0.983975 
4534 0.983975 
4535 0.983975 
4536 0.983861 
4537 0.983861 
4538 0.983861 
4539 0.983861 
4540 0.983861 
4541 0.983508 
4542 0.983508 
4543 0.983508 
4544 0.983508 
4545 0.983508 
4546 0.984485 
4547 0.984485 
4548 0.984485 
4549 0.984485 
4550 0.984485 
4551 0.982186 
4552 0.982186 
4553 0.982186 
4554 0.982186 
4555 0.982186 
4556 0.978152 
4557 0.978152 
4558 0.978152 
4559 0.978152 
4560 0.978152 
4561 0.981546 
4562 0.981546 
4563 0.981546 
4564 0.981546 
4565 0.981546 
4566 0.982096 
4567 0.982096 
4568 0.982096 
4569 0.982096 
4570 0.982096 
4571 0.982551 
4572 0.982551 
4573 0.982551 
4574 0.982551 
4575 0.982551 
4576 0.983983 
4577 0.983983 
4578 0.983983 
4579 0.983983 
4580 0.983983 
4581 0.983987 
4582 0.983987 
4583 0.983987 
4584 0.983987 
4585 0.983987 
4586 0.982092 
4587 0.982092 
4588 0.982092 
4589 0.982092 
4590 0.982092 
4591 0.979757 
4592 0.979757 
4593 0.979757 
4594 0.979757 
4595 0.979757 
4596 0.981786 
4597 0.981786 
4598 0.981786 
4599 0.981786 
4600 0.981786 
4601 0.978525 
4602 0.978525 
4603 0.978525 
4604 0.978525 
4605 0.978525 
4606 0.975531 
4607 0.975531 
4608 0.975531 
4609 0.975531 
4610 0.975531 
4611 0.977014 
4612 0.977014 
4613 0.977014 
4614 0.977014 
4615 0.977014 
4616 0.978835 
4617 0.978835 
4618 0.978835 
4619 0.978835 
4620 0.978835 
4621 0.981189 
4622 0.981189 
4623 0.981189 
4624 0.981189 
4625 0.981189 
4626 0.978792 
4627 0.978792 
4628 0.978792 
4629 0.978792 
4630 0.978792 
4631 0.982394 
4632 0.982394 
4633 0.982394 
4634 0.982394 
4635 0.982394 
4636 0.983049 
4637 0.983049 
4638 0.983049 
4639 0.983049 
4640 0.983049 
4641 0.980232 
4642 0.980232 
4643 0.980232 
4644 0.980232 
4645 0.980232 
4646 0.980542 
4647 0.980542 
4648 0.980542 
4649 0.980542 
4650 0.980542 
4651 0.981802 
4652 0.981802 
4653 0.981802 
4654 0.981802 
4655 0.981802 
4656 0.982665 
4657 0.982665 
4658 0.982665 
4659 0.982665 
4660 0.982665 
4661 0.984870 
4662 0.984870 
4663 0.984870 
4664 0.984870 
4665 0.984870 
4666 0.986761 
4667 0.986761 
4668 0.986761 
4669 0.986761 
4670 0.986761 
4671 0.988276 
4672 0.988276 
4673 0.988276 
4674 0.988276 
4675 0.988276 
4676 0.983536 
4677 0.983536 
4678 0.983536 
4679 0.983536 
4680 0.983536 
4681 0.978427 
4682 0.978427 
4683 0.978427 
4684 0.978427 
4685 0.978427 
4686 0.971851 
4687 0.971851 
4688 0.971851 
4689 0.971851 
4690 0.971851 
4691 0.963976 
4692 0.963976 
4693 0.963976 
4694 0.963976 
4695 0.963976 
4696 0.954774 
4697 0.954774 
4698 0.954774 
4699 0.954774 
4700 0.954774 
4701 0.960444 
4702 0.960444 
4703 0.960444 
4704 0.960444 
4705 0.960444 
4706 0.963893 
4707 0.963893 
4708 0.963893 
4709 0.963893 
4710 0.963893 
4711 0.973668 
4712 0.973668 
4713 0.973668 
4714 0.973668 
4715 0.973668 
4716 0.982786 
4717 0.982786 
4718 0.982786 
4719 0.982786 
4720 0.982786 
4721 0.989312 
4722 0.989312 
4723 0.989312 
4724 0.989312 
4725 0.989312 
4726 0.986263 
4727 0.986263 
4728 0.986263 
4729 0.986263 
4730 0.986263 
4731 0.980703 
4732 0.980703 
4733 0.980703 
4734 0.980703 
4735 0.980703 
4736 0.981648 
4737 0.981648 
4738 0.981648 
4739 0.981648 
4740 0.981648 
4741 0.985356 
4742 0.985356 
4743 0.985356 
4744 0.985356 
4745 0.985356 
4746 0.983489 
4747 0.983489 
4748 0.983489 
4749 0.983489 
4750 0.983489 
4751 0.937879 
4752 0.937879 
4753 0.937879 
4754 0.937879 
4755 0.937879 
4756 0.675103 
4757 0.675103 
4758 0.675103 
4759 0.675103 
4760 0.675103 
4761 0.348624 
4762 0.348624 
4763 0.348624 
4764 0.348624 
4765 0.348624 
4766 0.258966 
4767 0.258966 
4768 0.258966 
4769 0.258966 
4770 0.258966 
4771 0.168683 
4772 0.168683 
4773 0.168683 
4774 0.168683 
4775 0.168683 
4776 0.125051 
4777 0.125051 
4778 0.125051 
4779 0.125051 
4780 0.125051 
4781 0.089937 
4782 0.089937 
4783 0.089937 
4784 0.089937 
4785 0.089937 
4786 0.069616 
4787 0.069616 
4788 0.069616 
4789 0.069616 
4790 0.069616 
4791 0.067375 
4792 0.067375 
4793 0.067375 
4794 0.067375 
4795 0.067375 
4796 0.061423 
4797 0.061423 
4798 0.061423 
4799 0.061423 
4800 0.061423 
4801 0.060509 
4802 0.060509 
4803 0.060509 
4804 0.060509 
4805 0.060509 
4806 0.059190 
4807 0.059190 
4808 0.059190 
4809 0.059190 
4810 0.059190 
4811 0.060513 
4812 0.060513 
4813 0.060513 
4814 0.060513 
4815 0.060513 
4816 0.067944 
4817 0.067944 
4818 0.067944 
4819 0.067944 
4820 0.067944 
4821 0.091071 
4822 0.091071 
4823 0.091071 
4824 0.091071 
4825 0.091071 
4826 0.091699 
4827 0.091699 
4828 0.091699 
4829 0.091699 
4830 0.091699 
4831 0.094289 
4832 0.094289 
4833 0.094289 
4834 0.094289 
4835 0.094289 
4836 0.095674 
4837 0.095674 
4838 0.095674 
4839 0.095674 
4840 0.095674 
4841 0.100194 
4842 0.100194 
4843 0.100194 
4844 0.100194 
4845 0.100194 
4846 0.105801 
4847 0.105801 
4848 0.105801 
4849 0.105801 
4850 0.105801 
4851 0.112805 
4852 0.112805 
4853 0.112805 
4854 0.112805 
4855 0.112805 
4856 0.117415 
4857 0.117415 
4858 0.117415 
4859 0.117415 
4860 0.117415 
4861 0.106036 
4862 0.106036 
4863 0.106036 
4864 0.106036 
4865 0.106036 
4866 0.109073 
4867 0.109073 
4868 0.109073 
4869 0.109073 
4870 0.109073 
4871 0.114833 
4872 0.114833 
4873 0.114833 
4874 0.114833 
4875 0.114833 
4876 0.119668 
4877 0.119668 
4878 0.119668 
4879 0.119668 
4880 0.119668 
4881 0.124027 
4882 0.124027 
4883 0.124027 
4884 0.124027 
4885 0.124027 
4886 0.108814 
4887 0.108814 
4888 0.108814 
4889 0.108814 
4890 0.108814 
4891 0.110231 
4892 0.110231 
4893 0.110231 
4894 0.110231 
4895 0.110231 
4896 0.115508 
4897 0.115508 
4898 0.115508 
4899 0.115508 
4900 0.115508 
4901 0.120970 
4902 0.120970 
4903 0.120970 
4904 0.120970 
4905 0.120970 
4906 0.122383 
4907 0.122383 
4908 0.122383 
4909 0.122383 
4910 0.122383 
4911 0.100990 
4912 0.100990 
4913 0.100990 
4914 0.100990 
4915 0.100990 
4916 0.118377 
4917 0.118377 
4918 0.118377 
4919 0.118377 
4920 0.118377 
4921 0.196362 
4922 0.196362 
4923 0.196362 
4924 0.196362 
4925 0.196362 
4926 0.228506 
4927 0.228506 
4928 0.228506 
4929 0.228506 
4930 0.228506 
4931 0.285416 
4932 0.285416 
4933 0.285416 
4934 0.285416 
4935 0.285416 
4936 0.391154 
4937 0.391154 
4938 0.391154 
4939 0.391154 
4940 0.391154 
4941 0.605024 
4942 0.605024 
4943 0.605024 
4944 0.605024 
4945 0.605024 
4946 0.707764 
4947 0.707764 
4948 0.707764 
4949 0.707764 
4950 0.707764 
4951 0.728007 
4952 0.728007 
4953 0.728007 
4954 0.728007 
4955 0.728007 
4956 0.585291 
4957 0.585291 
4958 0.585291 
4959 0.585291 
4960 0.585291 
4961 0.180478 
4962 0.180478 
4963 0.180478 
4964 0.180478 
4965 0.180478 
4966 0.097114 
4967 0.097114 
4968 0.097114 
4969 0.097114 
4970 0.097114 
4971 0.200592 
4972 0.200592 
4973 0.200592 
4974 0.200592 
4975 0.200592 
4976 0.296446 
4977 0.296446 
4978 0.296446 
4979 0.296446 
4980 0.296446 
4981 0.325211 
4982 0.325211 
4983 0.325211 
4984 0.325211 
4985 0.325211 
4986 0.330971 
4987 0.330971 
4988 0.330971 
4989 0.330971 
4990 0.330971 
4991 0.300346 
4992 0.300346 
4993 0.300346 
4994 0.300346 
4995 0.300346 
4996 0.259574 
4997 0.259574 
4998 0.259574 
4999 0.259574 
5000 0.259574 
5001 0.204778 
5002 0.204778 
5003 0.204778 
5004 0.204778 
5005 0.204778 
5006 0.137564 
5007 0.137564 
5008 0.137564 
5009 0.137564 
5010 0.137564 
5011 0.128045 
5012 0.128045 
5013 0.128045 
5014 0.128045 
5015 0.128045 
5016 0.105644 
5017 0.105644 
5018 0.105644 
5019 0.105644 
5020 0.105644 
5021 0.123819 
5022 0.123819 
5023 0.123819 
5024 0.123819 
5025 0.123819 
5026 0.141193 
5027 0.141193 
5028 0.141193 
5029 0.141193 
5030 0.141193 
5031 0.132557 
5032 0.132557 
5033 0.132557 
5034 0.132557 
5035 0.132557 
5036 0.120515 
5037 0.120515 
5038 0.120515 
5039 0.120515 
5040 0.120515 
5041 0.119044 
5042 0.119044 
5043 0.119044 
5044 0.119044 
5045 0.119044 
5046 0.105499 
5047 0.105499 
5048 0.105499 
5049 0.105499 
5050 0.105499 
5051 0.132404 
5052 0.132404 
5053 0.132404 
5054 0.132404 
5055 0.132404 
5056 0.180310 
5057 0.180310 
5058 0.180310 
5059 0.180310 
5060 0.180310 
5061 0.282901 
5062 0.282901 
5063 0.282901 
5064 0.282901 
5065 0.282901 
5066 0.390679 
5067 0.390679 
5068 0.390679 
5069 0.390679 
5070 0.390679 
5071 0.528483 
5072 0.528483 
5073 0.528483 
5074 0.528483 
5075 0.528483 
5076 0.620193 
5077 0.620193 
5078 0.620193 
5079 0.620193 
5080 0.620193 
5081 0.676123 
5082 0.676123 
5083 0.676123 
5084 0.676123 
5085 0.676123 
5086 0.670261 
5087 0.670261 
5088 0.670261 
5089 0.670261 
5090 0.670261 
5091 0.361165 
5092 0.361165 
5093 0.361165 
5094 0.361165 
5095 0.361165 
5096 0.322441 
5097 0.322441 
5098 0.322441 
5099 0.322441 
5100 0.322441 
5101 0.309861 
5102 0.309861 
5103 0.309861 
5104 0.309861 
5105 0.309861 
5106 0.306867 
5107 0.306867 
5108 0.306867 
5109 0.306867 
5110 0.306867 
5111 0.377335 
5112 0.377335 
5113 0.377335 
5114 0.377335 
5115 0.377335 
5116 0.337877 
5117 0.337877 
5118 0.337877 
5119 0.337877 
5120 0.337877 
5121 0.330312 
5122 0.330312 
5123 0.330312 
5124 0.330312 
5125 0.330312 
5126 0.342444 
5127 0.342444 
5128 0.342444 
5129 0.342444 
5130 0.342444 
5131 0.346207 
5132 0.346207 
5133 0.346207 
5134 0.346207 
5135 0.346207 
5136 0.430416 
5137 0.430416 
5138 0.430416 
5139 0.430416 
5140 0.430416 
5141 0.431581 
5142 0.431581 
5143 0.431581 
5144 0.431581 
5145 0.431581 
5146 0.429027 
5147 0.429027 
5148 0.429027 
5149 0.429027 
5150 0.429027 
5151 0.430133 
5152 0.430133 
5153 0.430133 
5154 0.430133 
5155 0.430133 
5156 0.429823 
5157 0.429823 
5158 0.429823 
5159 0.429823 
5160 0.429823 
5161 0.409004 
5162 0.409004 
5163 0.409004 
5164 0.409004 
5165 0.409004 
5166 0.410067 
5167 0.410067 
5168 0.410067 
5169 0.410067 
5170 0.410067 
5171 0.413175 
5172 0.413175 
5173 0.413175 
5174 0.413175 
5175 0.413175 
5176 0.418154 
5177 0.418154 
5178 0.418154 
5179 0.418154 
5180 0.418154 
5181 0.421430 
5182 0.421430 
5183 0.421430 
5184 0.421430 
5185 0.421430 
5186 0.357908 
5187 0.357908 
5188 0.357908 
5189 0.357908 
5190 0.357908 
5191 0.363594 
5192 0.363594 
5193 0.363594 
5194 0.363594 
5195 0.363594 
5196 0.326985 
5197 0.326985 
5198 0.326985 
5199 0.326985 
5200 0.326985 
5201 0.339144 
5202 0.339144 
5203 0.339144 
5204 0.339144 
5205 0.339144 
5206 0.348346 
5207 0.348346 
5208 0.348346 
5209 0.348346 
5210 0.348346 
5211 0.351991 
5212 0.351991 
5213 0.351991 
5214 0.351991 
5215 0.351991 
5216 0.354279 
5217 0.354279 
5218 0.354279 
5219 0.354279 
5220 0.354279 
5221 0.030700 
5222 0.030700 
5223 0.030700 
5224 0.030700 
5225 0.030700 
5226 0.116850 
5227 0.116850 
5228 0.116850 
5229 0.116850 
5230 0.116850 
5231 0.171591 
5232 0.171591 
5233 0.171591 
5234 0.171591 
5235 0.171591 
5236 0.218414 
5237 0.218414 
5238 0.218414 
5239 0.218414 
5240 0.218414 
5241 0.246708 
5242 0.246708 
5243 0.246708 
5244 0.246708 
5245 0.246708 
5246 0.343786 
5247 0.343786 
5248 0.343786 
5249 0.343786 
5250 0.343786 
5251 0.360137 
5252 0.360137 
5253 0.360137 
5254 0.360137 
5255 0.360137 
5256 0.375024 
5257 0.375024 
5258 0.375024 
5259 0.375024 
5260 0.375024 
5261 0.419468 
5262 0.419468 
5263 0.419468 
5264 0.419468 
5265 0.419468 
5266 0.447213 
5267 0.447213 
5268 0.447213 
5269 0.447213 
5270 0.447213 
5271 0.217672 
5272 0.217672 
5273 0.217672 
5274 0.217672 
5275 0.217672 
5276 0.230664 
5277 0.230664 
5278 0.230664 
5279 0.230664 
5280 0.230664 
5281 0.235384 
5282 0.235384 
5283 0.235384 
5284 0.235384 
5285 0.235384 
5286 0.226493 
5287 0.226493 
5288 0.226493 
5289 0.226493 
5290 0.226493 
5291 0.283317 
5292 0.283317 
5293 0.283317 
5294 0.283317 
5295 0.283317 
5296 0.444526 
5297 0.444526 
5298 0.444526 
5299 0.444526 
5300 0.444526 
5301 0.558943 
5302 0.558943 
5303 0.558943 
5304 0.558943 
5305 0.558943 
5306 0.718759 
5307 0.718759 
5308 0.718759 
5309 0.718759 
5310 0.718759 
5311 0.799797 
5312 0.799797 
5313 0.799797 
5314 0.799797 
5315 0.799797 
5316 0.840722 
5317 0.840722 
5318 0.840722 
5319 0.840722 
5320 0.840722 
5321 0.912731 
5322 0.912731 
5323 0.912731 
5324 0.912731 
5325 0.912731 
5326 0.921940 
5327 0.921940 
5328 0.921940 
5329 0.921940 
5330 0.921940 
5331 0.928909 
5332 0.928909 
5333 0.928909 
5334 0.928909 
5335 0.928909 
5336 0.933182 
5337 0.933182 
5338 0.933182 
5339 0.933182 
5340 0.933182 
5341 0.935921 
5342 0.935921 
5343 0.935921 
5344 0.935921 
5345 0.935921 
5346 0.892045 
5347 0.892045 
5348 0.892045 
5349 0.892045 
5350 0.892045 
5351 0.900638 
5352 0.900638 
5353 0.900638 
5354 0.900638 
5355 0.900638 
5356 0.912680 
5357 0.912680 
5358 0.912680 
5359 0.912680 
5360 0.912680 
5361 0.921269 
5362 0.921269 
5363 0.921269 
5364 0.921269 
5365 0.921269 
5366 0.852493 
5367 0.852493 
5368 0.852493 
5369 0.852493 
5370 0.852493 
5371 0.646899 
5372 0.646899 
5373 0.646899 
5374 0.646899 
5375 0.646899 
5376 0.633601 
5377 0.633601 
5378 0.633601 
5379 0.633601 
5380 0.633601 
5381 0.597424 
5382 0.597424 
5383 0.597424 
5384 0.597424 
5385 0.597424 
5386 0.564201 
5387 0.564201 
5388 0.564201 
5389 0.564201 
5390 0.564201 
5391 0.570004 
5392 0.570004 
5393 0.570004 
5394 0.570004 
5395 0.570004 
5396 0.591628 
5397 0.591628 
5398 0.591628 
5399 0.591628 
5400 0.591628 
5401 0.599539 
5402 0.599539 
5403 0.599539 
5404 0.599539 
5405 0.599539 
5406 0.591805 
5407 0.591805 
5408 0.591805 
5409 0.591805 
5410 0.591805 
5411 0.578185 
5412 0.578185 
5413 0.578185 
5414 0.578185 
5415 0.578185 
5416 0.577569 
5417 0.577569 
5418 0.577569 
5419 0.577569 
5420 0.577569 
5421 0.600649 
5422 0.600649 
5423 0.600649 
5424 0.600649 
5425 0.600649 
5426 0.629850 
5427 0.629850 
5428 0.629850 
5429 0.629850 
5430 0.629850 
5431 0.648857 
5432 0.648857 
5433 0.648857 
5434 0.648857 
5435 0.648857 
5436 0.674761 
5437 0.674761 
5438 0.674761 
5439 0.674761 
5440 0.674761 
5441 0.695605 
5442 0.695605 
5443 0.695605 
5444 0.695605 
5445 0.695605 
5446 0.719461 
5447 0.719461 
5448 0.719461 
5449 0.719461 
5450 0.719461 
5451 0.726245 
5452 0.726245 
5453 0.726245 
5454 0.726245 
5455 0.726245 
5456 0.732472 
5457 0.732472 
5458 0.732472 
5459 0.732472 
5460 0.732472 
5461 0.734760 
5462 0.734760 
5463 0.734760 
5464 0.734760 
5465 0.734760 
5466 0.769446 
5467 0.769446 
5468 0.769446 
5469 0.769446 
5470 0.769446 
5471 0.836563 
5472 0.836563 
5473 0.836563 
5474 0.836563 
5475 0.836563 
5476 0.835472 
5477 0.835472 
5478 0.835472 
5479 0.835472 
5480 0.835472 
5481 0.836931 
5482 0.836931 
5483 0.836931 
5484 0.836931 
5485 0.836931 
5486 0.842134 
5487 0.842134 
5488 0.842134 
5489 0.842134 
5490 0.842134 
5491 0.847832 
5492 0.847832 
5493 0.847832 
5494 0.847832 
5495 0.847832 
5496 0.911891 
5497 0.911891 
5498 0.911891 
5499 0.911891 
5500 0.911891 
5501 0.972522 
5502 0.972522 
5503 0.972522 
5504 0.972522 
5505 0.972522 
5506 0.977364 
5507 0.977364 
5508 0.977364 
5509 0.977364 
5510 0.977364 
5511 0.979785 
5512 0.979785 
5513 0.979785 
5514 0.979785 
5515 0.979785 
5516 0.979875 
5517 0.979875 
5518 0.979875 
5519 0.979875 
5520 0.979875 
5521 0.981013 
5522 0.981013 
5523 0.981013 
5524 0.981013 
5525 0.981013 
5526 0.980577 
5527 0.980577 
5528 0.980577 
5529 0.980577 
5530 0.980577 
5531 0.980358 
5532 0.980358 
5533 0.980358 
5534 0.980358 
5535 0.980358 
5536 0.979141 
5537 0.979141 
5538 0.979141 
5539 0.979141 
5540 0.979141 
5541 0.978670 
5542 0.978670 
5543 0.978670 
5544 0.978670 
5545 0.978670 
5546 0.979047 
5547 0.979047 
5548 0.979047 
5549 0.979047 
5550 0.979047 
5551 0.977721 
5552 0.977721 
5553 0.977721 
5554 0.977721 
5555 0.977721 
5556 0.977246 
5557 0.977246 
5558 0.977246 
5559 0.977246 
5560 0.977246 
5561 0.976803 
5562 0.976803 
5563 0.976803 
5564 0.976803 
5565 0.976803 
5566 0.975437 
5567 0.975437 
5568 0.975437 
5569 0.975437 
5570 0.975437 
5571 0.973275 
5572 0.973275 
5573 0.973275 
5574 0.973275 
5575 0.973275 
5576 0.973597 
5577 0.973597 
5578 0.973597 
5579 0.973597 
5580 0.973597 
5581 0.972071 
5582 0.972071 
5583 0.972071 
5584 0.972071 
5585 0.972071 
5586 0.972628 
5587 0.972628 
5588 0.972628 
5589 0.972628 
5590 0.972628 
5591 0.972314 
5592 0.972314 
5593 0.972314 
5594 0.972314 
5595 0.972314 
5596 0.972934 
5597 0.972934 
5598 0.972934 
5599 0.972934 
5600 0.972934 
5601 0.972820 
5602 0.972820 
5603 0.972820 
5604 0.972820 
5605 0.972820 
5606 0.972894 
5607 0.972894 
5608 0.972894 
5609 0.972894 
5610 0.972894 
5611 0.971863 
5612 0.971863 
5613 0.971863 
5614 0.971863 
5615 0.971863 
5616 0.971101 
5617 0.971101 
5618 0.971101 
5619 0.971101 
5620 0.971101 
5621 0.969018 
5622 0.969018 
5623 0.969018 
5624 0.969018 
5625 0.969018 
5626 0.969289 
5627 0.969289 
5628 0.969289 
5629 0.969289 
5630 0.969289 
5631 0.969175 
5632 0.969175 
5633 0.969175 
5634 0.969175 
5635 0.969175 
5636 0.970858 
5637 0.970858 
5638 0.970858 
5639 0.970858 
5640 0.970858 
5641 0.971556 
5642 0.971556 
5643 0.971556 
5644 0.971556 
5645 0.971556 
5646 0.971592 
5647 0.971592 
5648 0.971592 
5649 0.971592 
5650 0.971592 
5651 0.971721 
5652 0.971721 
5653 0.971721 
5654 0.971721 
5655 0.971721 
5656 0.971792 
5657 0.971792 
5658 0.971792 
5659 0.971792 
5660 0.971792 
5661 0.972326 
5662 0.972326 
5663 0.972326 
5664 0.972326 
5665 0.972326 
5666 0.972420 
5667 0.972420 
5668 0.972420 
5669 0.972420 
5670 0.972420 
5671 0.973899 
5672 0.973899 
5673 0.973899 
5674 0.973899 
5675 0.973899 
5676 0.973781 
5677 0.973781 
5678 0.973781 
5679 0.973781 
5680 0.973781 
5681 0.973852 
5682 0.973852 
5683 0.973852 
5684 0.973852 
5685 0.973852 
5686 0.973569 
5687 0.973569 
5688 0.973569 
5689 0.973569 
5690 0.973569 
5691 0.973652 
5692 0.973652 
5693 0.973652 
5694 0.973652 
5695 0.973652 
5696 0.974060 
5697 0.974060 
5698 0.974060 
5699 0.974060 
5700 0.974060 
5701 0.973746 
5702 0.973746 
5703 0.973746 
5704 0.973746 
5705 0.973746 
5706 0.973593 
5707 0.973593 
5708 0.973593 
5709 0.973593 
5710 0.973593 
5711 0.974276 
5712 0.974276 
5713 0.974276 
5714 0.974276 
5715 0.974276 
5716 0.974299 
5717 0.974299 
5718 0.974299 
5719 0.974299 
5720 0.974299 
5721 0.973915 
5722 0.973915 
5723 0.973915 
5724 0.973915 
5725 0.973915 
5726 0.973993 
5727 0.973993 
5728 0.973993 
5729 0.973993 
5730 0.973993 
5731 0.973679 
5732 0.973679 
5733 0.973679 
5734 0.973679 
5735 0.973679 
5736 0.973554 
Time taken: 255.735075
