1 0.169632 
2 0.169632 
3 0.169632 
4 0.169632 
5 0.169632 
6 0.169632 
7 0.169632 
8 0.169632 
9 0.169632 
10 0.260434 
11 0.260434 
12 0.260434 
13 0.260434 
14 0.260434 
15 0.260434 
16 0.260434 
17 0.260434 
18 0.260434 
19 0.276269 
20 0.276269 
21 0.276269 
22 0.276269 
23 0.276269 
24 0.276269 
25 0.276269 
26 0.276269 
27 0.276269 
28 0.279842 
29 0.279842 
30 0.279842 
31 0.279842 
32 0.279842 
33 0.279842 
34 0.279842 
35 0.279842 
36 0.279842 
37 0.293884 
38 0.293884 
39 0.293884 
40 0.293884 
41 0.293884 
42 0.293884 
43 0.293884 
44 0.293884 
45 0.293884 
46 0.287169 
47 0.287169 
48 0.287169 
49 0.287169 
50 0.287169 
51 0.287169 
52 0.287169 
53 0.287169 
54 0.287169 
55 0.277889 
56 0.277889 
57 0.277889 
58 0.277889 
59 0.277889 
60 0.277889 
61 0.277889 
62 0.277889 
63 0.277889 
64 0.270977 
65 0.270977 
66 0.270977 
67 0.270977 
68 0.270977 
69 0.270977 
70 0.270977 
71 0.270977 
72 0.270977 
73 0.275623 
74 0.275623 
75 0.275623 
76 0.275623 
77 0.275623 
78 0.275623 
79 0.275623 
80 0.275623 
81 0.275623 
82 0.282781 
83 0.282781 
84 0.282781 
85 0.282781 
86 0.282781 
87 0.282781 
88 0.282781 
89 0.282781 
90 0.282781 
91 0.380757 
92 0.380757 
93 0.380757 
94 0.380757 
95 0.380757 
96 0.380757 
97 0.380757 
98 0.380757 
99 0.380757 
100 0.439244 
101 0.439244 
102 0.439244 
103 0.439244 
104 0.439244 
105 0.439244 
106 0.439244 
107 0.439244 
108 0.439244 
109 0.454922 
110 0.454922 
111 0.454922 
112 0.454922 
113 0.454922 
114 0.454922 
115 0.454922 
116 0.454922 
117 0.454922 
118 0.474428 
119 0.474428 
120 0.474428 
121 0.474428 
122 0.474428 
123 0.474428 
124 0.474428 
125 0.474428 
126 0.474428 
127 0.483609 
128 0.483609 
129 0.483609 
130 0.483609 
131 0.483609 
132 0.483609 
133 0.483609 
134 0.483609 
135 0.483609 
136 0.468812 
137 0.468812 
138 0.468812 
139 0.468812 
140 0.468812 
141 0.468812 
142 0.468812 
143 0.468812 
144 0.468812 
145 0.440242 
146 0.440242 
147 0.440242 
148 0.440242 
149 0.440242 
150 0.440242 
151 0.440242 
152 0.440242 
153 0.440242 
154 0.421687 
155 0.421687 
156 0.421687 
157 0.421687 
158 0.421687 
159 0.421687 
160 0.421687 
161 0.421687 
162 0.421687 
163 0.405793 
164 0.405793 
165 0.405793 
166 0.405793 
167 0.405793 
168 0.405793 
169 0.405793 
170 0.405793 
171 0.405793 
172 0.400478 
173 0.400478 
174 0.400478 
175 0.400478 
176 0.400478 
177 0.400478 
178 0.400478 
179 0.400478 
180 0.400478 
181 0.389109 
182 0.389109 
183 0.389109 
184 0.389109 
185 0.389109 
186 0.389109 
187 0.389109 
188 0.389109 
189 0.389109 
190 0.377309 
191 0.377309 
192 0.377309 
193 0.377309 
194 0.377309 
195 0.377309 
196 0.377309 
197 0.377309 
198 0.377309 
199 0.373200 
200 0.373200 
201 0.373200 
202 0.373200 
203 0.373200 
204 0.373200 
205 0.373200 
206 0.373200 
207 0.373200 
208 0.371442 
209 0.371442 
210 0.371442 
211 0.371442 
212 0.371442 
213 0.371442 
214 0.371442 
215 0.371442 
216 0.371442 
217 0.373227 
218 0.373227 
219 0.373227 
220 0.373227 
221 0.373227 
222 0.373227 
223 0.373227 
224 0.373227 
225 0.373227 
226 0.384910 
227 0.384910 
228 0.384910 
229 0.384910 
230 0.384910 
231 0.384910 
232 0.384910 
233 0.384910 
234 0.384910 
235 0.379673 
236 0.379673 
237 0.379673 
238 0.379673 
239 0.379673 
240 0.379673 
241 0.379673 
242 0.379673 
243 0.379673 
244 0.376362 
245 0.376362 
246 0.376362 
247 0.376362 
248 0.376362 
249 0.376362 
250 0.376362 
251 0.376362 
252 0.376362 
253 0.374679 
254 0.374679 
255 0.374679 
256 0.374679 
257 0.374679 
258 0.374679 
259 0.374679 
260 0.374679 
261 0.374679 
262 0.372073 
263 0.372073 
264 0.372073 
265 0.372073 
266 0.372073 
267 0.372073 
268 0.372073 
269 0.372073 
270 0.372073 
271 0.373098 
272 0.373098 
273 0.373098 
274 0.373098 
275 0.373098 
276 0.373098 
277 0.373098 
278 0.373098 
279 0.373098 
280 0.372573 
281 0.372573 
282 0.372573 
283 0.372573 
284 0.372573 
285 0.372573 
286 0.372573 
287 0.372573 
288 0.372573 
289 0.375059 
290 0.375059 
291 0.375059 
292 0.375059 
293 0.375059 
294 0.375059 
295 0.375059 
296 0.375059 
297 0.375059 
298 0.368366 
299 0.368366 
300 0.368366 
301 0.368366 
302 0.368366 
303 0.368366 
304 0.368366 
305 0.368366 
306 0.368366 
307 0.367427 
308 0.367427 
309 0.367427 
310 0.367427 
311 0.367427 
312 0.367427 
313 0.367427 
314 0.367427 
315 0.367427 
316 0.367857 
317 0.367857 
318 0.367857 
319 0.367857 
320 0.367857 
321 0.367857 
322 0.367857 
323 0.367857 
324 0.367857 
325 0.371646 
326 0.371646 
327 0.371646 
328 0.371646 
329 0.371646 
330 0.371646 
331 0.371646 
332 0.371646 
333 0.371646 
334 0.370992 
335 0.370992 
336 0.370992 
337 0.370992 
338 0.370992 
339 0.370992 
340 0.370992 
341 0.370992 
342 0.370992 
343 0.384385 
344 0.384385 
345 0.384385 
346 0.384385 
347 0.384385 
348 0.384385 
349 0.384385 
350 0.384385 
351 0.384385 
352 0.419738 
353 0.419738 
354 0.419738 
355 0.419738 
356 0.419738 
357 0.419738 
358 0.419738 
359 0.419738 
360 0.419738 
361 0.419053 
362 0.419053 
363 0.419053 
364 0.419053 
365 0.419053 
366 0.419053 
367 0.419053 
368 0.419053 
369 0.419053 
370 0.413147 
371 0.413147 
372 0.413147 
373 0.413147 
374 0.413147 
375 0.413147 
376 0.413147 
377 0.413147 
378 0.413147 
379 0.405848 
380 0.405848 
381 0.405848 
382 0.405848 
383 0.405848 
384 0.405848 
385 0.405848 
386 0.405848 
387 0.405848 
388 0.411840 
389 0.411840 
390 0.411840 
391 0.411840 
392 0.411840 
393 0.411840 
394 0.411840 
395 0.411840 
396 0.411840 
397 0.431714 
398 0.431714 
399 0.431714 
400 0.431714 
401 0.431714 
402 0.431714 
403 0.431714 
404 0.431714 
405 0.431714 
406 0.444633 
407 0.444633 
408 0.444633 
409 0.444633 
410 0.444633 
411 0.444633 
412 0.444633 
413 0.444633 
414 0.444633 
415 0.486560 
416 0.486560 
417 0.486560 
418 0.486560 
419 0.486560 
420 0.486560 
421 0.486560 
422 0.486560 
423 0.486560 
424 0.560342 
425 0.560342 
426 0.560342 
427 0.560342 
428 0.560342 
429 0.560342 
430 0.560342 
431 0.560342 
432 0.560342 
433 0.621959 
434 0.621959 
435 0.621959 
436 0.621959 
437 0.621959 
438 0.621959 
439 0.621959 
440 0.621959 
441 0.621959 
442 0.661065 
443 0.661065 
444 0.661065 
445 0.661065 
446 0.661065 
447 0.661065 
448 0.661065 
449 0.661065 
450 0.661065 
451 0.697220 
452 0.697220 
453 0.697220 
454 0.697220 
455 0.697220 
456 0.697220 
457 0.697220 
458 0.697220 
459 0.697220 
460 0.721641 
461 0.721641 
462 0.721641 
463 0.721641 
464 0.721641 
465 0.721641 
466 0.721641 
467 0.721641 
468 0.721641 
469 0.742685 
470 0.742685 
471 0.742685 
472 0.742685 
473 0.742685 
474 0.742685 
475 0.742685 
476 0.742685 
477 0.742685 
478 0.745828 
479 0.745828 
480 0.745828 
481 0.745828 
482 0.745828 
483 0.745828 
484 0.745828 
485 0.745828 
486 0.745828 
487 0.743296 
488 0.743296 
489 0.743296 
490 0.743296 
491 0.743296 
492 0.743296 
493 0.743296 
494 0.743296 
495 0.743296 
496 0.738337 
497 0.738337 
498 0.738337 
499 0.738337 
500 0.738337 
501 0.738337 
502 0.738337 
503 0.738337 
504 0.738337 
505 0.759788 
506 0.759788 
507 0.759788 
508 0.759788 
509 0.759788 
510 0.759788 
511 0.759788 
512 0.759788 
513 0.759788 
514 0.778308 
515 0.778308 
516 0.778308 
517 0.778308 
518 0.778308 
519 0.778308 
520 0.778308 
521 0.778308 
522 0.778308 
523 0.866632 
524 0.866632 
525 0.866632 
526 0.866632 
527 0.866632 
528 0.866632 
529 0.866632 
530 0.866632 
531 0.866632 
532 0.909022 
533 0.909022 
534 0.909022 
535 0.909022 
536 0.909022 
537 0.909022 
538 0.909022 
539 0.909022 
540 0.909022 
541 0.920638 
542 0.920638 
543 0.920638 
544 0.920638 
545 0.920638 
546 0.920638 
547 0.920638 
548 0.920638 
549 0.920638 
550 0.949740 
551 0.949740 
552 0.949740 
553 0.949740 
554 0.949740 
555 0.949740 
556 0.949740 
557 0.949740 
558 0.949740 
559 0.948781 
560 0.948781 
561 0.948781 
562 0.948781 
563 0.948781 
564 0.948781 
565 0.948781 
566 0.948781 
567 0.948781 
568 0.949407 
569 0.949407 
570 0.949407 
571 0.949407 
572 0.949407 
573 0.949407 
574 0.949407 
575 0.949407 
576 0.949407 
577 0.939424 
578 0.939424 
579 0.939424 
580 0.939424 
581 0.939424 
582 0.939424 
583 0.939424 
584 0.939424 
585 0.939424 
586 0.942363 
587 0.942363 
588 0.942363 
589 0.942363 
590 0.942363 
591 0.942363 
592 0.942363 
593 0.942363 
594 0.942363 
595 0.962154 
596 0.962154 
597 0.962154 
598 0.962154 
599 0.962154 
600 0.962154 
601 0.962154 
602 0.962154 
603 0.962154 
604 0.970358 
605 0.970358 
606 0.970358 
607 0.970358 
608 0.970358 
609 0.970358 
610 0.970358 
611 0.970358 
612 0.970358 
613 0.975469 
614 0.975469 
615 0.975469 
616 0.975469 
617 0.975469 
618 0.975469 
619 0.975469 
620 0.975469 
621 0.975469 
622 0.979375 
623 0.979375 
624 0.979375 
625 0.979375 
626 0.979375 
627 0.979375 
628 0.979375 
629 0.979375 
630 0.979375 
631 0.980193 
632 0.980193 
633 0.980193 
634 0.980193 
635 0.980193 
636 0.980193 
637 0.980193 
638 0.980193 
639 0.980193 
640 0.981778 
641 0.981778 
642 0.981778 
643 0.981778 
644 0.981778 
645 0.981778 
646 0.981778 
647 0.981778 
648 0.981778 
649 0.980197 
650 0.980197 
651 0.980197 
652 0.980197 
653 0.980197 
654 0.980197 
655 0.980197 
656 0.980197 
657 0.980197 
658 0.979919 
659 0.979919 
660 0.979919 
661 0.979919 
662 0.979919 
663 0.979919 
664 0.979919 
665 0.979919 
666 0.979919 
667 0.979692 
668 0.979692 
669 0.979692 
670 0.979692 
671 0.979692 
672 0.979692 
673 0.979692 
674 0.979692 
675 0.979692 
676 0.979758 
677 0.979758 
678 0.979758 
679 0.979758 
680 0.979758 
681 0.979758 
682 0.979758 
683 0.979758 
684 0.979758 
685 0.979625 
686 0.979625 
687 0.979625 
688 0.979625 
689 0.979625 
690 0.979625 
691 0.979625 
692 0.979625 
693 0.979625 
694 0.979523 
695 0.979523 
696 0.979523 
697 0.979523 
698 0.979523 
699 0.979523 
700 0.979523 
701 0.979523 
702 0.979523 
703 0.978764 
704 0.978764 
705 0.978764 
706 0.978764 
707 0.978764 
708 0.978764 
709 0.978764 
710 0.978764 
711 0.978764 
712 0.979758 
713 0.979758 
714 0.979758 
715 0.979758 
716 0.979758 
717 0.979758 
718 0.979758 
719 0.979758 
720 0.979758 
721 0.979660 
722 0.979660 
723 0.979660 
724 0.979660 
725 0.979660 
726 0.979660 
727 0.979660 
728 0.979660 
729 0.979660 
730 0.979308 
731 0.979308 
732 0.979308 
733 0.979308 
734 0.979308 
735 0.979308 
736 0.979308 
737 0.979308 
738 0.979308 
739 0.979445 
740 0.979445 
741 0.979445 
742 0.979445 
743 0.979445 
744 0.979445 
745 0.979445 
746 0.979445 
747 0.979445 
748 0.979805 
749 0.979805 
750 0.979805 
751 0.979805 
752 0.979805 
753 0.979805 
754 0.979805 
755 0.979805 
756 0.979805 
757 0.979512 
758 0.979512 
759 0.979512 
760 0.979512 
761 0.979512 
762 0.979512 
763 0.979512 
764 0.979512 
765 0.979512 
766 0.979473 
767 0.979473 
768 0.979473 
769 0.979473 
770 0.979473 
771 0.979473 
772 0.979473 
773 0.979473 
774 0.979473 
775 0.979128 
776 0.979128 
777 0.979128 
778 0.979128 
779 0.979128 
780 0.979128 
781 0.979128 
782 0.979128 
783 0.979128 
784 0.979249 
785 0.979249 
786 0.979249 
787 0.979249 
788 0.979249 
789 0.979249 
790 0.979249 
791 0.979249 
792 0.979249 
793 0.978706 
794 0.978706 
795 0.978706 
796 0.978706 
797 0.978706 
798 0.978706 
799 0.978706 
800 0.978706 
801 0.978706 
802 0.976905 
803 0.976905 
804 0.976905 
805 0.976905 
806 0.976905 
807 0.976905 
808 0.976905 
809 0.976905 
810 0.976905 
811 0.977030 
812 0.977030 
813 0.977030 
814 0.977030 
815 0.977030 
816 0.977030 
817 0.977030 
818 0.977030 
819 0.977030 
820 0.975790 
821 0.975790 
822 0.975790 
823 0.975790 
824 0.975790 
825 0.975790 
826 0.975790 
827 0.975790 
828 0.975790 
829 0.975367 
830 0.975367 
831 0.975367 
832 0.975367 
833 0.975367 
834 0.975367 
835 0.975367 
836 0.975367 
837 0.975367 
838 0.976173 
839 0.976173 
840 0.976173 
841 0.976173 
842 0.976173 
843 0.976173 
844 0.976173 
845 0.976173 
846 0.976173 
847 0.976107 
848 0.976107 
849 0.976107 
850 0.976107 
851 0.976107 
852 0.976107 
853 0.976107 
854 0.976107 
855 0.976107 
856 0.975782 
857 0.975782 
858 0.975782 
859 0.975782 
860 0.975782 
861 0.975782 
862 0.975782 
863 0.975782 
864 0.975782 
865 0.976318 
866 0.976318 
867 0.976318 
868 0.976318 
869 0.976318 
870 0.976318 
871 0.976318 
872 0.976318 
873 0.976318 
874 0.976322 
875 0.976322 
876 0.976322 
877 0.976322 
878 0.976322 
879 0.976322 
880 0.976322 
881 0.976322 
882 0.976322 
883 0.976130 
884 0.976130 
885 0.976130 
886 0.976130 
887 0.976130 
888 0.976130 
889 0.976130 
890 0.976130 
891 0.976130 
892 0.976416 
893 0.976416 
894 0.976416 
895 0.976416 
896 0.976416 
897 0.976416 
898 0.976416 
899 0.976416 
900 0.976416 
901 0.976576 
902 0.976576 
903 0.976576 
904 0.976576 
905 0.976576 
906 0.976576 
907 0.976576 
908 0.976576 
909 0.976576 
910 0.976099 
911 0.976099 
912 0.976099 
913 0.976099 
914 0.976099 
915 0.976099 
916 0.976099 
917 0.976099 
918 0.976099 
919 0.976393 
920 0.976393 
921 0.976393 
922 0.976393 
923 0.976393 
924 0.976393 
925 0.976393 
926 0.976393 
927 0.976393 
928 0.976631 
929 0.976631 
930 0.976631 
931 0.976631 
932 0.976631 
933 0.976631 
934 0.976631 
935 0.976631 
936 0.976631 
937 0.976682 
938 0.976682 
939 0.976682 
940 0.976682 
941 0.976682 
942 0.976682 
943 0.976682 
944 0.976682 
945 0.976682 
946 0.976619 
947 0.976619 
948 0.976619 
949 0.976619 
950 0.976619 
951 0.976619 
952 0.976619 
953 0.976619 
954 0.976619 
955 0.976772 
956 0.976772 
957 0.976772 
958 0.976772 
959 0.976772 
960 0.976772 
961 0.976772 
962 0.976772 
963 0.976772 
964 0.977152 
965 0.977152 
966 0.977152 
967 0.977152 
968 0.977152 
969 0.977152 
970 0.977152 
971 0.977152 
972 0.977152 
973 0.976921 
974 0.976921 
975 0.976921 
976 0.976921 
977 0.976921 
978 0.976921 
979 0.976921 
980 0.976921 
981 0.976921 
982 0.976310 
983 0.976310 
984 0.976310 
985 0.976310 
986 0.976310 
987 0.976310 
988 0.976310 
989 0.976310 
990 0.976310 
991 0.976886 
992 0.976886 
993 0.976886 
994 0.976886 
995 0.976886 
996 0.976886 
997 0.976886 
998 0.976886 
999 0.976886 
1000 0.977062 
1001 0.977062 
1002 0.977062 
1003 0.977062 
1004 0.977062 
1005 0.977062 
1006 0.977062 
1007 0.977062 
1008 0.977062 
1009 0.976533 
1010 0.976533 
1011 0.976533 
1012 0.976533 
1013 0.976533 
1014 0.976533 
1015 0.976533 
1016 0.976533 
1017 0.976533 
1018 0.976142 
1019 0.976142 
1020 0.976142 
1021 0.976142 
1022 0.976142 
1023 0.976142 
1024 0.976142 
1025 0.976142 
1026 0.976142 
1027 0.976138 
1028 0.976138 
1029 0.976138 
1030 0.976138 
1031 0.976138 
1032 0.976138 
1033 0.976138 
1034 0.976138 
1035 0.976138 
1036 0.976933 
1037 0.976933 
1038 0.976933 
1039 0.976933 
1040 0.976933 
1041 0.976933 
1042 0.976933 
1043 0.976933 
1044 0.976933 
1045 0.977034 
1046 0.977034 
1047 0.977034 
1048 0.977034 
1049 0.977034 
1050 0.977034 
1051 0.977034 
1052 0.977034 
1053 0.977034 
1054 0.976893 
1055 0.976893 
1056 0.976893 
1057 0.976893 
1058 0.976893 
1059 0.976893 
1060 0.976893 
1061 0.976893 
1062 0.976893 
1063 0.976040 
1064 0.976040 
1065 0.976040 
1066 0.976040 
1067 0.976040 
1068 0.976040 
1069 0.976040 
1070 0.976040 
1071 0.976040 
1072 0.976318 
1073 0.976318 
1074 0.976318 
1075 0.976318 
1076 0.976318 
1077 0.976318 
1078 0.976318 
1079 0.976318 
1080 0.976318 
1081 0.976439 
1082 0.976439 
1083 0.976439 
1084 0.976439 
1085 0.976439 
1086 0.976439 
1087 0.976439 
1088 0.976439 
1089 0.976439 
1090 0.976694 
1091 0.976694 
1092 0.976694 
1093 0.976694 
1094 0.976694 
1095 0.976694 
1096 0.976694 
1097 0.976694 
1098 0.976694 
1099 0.976475 
1100 0.976475 
1101 0.976475 
1102 0.976475 
1103 0.976475 
1104 0.976475 
1105 0.976475 
1106 0.976475 
1107 0.976475 
1108 0.976506 
1109 0.976506 
1110 0.976506 
1111 0.976506 
1112 0.976506 
1113 0.976506 
1114 0.976506 
1115 0.976506 
1116 0.976506 
1117 0.976623 
1118 0.976623 
1119 0.976623 
1120 0.976623 
1121 0.976623 
1122 0.976623 
1123 0.976623 
1124 0.976623 
1125 0.976623 
1126 0.976811 
1127 0.976811 
1128 0.976811 
1129 0.976811 
1130 0.976811 
1131 0.976811 
1132 0.976811 
1133 0.976811 
1134 0.976811 
1135 0.976807 
1136 0.976807 
1137 0.976807 
1138 0.976807 
1139 0.976807 
1140 0.976807 
1141 0.976807 
1142 0.976807 
1143 0.976807 
1144 0.977144 
1145 0.977144 
1146 0.977144 
1147 0.977144 
1148 0.977144 
1149 0.977144 
1150 0.977144 
1151 0.977144 
1152 0.977144 
1153 0.977363 
1154 0.977363 
1155 0.977363 
1156 0.977363 
1157 0.977363 
1158 0.977363 
1159 0.977363 
1160 0.977363 
1161 0.977363 
1162 0.976897 
1163 0.976897 
1164 0.976897 
1165 0.976897 
1166 0.976897 
1167 0.976897 
1168 0.976897 
1169 0.976897 
1170 0.976897 
1171 0.977473 
1172 0.977473 
1173 0.977473 
1174 0.977473 
1175 0.977473 
1176 0.977473 
1177 0.977473 
1178 0.977473 
1179 0.977473 
1180 0.977645 
1181 0.977645 
1182 0.977645 
1183 0.977645 
1184 0.977645 
1185 0.977645 
1186 0.977645 
1187 0.977645 
1188 0.977645 
1189 0.976134 
1190 0.976134 
1191 0.976134 
1192 0.976134 
1193 0.976134 
1194 0.976134 
1195 0.976134 
1196 0.976134 
1197 0.976134 
1198 0.976890 
1199 0.976890 
1200 0.976890 
1201 0.976890 
1202 0.976890 
1203 0.976890 
1204 0.976890 
1205 0.976890 
1206 0.976890 
1207 0.976819 
1208 0.976819 
1209 0.976819 
1210 0.976819 
1211 0.976819 
1212 0.976819 
1213 0.976819 
1214 0.976819 
1215 0.976819 
1216 0.976792 
1217 0.976792 
1218 0.976792 
1219 0.976792 
1220 0.976792 
1221 0.976792 
1222 0.976792 
1223 0.976792 
1224 0.976792 
1225 0.976878 
1226 0.976878 
1227 0.976878 
1228 0.976878 
1229 0.976878 
1230 0.976878 
1231 0.976878 
1232 0.976878 
1233 0.976878 
1234 0.976725 
1235 0.976725 
1236 0.976725 
1237 0.976725 
1238 0.976725 
1239 0.976725 
1240 0.976725 
1241 0.976725 
1242 0.976725 
1243 0.976741 
1244 0.976741 
1245 0.976741 
1246 0.976741 
1247 0.976741 
1248 0.976741 
1249 0.976741 
1250 0.976741 
1251 0.976741 
1252 0.976357 
1253 0.976357 
1254 0.976357 
1255 0.976357 
1256 0.976357 
1257 0.976357 
1258 0.976357 
1259 0.976357 
1260 0.976357 
1261 0.976056 
1262 0.976056 
1263 0.976056 
1264 0.976056 
1265 0.976056 
1266 0.976056 
1267 0.976056 
1268 0.976056 
1269 0.976056 
1270 0.976663 
1271 0.976663 
1272 0.976663 
1273 0.976663 
1274 0.976663 
1275 0.976663 
1276 0.976663 
1277 0.976663 
1278 0.976663 
1279 0.976659 
1280 0.976659 
1281 0.976659 
1282 0.976659 
1283 0.976659 
1284 0.976659 
1285 0.976659 
1286 0.976659 
1287 0.976659 
1288 0.975903 
1289 0.975903 
1290 0.975903 
1291 0.975903 
1292 0.975903 
1293 0.975903 
1294 0.975903 
1295 0.975903 
1296 0.975903 
1297 0.976158 
1298 0.976158 
1299 0.976158 
1300 0.976158 
1301 0.976158 
1302 0.976158 
1303 0.976158 
1304 0.976158 
1305 0.976158 
1306 0.976807 
1307 0.976807 
1308 0.976807 
1309 0.976807 
1310 0.976807 
1311 0.976807 
1312 0.976807 
1313 0.976807 
1314 0.976807 
1315 0.977183 
1316 0.977183 
1317 0.977183 
1318 0.977183 
1319 0.977183 
1320 0.977183 
1321 0.977183 
1322 0.977183 
1323 0.977183 
1324 0.977457 
1325 0.977457 
1326 0.977457 
1327 0.977457 
1328 0.977457 
1329 0.977457 
1330 0.977457 
1331 0.977457 
1332 0.977457 
1333 0.977410 
1334 0.977410 
1335 0.977410 
1336 0.977410 
1337 0.977410 
1338 0.977410 
1339 0.977410 
1340 0.977410 
1341 0.977410 
1342 0.977484 
1343 0.977484 
1344 0.977484 
1345 0.977484 
1346 0.977484 
1347 0.977484 
1348 0.977484 
1349 0.977484 
1350 0.977484 
1351 0.977320 
1352 0.977320 
1353 0.977320 
1354 0.977320 
1355 0.977320 
1356 0.977320 
1357 0.977320 
1358 0.977320 
1359 0.977320 
1360 0.977359 
1361 0.977359 
1362 0.977359 
1363 0.977359 
1364 0.977359 
1365 0.977359 
1366 0.977359 
1367 0.977359 
1368 0.977359 
1369 0.977547 
1370 0.977547 
1371 0.977547 
1372 0.977547 
1373 0.977547 
1374 0.977547 
1375 0.977547 
1376 0.977547 
1377 0.977547 
1378 0.977676 
1379 0.977676 
1380 0.977676 
1381 0.977676 
1382 0.977676 
1383 0.977676 
1384 0.977676 
1385 0.977676 
1386 0.977676 
1387 0.977524 
1388 0.977524 
1389 0.977524 
1390 0.977524 
1391 0.977524 
1392 0.977524 
1393 0.977524 
1394 0.977524 
1395 0.977524 
1396 0.977966 
1397 0.977966 
1398 0.977966 
1399 0.977966 
1400 0.977966 
1401 0.977966 
1402 0.977966 
1403 0.977966 
1404 0.977966 
1405 0.978545 
1406 0.978545 
1407 0.978545 
1408 0.978545 
1409 0.978545 
1410 0.978545 
1411 0.978545 
1412 0.978545 
1413 0.978545 
1414 0.977770 
1415 0.977770 
1416 0.977770 
1417 0.977770 
1418 0.977770 
1419 0.977770 
1420 0.977770 
1421 0.977770 
1422 0.977770 
1423 0.978529 
1424 0.978529 
1425 0.978529 
1426 0.978529 
1427 0.978529 
1428 0.978529 
1429 0.978529 
1430 0.978529 
1431 0.978529 
1432 0.978369 
1433 0.978369 
1434 0.978369 
1435 0.978369 
1436 0.978369 
1437 0.978369 
1438 0.978369 
1439 0.978369 
1440 0.978369 
1441 0.976909 
1442 0.976909 
1443 0.976909 
1444 0.976909 
1445 0.976909 
1446 0.976909 
1447 0.976909 
1448 0.976909 
1449 0.976909 
1450 0.977418 
1451 0.977418 
1452 0.977418 
1453 0.977418 
1454 0.977418 
1455 0.977418 
1456 0.977418 
1457 0.977418 
1458 0.977418 
1459 0.978169 
1460 0.978169 
1461 0.978169 
1462 0.978169 
1463 0.978169 
1464 0.978169 
1465 0.978169 
1466 0.978169 
1467 0.978169 
1468 0.978263 
1469 0.978263 
1470 0.978263 
1471 0.978263 
1472 0.978263 
1473 0.978263 
1474 0.978263 
1475 0.978263 
1476 0.978263 
1477 0.979026 
1478 0.979026 
1479 0.979026 
1480 0.979026 
1481 0.979026 
1482 0.979026 
1483 0.979026 
1484 0.979026 
1485 0.979026 
1486 0.978424 
1487 0.978424 
1488 0.978424 
1489 0.978424 
1490 0.978424 
1491 0.978424 
1492 0.978424 
1493 0.978424 
1494 0.978424 
1495 0.978561 
1496 0.978561 
1497 0.978561 
1498 0.978561 
1499 0.978561 
1500 0.978561 
1501 0.978561 
1502 0.978561 
1503 0.978561 
1504 0.983515 
1505 0.983515 
1506 0.983515 
1507 0.983515 
1508 0.983515 
1509 0.983515 
1510 0.983515 
1511 0.983515 
1512 0.983515 
1513 0.984635 
1514 0.984635 
1515 0.984635 
1516 0.984635 
1517 0.984635 
1518 0.984635 
1519 0.984635 
1520 0.984635 
1521 0.984635 
1522 0.987198 
1523 0.987198 
1524 0.987198 
1525 0.987198 
1526 0.987198 
1527 0.987198 
1528 0.987198 
1529 0.987198 
1530 0.987198 
1531 0.987453 
1532 0.987453 
1533 0.987453 
1534 0.987453 
1535 0.987453 
1536 0.987453 
1537 0.987453 
1538 0.987453 
1539 0.987453 
1540 0.987468 
1541 0.987468 
1542 0.987468 
1543 0.987468 
1544 0.987468 
1545 0.987468 
1546 0.987468 
1547 0.987468 
1548 0.987468 
1549 0.985104 
1550 0.985104 
1551 0.985104 
1552 0.985104 
1553 0.985104 
1554 0.985104 
1555 0.985104 
1556 0.985104 
1557 0.985104 
1558 0.986376 
1559 0.986376 
1560 0.986376 
1561 0.986376 
1562 0.986376 
1563 0.986376 
1564 0.986376 
1565 0.986376 
1566 0.986376 
1567 0.985797 
1568 0.985797 
1569 0.985797 
1570 0.985797 
1571 0.985797 
1572 0.985797 
1573 0.985797 
1574 0.985797 
1575 0.985797 
1576 0.983637 
1577 0.983637 
1578 0.983637 
1579 0.983637 
1580 0.983637 
1581 0.983637 
1582 0.983637 
1583 0.983637 
1584 0.983637 
1585 0.982932 
1586 0.982932 
1587 0.982932 
1588 0.982932 
1589 0.982932 
1590 0.982932 
1591 0.982932 
1592 0.982932 
1593 0.982932 
1594 0.984193 
1595 0.984193 
1596 0.984193 
1597 0.984193 
1598 0.984193 
1599 0.984193 
1600 0.984193 
1601 0.984193 
1602 0.984193 
1603 0.983754 
1604 0.983754 
1605 0.983754 
1606 0.983754 
1607 0.983754 
1608 0.983754 
1609 0.983754 
1610 0.983754 
1611 0.983754 
1612 0.986533 
1613 0.986533 
1614 0.986533 
1615 0.986533 
1616 0.986533 
1617 0.986533 
1618 0.986533 
1619 0.986533 
1620 0.986533 
1621 0.988556 
1622 0.988556 
1623 0.988556 
1624 0.988556 
1625 0.988556 
1626 0.988556 
1627 0.988556 
1628 0.988556 
1629 0.988556 
1630 0.988349 
1631 0.988349 
1632 0.988349 
1633 0.988349 
1634 0.988349 
1635 0.988349 
1636 0.988349 
1637 0.988349 
1638 0.988349 
1639 0.989206 
1640 0.989206 
1641 0.989206 
1642 0.989206 
1643 0.989206 
1644 0.989206 
1645 0.989206 
1646 0.989206 
1647 0.989206 
1648 0.989934 
1649 0.989934 
1650 0.989934 
1651 0.989934 
1652 0.989934 
1653 0.989934 
1654 0.989934 
1655 0.989934 
1656 0.989934 
1657 0.988963 
1658 0.988963 
1659 0.988963 
1660 0.988963 
1661 0.988963 
1662 0.988963 
1663 0.988963 
1664 0.988963 
1665 0.988963 
1666 0.986913 
1667 0.986913 
1668 0.986913 
1669 0.986913 
1670 0.986913 
1671 0.986913 
1672 0.986913 
1673 0.986913 
1674 0.986913 
1675 0.985938 
1676 0.985938 
1677 0.985938 
1678 0.985938 
1679 0.985938 
1680 0.985938 
1681 0.985938 
1682 0.985938 
1683 0.985938 
1684 0.980322 
1685 0.980322 
1686 0.980322 
1687 0.980322 
1688 0.980322 
1689 0.980322 
1690 0.980322 
1691 0.980322 
1692 0.980322 
1693 0.974146 
1694 0.974146 
1695 0.974146 
1696 0.974146 
1697 0.974146 
1698 0.974146 
1699 0.974146 
1700 0.974146 
1701 0.974146 
1702 0.977543 
1703 0.977543 
1704 0.977543 
1705 0.977543 
1706 0.977543 
1707 0.977543 
1708 0.977543 
1709 0.977543 
1710 0.977543 
1711 0.972788 
1712 0.972788 
1713 0.972788 
1714 0.972788 
1715 0.972788 
1716 0.972788 
1717 0.972788 
1718 0.972788 
1719 0.972788 
1720 0.961869 
1721 0.961869 
1722 0.961869 
1723 0.961869 
1724 0.961869 
1725 0.961869 
1726 0.961869 
1727 0.961869 
1728 0.961869 
1729 0.975782 
1730 0.975782 
1731 0.975782 
1732 0.975782 
1733 0.975782 
1734 0.975782 
1735 0.975782 
1736 0.975782 
1737 0.975782 
1738 0.933569 
1739 0.933569 
1740 0.933569 
1741 0.933569 
1742 0.933569 
1743 0.933569 
1744 0.933569 
1745 0.933569 
1746 0.933569 
1747 0.777670 
1748 0.777670 
1749 0.777670 
1750 0.777670 
1751 0.777670 
1752 0.777670 
1753 0.777670 
1754 0.777670 
1755 0.777670 
1756 0.701787 
1757 0.701787 
1758 0.701787 
1759 0.701787 
1760 0.701787 
1761 0.701787 
1762 0.701787 
1763 0.701787 
1764 0.701787 
1765 0.685768 
1766 0.685768 
1767 0.685768 
1768 0.685768 
1769 0.685768 
1770 0.685768 
1771 0.685768 
1772 0.685768 
1773 0.685768 
1774 0.783556 
1775 0.783556 
1776 0.783556 
1777 0.783556 
1778 0.783556 
1779 0.783556 
1780 0.783556 
1781 0.783556 
1782 0.783556 
1783 0.839276 
1784 0.839276 
1785 0.839276 
1786 0.839276 
1787 0.839276 
1788 0.839276 
1789 0.839276 
1790 0.839276 
1791 0.839276 
1792 0.791348 
1793 0.791348 
1794 0.791348 
1795 0.791348 
1796 0.791348 
1797 0.791348 
1798 0.791348 
1799 0.791348 
1800 0.791348 
1801 0.763060 
1802 0.763060 
1803 0.763060 
1804 0.763060 
1805 0.763060 
1806 0.763060 
1807 0.763060 
1808 0.763060 
1809 0.763060 
1810 0.747116 
1811 0.747116 
1812 0.747116 
1813 0.747116 
1814 0.747116 
1815 0.747116 
1816 0.747116 
1817 0.747116 
1818 0.747116 
1819 0.748352 
1820 0.748352 
1821 0.748352 
1822 0.748352 
1823 0.748352 
1824 0.748352 
1825 0.748352 
1826 0.748352 
1827 0.748352 
1828 0.722604 
1829 0.722604 
1830 0.722604 
1831 0.722604 
1832 0.722604 
1833 0.722604 
1834 0.722604 
1835 0.722604 
1836 0.722604 
1837 0.649966 
1838 0.649966 
1839 0.649966 
1840 0.649966 
1841 0.649966 
1842 0.649966 
1843 0.649966 
1844 0.649966 
1845 0.649966 
1846 0.585378 
1847 0.585378 
1848 0.585378 
1849 0.585378 
1850 0.585378 
1851 0.585378 
1852 0.585378 
1853 0.585378 
1854 0.585378 
1855 0.550354 
1856 0.550354 
1857 0.550354 
1858 0.550354 
1859 0.550354 
1860 0.550354 
1861 0.550354 
1862 0.550354 
1863 0.550354 
1864 0.617274 
1865 0.617274 
1866 0.617274 
1867 0.617274 
1868 0.617274 
1869 0.617274 
1870 0.617274 
1871 0.617274 
1872 0.617274 
1873 0.686034 
1874 0.686034 
1875 0.686034 
1876 0.686034 
1877 0.686034 
1878 0.686034 
1879 0.686034 
1880 0.686034 
1881 0.686034 
1882 0.730690 
1883 0.730690 
1884 0.730690 
1885 0.730690 
1886 0.730690 
1887 0.730690 
1888 0.730690 
1889 0.730690 
1890 0.730690 
1891 0.647249 
1892 0.647249 
1893 0.647249 
1894 0.647249 
1895 0.647249 
1896 0.647249 
1897 0.647249 
1898 0.647249 
1899 0.647249 
1900 0.667272 
1901 0.667272 
1902 0.667272 
1903 0.667272 
1904 0.667272 
1905 0.667272 
1906 0.667272 
1907 0.667272 
1908 0.667272 
1909 0.796655 
1910 0.796655 
1911 0.796655 
1912 0.796655 
1913 0.796655 
1914 0.796655 
1915 0.796655 
1916 0.796655 
1917 0.796655 
1918 0.860918 
1919 0.860918 
1920 0.860918 
1921 0.860918 
1922 0.860918 
1923 0.860918 
1924 0.860918 
1925 0.860918 
1926 0.860918 
1927 0.697642 
1928 0.697642 
1929 0.697642 
1930 0.697642 
1931 0.697642 
1932 0.697642 
1933 0.697642 
1934 0.697642 
1935 0.697642 
1936 0.450464 
1937 0.450464 
1938 0.450464 
1939 0.450464 
1940 0.450464 
1941 0.450464 
1942 0.450464 
1943 0.450464 
1944 0.450464 
1945 0.367525 
1946 0.367525 
1947 0.367525 
1948 0.367525 
1949 0.367525 
1950 0.367525 
1951 0.367525 
1952 0.367525 
1953 0.367525 
1954 0.271702 
1955 0.271702 
1956 0.271702 
1957 0.271702 
1958 0.271702 
1959 0.271702 
1960 0.271702 
1961 0.271702 
1962 0.271702 
1963 0.150690 
1964 0.150690 
1965 0.150690 
1966 0.150690 
1967 0.150690 
1968 0.150690 
1969 0.150690 
1970 0.150690 
1971 0.150690 
1972 0.114832 
1973 0.114832 
1974 0.114832 
1975 0.114832 
1976 0.114832 
1977 0.114832 
1978 0.114832 
1979 0.114832 
1980 0.114832 
1981 0.105799 
1982 0.105799 
1983 0.105799 
1984 0.105799 
1985 0.105799 
1986 0.105799 
1987 0.105799 
1988 0.105799 
1989 0.105799 
1990 0.079311 
1991 0.079311 
1992 0.079311 
1993 0.079311 
1994 0.079311 
1995 0.079311 
1996 0.079311 
1997 0.079311 
1998 0.079311 
1999 0.092137 
2000 0.092137 
2001 0.092137 
2002 0.092137 
2003 0.092137 
2004 0.092137 
2005 0.092137 
2006 0.092137 
2007 0.092137 
2008 0.282077 
2009 0.282077 
2010 0.282077 
2011 0.282077 
2012 0.282077 
2013 0.282077 
2014 0.282077 
2015 0.282077 
2016 0.282077 
2017 0.589601 
2018 0.589601 
2019 0.589601 
2020 0.589601 
2021 0.589601 
2022 0.589601 
2023 0.589601 
2024 0.589601 
2025 0.589601 
2026 0.854840 
2027 0.854840 
2028 0.854840 
2029 0.854840 
2030 0.854840 
2031 0.854840 
2032 0.854840 
2033 0.854840 
2034 0.854840 
2035 0.947055 
2036 0.947055 
2037 0.947055 
2038 0.947055 
2039 0.947055 
2040 0.947055 
2041 0.947055 
2042 0.947055 
2043 0.947055 
2044 0.605788 
2045 0.605788 
2046 0.605788 
2047 0.605788 
2048 0.605788 
2049 0.605788 
2050 0.605788 
2051 0.605788 
2052 0.605788 
2053 0.400615 
2054 0.400615 
2055 0.400615 
2056 0.400615 
2057 0.400615 
2058 0.400615 
2059 0.400615 
2060 0.400615 
2061 0.400615 
2062 0.243186 
2063 0.243186 
2064 0.243186 
2065 0.243186 
2066 0.243186 
2067 0.243186 
2068 0.243186 
2069 0.243186 
2070 0.243186 
2071 0.136565 
2072 0.136565 
2073 0.136565 
2074 0.136565 
2075 0.136565 
2076 0.136565 
2077 0.136565 
2078 0.136565 
2079 0.136565 
2080 0.094904 
2081 0.094904 
2082 0.094904 
2083 0.094904 
2084 0.094904 
2085 0.094904 
2086 0.094904 
2087 0.094904 
2088 0.094904 
2089 0.085413 
2090 0.085413 
2091 0.085413 
2092 0.085413 
2093 0.085413 
2094 0.085413 
2095 0.085413 
2096 0.085413 
2097 0.085413 
2098 0.086113 
2099 0.086113 
2100 0.086113 
2101 0.086113 
2102 0.086113 
2103 0.086113 
2104 0.086113 
2105 0.086113 
2106 0.086113 
2107 0.143167 
2108 0.143167 
2109 0.143167 
2110 0.143167 
2111 0.143167 
2112 0.143167 
2113 0.143167 
2114 0.143167 
2115 0.143167 
2116 0.521134 
2117 0.521134 
2118 0.521134 
2119 0.521134 
2120 0.521134 
2121 0.521134 
2122 0.521134 
2123 0.521134 
2124 0.521134 
2125 0.953998 
2126 0.953998 
2127 0.953998 
2128 0.953998 
2129 0.953998 
2130 0.953998 
2131 0.953998 
2132 0.953998 
2133 0.953998 
2134 0.988091 
2135 0.988091 
2136 0.988091 
2137 0.988091 
2138 0.988091 
2139 0.988091 
2140 0.988091 
2141 0.988091 
2142 0.988091 
2143 0.993296 
2144 0.993296 
2145 0.993296 
2146 0.993296 
2147 0.993296 
2148 0.993296 
2149 0.993296 
2150 0.993296 
2151 0.993296 
2152 0.993315 
2153 0.993315 
2154 0.993315 
2155 0.993315 
2156 0.993315 
2157 0.993315 
2158 0.993315 
2159 0.993315 
2160 0.993315 
2161 0.944938 
2162 0.944938 
2163 0.944938 
2164 0.944938 
2165 0.944938 
2166 0.944938 
2167 0.944938 
2168 0.944938 
2169 0.944938 
2170 0.938144 
2171 0.938144 
2172 0.938144 
2173 0.938144 
2174 0.938144 
2175 0.938144 
2176 0.938144 
2177 0.938144 
2178 0.938144 
2179 0.537450 
2180 0.537450 
2181 0.537450 
2182 0.537450 
2183 0.537450 
2184 0.537450 
2185 0.537450 
2186 0.537450 
2187 0.537450 
2188 0.135594 
2189 0.135594 
2190 0.135594 
2191 0.135594 
2192 0.135594 
2193 0.135594 
2194 0.135594 
2195 0.135594 
2196 0.135594 
2197 0.103396 
2198 0.103396 
2199 0.103396 
2200 0.103396 
2201 0.103396 
2202 0.103396 
2203 0.103396 
2204 0.103396 
2205 0.103396 
2206 0.092598 
2207 0.092598 
2208 0.092598 
2209 0.092598 
2210 0.092598 
2211 0.092598 
2212 0.092598 
2213 0.092598 
2214 0.092598 
2215 0.112351 
2216 0.112351 
2217 0.112351 
2218 0.112351 
2219 0.112351 
2220 0.112351 
2221 0.112351 
2222 0.112351 
2223 0.112351 
2224 0.111956 
2225 0.111956 
2226 0.111956 
2227 0.111956 
2228 0.111956 
2229 0.111956 
2230 0.111956 
2231 0.111956 
2232 0.111956 
2233 0.115728 
2234 0.115728 
2235 0.115728 
2236 0.115728 
2237 0.115728 
2238 0.115728 
2239 0.115728 
2240 0.115728 
2241 0.115728 
2242 0.109059 
2243 0.109059 
2244 0.109059 
2245 0.109059 
2246 0.109059 
2247 0.109059 
2248 0.109059 
2249 0.109059 
2250 0.109059 
2251 0.115016 
2252 0.115016 
2253 0.115016 
2254 0.115016 
2255 0.115016 
2256 0.115016 
2257 0.115016 
2258 0.115016 
2259 0.115016 
2260 0.113685 
2261 0.113685 
2262 0.113685 
2263 0.113685 
2264 0.113685 
2265 0.113685 
2266 0.113685 
2267 0.113685 
2268 0.113685 
2269 0.147022 
2270 0.147022 
2271 0.147022 
2272 0.147022 
2273 0.147022 
2274 0.147022 
2275 0.147022 
2276 0.147022 
2277 0.147022 
2278 0.260477 
2279 0.260477 
2280 0.260477 
2281 0.260477 
2282 0.260477 
2283 0.260477 
2284 0.260477 
2285 0.260477 
2286 0.260477 
2287 0.344160 
2288 0.344160 
2289 0.344160 
2290 0.344160 
2291 0.344160 
2292 0.344160 
2293 0.344160 
2294 0.344160 
2295 0.344160 
2296 0.320893 
2297 0.320893 
2298 0.320893 
2299 0.320893 
2300 0.320893 
2301 0.320893 
2302 0.320893 
2303 0.320893 
2304 0.320893 
2305 0.281728 
2306 0.281728 
2307 0.281728 
2308 0.281728 
2309 0.281728 
2310 0.281728 
2311 0.281728 
2312 0.281728 
2313 0.281728 
2314 0.259319 
2315 0.259319 
2316 0.259319 
2317 0.259319 
2318 0.259319 
2319 0.259319 
2320 0.259319 
2321 0.259319 
2322 0.259319 
2323 0.201583 
2324 0.201583 
2325 0.201583 
2326 0.201583 
2327 0.201583 
2328 0.201583 
2329 0.201583 
2330 0.201583 
2331 0.201583 
2332 0.164282 
2333 0.164282 
2334 0.164282 
2335 0.164282 
2336 0.164282 
2337 0.164282 
2338 0.164282 
2339 0.164282 
2340 0.164282 
2341 0.156376 
2342 0.156376 
2343 0.156376 
2344 0.156376 
2345 0.156376 
2346 0.156376 
2347 0.156376 
2348 0.156376 
2349 0.156376 
2350 0.157942 
2351 0.157942 
2352 0.157942 
2353 0.157942 
2354 0.157942 
2355 0.157942 
2356 0.157942 
2357 0.157942 
2358 0.157942 
2359 0.166415 
2360 0.166415 
2361 0.166415 
2362 0.166415 
2363 0.166415 
2364 0.166415 
2365 0.166415 
2366 0.166415 
2367 0.166415 
2368 0.144036 
2369 0.144036 
2370 0.144036 
2371 0.144036 
2372 0.144036 
2373 0.144036 
2374 0.144036 
2375 0.144036 
2376 0.144036 
2377 0.128041 
2378 0.128041 
2379 0.128041 
2380 0.128041 
2381 0.128041 
2382 0.128041 
2383 0.128041 
2384 0.128041 
2385 0.128041 
2386 0.235750 
2387 0.235750 
2388 0.235750 
2389 0.235750 
2390 0.235750 
2391 0.235750 
2392 0.235750 
2393 0.235750 
2394 0.235750 
2395 0.400678 
2396 0.400678 
2397 0.400678 
2398 0.400678 
2399 0.400678 
2400 0.400678 
2401 0.400678 
2402 0.400678 
2403 0.400678 
2404 0.664979 
2405 0.664979 
2406 0.664979 
2407 0.664979 
2408 0.664979 
2409 0.664979 
2410 0.664979 
2411 0.664979 
2412 0.664979 
2413 0.321801 
2414 0.321801 
2415 0.321801 
2416 0.321801 
2417 0.321801 
2418 0.321801 
2419 0.321801 
2420 0.321801 
2421 0.321801 
2422 0.079828 
2423 0.079828 
2424 0.079828 
2425 0.079828 
2426 0.079828 
2427 0.079828 
2428 0.079828 
2429 0.079828 
2430 0.079828 
2431 0.091855 
2432 0.091855 
2433 0.091855 
2434 0.091855 
2435 0.091855 
2436 0.091855 
2437 0.091855 
2438 0.091855 
2439 0.091855 
2440 0.255033 
2441 0.255033 
2442 0.255033 
2443 0.255033 
2444 0.255033 
2445 0.255033 
2446 0.255033 
2447 0.255033 
2448 0.255033 
2449 0.242799 
2450 0.242799 
2451 0.242799 
2452 0.242799 
2453 0.242799 
2454 0.242799 
2455 0.242799 
2456 0.242799 
2457 0.242799 
2458 0.188042 
2459 0.188042 
2460 0.188042 
2461 0.188042 
2462 0.188042 
2463 0.188042 
2464 0.188042 
2465 0.188042 
2466 0.188042 
2467 0.139007 
2468 0.139007 
2469 0.139007 
2470 0.139007 
2471 0.139007 
2472 0.139007 
2473 0.139007 
2474 0.139007 
2475 0.139007 
2476 0.146745 
2477 0.146745 
2478 0.146745 
2479 0.146745 
2480 0.146745 
2481 0.146745 
2482 0.146745 
2483 0.146745 
2484 0.146745 
2485 0.176798 
2486 0.176798 
2487 0.176798 
2488 0.176798 
2489 0.176798 
2490 0.176798 
2491 0.176798 
2492 0.176798 
2493 0.176798 
2494 0.156411 
2495 0.156411 
2496 0.156411 
2497 0.156411 
2498 0.156411 
2499 0.156411 
2500 0.156411 
2501 0.156411 
2502 0.156411 
2503 0.146929 
2504 0.146929 
2505 0.146929 
2506 0.146929 
2507 0.146929 
2508 0.146929 
2509 0.146929 
2510 0.146929 
2511 0.146929 
2512 0.225031 
2513 0.225031 
2514 0.225031 
2515 0.225031 
2516 0.225031 
2517 0.225031 
2518 0.225031 
2519 0.225031 
2520 0.225031 
2521 0.291121 
2522 0.291121 
2523 0.291121 
2524 0.291121 
2525 0.291121 
2526 0.291121 
2527 0.291121 
2528 0.291121 
2529 0.291121 
2530 0.326063 
2531 0.326063 
2532 0.326063 
2533 0.326063 
2534 0.326063 
2535 0.326063 
2536 0.326063 
2537 0.326063 
2538 0.326063 
2539 0.301246 
2540 0.301246 
2541 0.301246 
2542 0.301246 
2543 0.301246 
2544 0.301246 
2545 0.301246 
2546 0.301246 
2547 0.301246 
2548 0.156752 
2549 0.156752 
2550 0.156752 
2551 0.156752 
2552 0.156752 
2553 0.156752 
2554 0.156752 
2555 0.156752 
2556 0.156752 
2557 0.132088 
2558 0.132088 
2559 0.132088 
2560 0.132088 
2561 0.132088 
2562 0.132088 
2563 0.132088 
2564 0.132088 
2565 0.132088 
2566 0.179667 
2567 0.179667 
2568 0.179667 
2569 0.179667 
2570 0.179667 
2571 0.179667 
2572 0.179667 
2573 0.179667 
2574 0.179667 
2575 0.184097 
2576 0.184097 
2577 0.184097 
2578 0.184097 
2579 0.184097 
2580 0.184097 
2581 0.184097 
2582 0.184097 
2583 0.184097 
2584 0.190449 
2585 0.190449 
2586 0.190449 
2587 0.190449 
2588 0.190449 
2589 0.190449 
2590 0.190449 
2591 0.190449 
2592 0.190449 
2593 0.194793 
2594 0.194793 
2595 0.194793 
2596 0.194793 
2597 0.194793 
2598 0.194793 
2599 0.194793 
2600 0.194793 
2601 0.194793 
2602 0.204292 
2603 0.204292 
2604 0.204292 
2605 0.204292 
2606 0.204292 
2607 0.204292 
2608 0.204292 
2609 0.204292 
2610 0.204292 
2611 0.228048 
2612 0.228048 
2613 0.228048 
2614 0.228048 
2615 0.228048 
2616 0.228048 
2617 0.228048 
2618 0.228048 
2619 0.228048 
2620 0.234795 
2621 0.234795 
2622 0.234795 
2623 0.234795 
2624 0.234795 
2625 0.234795 
2626 0.234795 
2627 0.234795 
2628 0.234795 
2629 0.305673 
2630 0.305673 
2631 0.305673 
2632 0.305673 
2633 0.305673 
2634 0.305673 
2635 0.305673 
2636 0.305673 
2637 0.305673 
2638 0.325178 
2639 0.325178 
2640 0.325178 
2641 0.325178 
2642 0.325178 
2643 0.325178 
2644 0.325178 
2645 0.325178 
2646 0.325178 
2647 0.464890 
2648 0.464890 
2649 0.464890 
2650 0.464890 
2651 0.464890 
2652 0.464890 
2653 0.464890 
2654 0.464890 
2655 0.464890 
2656 0.711669 
2657 0.711669 
2658 0.711669 
2659 0.711669 
2660 0.711669 
2661 0.711669 
2662 0.711669 
2663 0.711669 
2664 0.711669 
2665 0.752626 
2666 0.752626 
2667 0.752626 
2668 0.752626 
2669 0.752626 
2670 0.752626 
2671 0.752626 
2672 0.752626 
2673 0.752626 
2674 0.687236 
2675 0.687236 
2676 0.687236 
2677 0.687236 
2678 0.687236 
2679 0.687236 
2680 0.687236 
2681 0.687236 
2682 0.687236 
2683 0.403445 
2684 0.403445 
2685 0.403445 
2686 0.403445 
2687 0.403445 
2688 0.403445 
2689 0.403445 
2690 0.403445 
2691 0.403445 
2692 0.262810 
2693 0.262810 
2694 0.262810 
2695 0.262810 
2696 0.262810 
2697 0.262810 
2698 0.262810 
2699 0.262810 
2700 0.262810 
2701 0.239597 
2702 0.239597 
2703 0.239597 
2704 0.239597 
2705 0.239597 
2706 0.239597 
2707 0.239597 
2708 0.239597 
2709 0.239597 
2710 0.223860 
2711 0.223860 
2712 0.223860 
2713 0.223860 
2714 0.223860 
2715 0.223860 
2716 0.223860 
2717 0.223860 
2718 0.223860 
2719 0.200848 
2720 0.200848 
2721 0.200848 
2722 0.200848 
2723 0.200848 
2724 0.200848 
2725 0.200848 
2726 0.200848 
2727 0.200848 
2728 0.193588 
2729 0.193588 
2730 0.193588 
2731 0.193588 
2732 0.193588 
2733 0.193588 
2734 0.193588 
2735 0.193588 
2736 0.193588 
2737 0.269291 
2738 0.269291 
2739 0.269291 
2740 0.269291 
2741 0.269291 
2742 0.269291 
2743 0.269291 
2744 0.269291 
2745 0.269291 
2746 0.292444 
2747 0.292444 
2748 0.292444 
2749 0.292444 
2750 0.292444 
2751 0.292444 
2752 0.292444 
2753 0.292444 
2754 0.292444 
2755 0.324752 
2756 0.324752 
2757 0.324752 
2758 0.324752 
2759 0.324752 
2760 0.324752 
2761 0.324752 
2762 0.324752 
2763 0.324752 
2764 0.375254 
2765 0.375254 
2766 0.375254 
2767 0.375254 
2768 0.375254 
2769 0.375254 
2770 0.375254 
2771 0.375254 
2772 0.375254 
2773 0.372789 
2774 0.372789 
2775 0.372789 
2776 0.372789 
2777 0.372789 
2778 0.372789 
2779 0.372789 
2780 0.372789 
2781 0.372789 
2782 0.387630 
2783 0.387630 
2784 0.387630 
2785 0.387630 
2786 0.387630 
2787 0.387630 
2788 0.387630 
2789 0.387630 
2790 0.387630 
2791 0.428089 
2792 0.428089 
2793 0.428089 
2794 0.428089 
2795 0.428089 
2796 0.428089 
2797 0.428089 
2798 0.428089 
2799 0.428089 
2800 0.434774 
2801 0.434774 
2802 0.434774 
2803 0.434774 
2804 0.434774 
2805 0.434774 
2806 0.434774 
2807 0.434774 
2808 0.434774 
2809 0.448139 
2810 0.448139 
2811 0.448139 
2812 0.448139 
2813 0.448139 
2814 0.448139 
2815 0.448139 
2816 0.448139 
2817 0.448139 
2818 0.469669 
2819 0.469669 
2820 0.469669 
2821 0.469669 
2822 0.469669 
2823 0.469669 
2824 0.469669 
2825 0.469669 
2826 0.469669 
2827 0.478623 
2828 0.478623 
2829 0.478623 
2830 0.478623 
2831 0.478623 
2832 0.478623 
2833 0.478623 
2834 0.478623 
2835 0.478623 
2836 0.465340 
2837 0.465340 
2838 0.465340 
2839 0.465340 
2840 0.465340 
2841 0.465340 
2842 0.465340 
2843 0.465340 
2844 0.465340 
2845 0.465790 
2846 0.465790 
2847 0.465790 
2848 0.465790 
2849 0.465790 
2850 0.465790 
2851 0.465790 
2852 0.465790 
2853 0.465790 
2854 0.476400 
2855 0.476400 
2856 0.476400 
2857 0.476400 
2858 0.476400 
2859 0.476400 
2860 0.476400 
2861 0.476400 
2862 0.476400 
2863 0.504372 
2864 0.504372 
2865 0.504372 
2866 0.504372 
2867 0.504372 
2868 0.504372 
2869 0.504372 
2870 0.504372 
2871 0.504372 
2872 0.505405 
2873 0.505405 
2874 0.505405 
2875 0.505405 
2876 0.505405 
2877 0.505405 
2878 0.505405 
2879 0.505405 
2880 0.505405 
2881 0.512446 
2882 0.512446 
2883 0.512446 
2884 0.512446 
2885 0.512446 
2886 0.512446 
2887 0.512446 
2888 0.512446 
2889 0.512446 
2890 0.502000 
2891 0.502000 
2892 0.502000 
2893 0.502000 
2894 0.502000 
2895 0.502000 
2896 0.502000 
2897 0.502000 
2898 0.502000 
2899 0.489226 
2900 0.489226 
2901 0.489226 
2902 0.489226 
2903 0.489226 
2904 0.489226 
2905 0.489226 
2906 0.489226 
2907 0.489226 
2908 0.485359 
2909 0.485359 
2910 0.485359 
2911 0.485359 
2912 0.485359 
2913 0.485359 
2914 0.485359 
2915 0.485359 
2916 0.485359 
2917 0.493809 
2918 0.493809 
2919 0.493809 
2920 0.493809 
2921 0.493809 
2922 0.493809 
2923 0.493809 
2924 0.493809 
2925 0.493809 
2926 0.510943 
2927 0.510943 
2928 0.510943 
2929 0.510943 
2930 0.510943 
2931 0.510943 
2932 0.510943 
2933 0.510943 
2934 0.510943 
2935 0.546413 
2936 0.546413 
2937 0.546413 
2938 0.546413 
2939 0.546413 
2940 0.546413 
2941 0.546413 
2942 0.546413 
2943 0.546413 
2944 0.544374 
2945 0.544374 
2946 0.544374 
2947 0.544374 
2948 0.544374 
2949 0.544374 
2950 0.544374 
2951 0.544374 
2952 0.544374 
2953 0.563923 
2954 0.563923 
2955 0.563923 
2956 0.563923 
2957 0.563923 
2958 0.563923 
2959 0.563923 
2960 0.563923 
2961 0.563923 
2962 0.485026 
2963 0.485026 
2964 0.485026 
2965 0.485026 
2966 0.485026 
2967 0.485026 
2968 0.485026 
2969 0.485026 
2970 0.485026 
2971 0.888130 
2972 0.888130 
2973 0.888130 
2974 0.888130 
2975 0.888130 
2976 0.888130 
2977 0.888130 
2978 0.888130 
2979 0.888130 
2980 0.960949 
2981 0.960949 
2982 0.960949 
2983 0.960949 
2984 0.960949 
2985 0.960949 
2986 0.960949 
2987 0.960949 
2988 0.960949 
2989 0.987140 
2990 0.987140 
2991 0.987140 
2992 0.987140 
2993 0.987140 
2994 0.987140 
2995 0.987140 
2996 0.987140 
2997 0.987140 
2998 0.988678 
2999 0.988678 
3000 0.988678 
3001 0.988678 
3002 0.988678 
3003 0.988678 
3004 0.988678 
3005 0.988678 
3006 0.988678 
3007 0.989546 
3008 0.989546 
3009 0.989546 
3010 0.989546 
3011 0.989546 
3012 0.989546 
3013 0.989546 
3014 0.989546 
3015 0.989546 
3016 0.989801 
3017 0.989801 
3018 0.989801 
3019 0.989801 
3020 0.989801 
3021 0.989801 
3022 0.989801 
3023 0.989801 
3024 0.989801 
3025 0.986913 
3026 0.986913 
3027 0.986913 
3028 0.986913 
3029 0.986913 
3030 0.986913 
3031 0.986913 
3032 0.986913 
3033 0.986913 
3034 0.985922 
3035 0.985922 
3036 0.985922 
3037 0.985922 
3038 0.985922 
3039 0.985922 
3040 0.985922 
3041 0.985922 
3042 0.985922 
3043 0.984365 
3044 0.984365 
3045 0.984365 
3046 0.984365 
3047 0.984365 
3048 0.984365 
3049 0.984365 
3050 0.984365 
3051 0.984365 
3052 0.984275 
3053 0.984275 
3054 0.984275 
3055 0.984275 
3056 0.984275 
3057 0.984275 
3058 0.984275 
3059 0.984275 
3060 0.984275 
3061 0.981559 
3062 0.981559 
3063 0.981559 
3064 0.981559 
3065 0.981559 
3066 0.981559 
3067 0.981559 
3068 0.981559 
3069 0.981559 
3070 0.980584 
3071 0.980584 
3072 0.980584 
3073 0.980584 
3074 0.980584 
3075 0.980584 
3076 0.980584 
3077 0.980584 
3078 0.980584 
3079 0.979547 
3080 0.979547 
3081 0.979547 
3082 0.979547 
3083 0.979547 
3084 0.979547 
3085 0.979547 
3086 0.979547 
3087 0.979547 
3088 0.976725 
3089 0.976725 
3090 0.976725 
3091 0.976725 
3092 0.976725 
3093 0.976725 
3094 0.976725 
3095 0.976725 
3096 0.976725 
3097 0.975528 
3098 0.975528 
3099 0.975528 
3100 0.975528 
3101 0.975528 
3102 0.975528 
3103 0.975528 
3104 0.975528 
3105 0.975528 
3106 0.976706 
3107 0.976706 
3108 0.976706 
3109 0.976706 
3110 0.976706 
3111 0.976706 
3112 0.976706 
3113 0.976706 
3114 0.976706 
3115 0.976334 
3116 0.976334 
3117 0.976334 
3118 0.976334 
3119 0.976334 
3120 0.976334 
3121 0.976334 
3122 0.976334 
3123 0.976334 
3124 0.974463 
3125 0.974463 
3126 0.974463 
3127 0.974463 
3128 0.974463 
3129 0.974463 
3130 0.974463 
3131 0.974463 
3132 0.974463 
3133 0.973422 
3134 0.973422 
3135 0.973422 
3136 0.973422 
3137 0.973422 
3138 0.973422 
3139 0.973422 
3140 0.973422 
3141 0.973422 
3142 0.967868 
3143 0.967868 
3144 0.967868 
3145 0.967868 
3146 0.967868 
3147 0.967868 
3148 0.967868 
3149 0.967868 
3150 0.967868 
3151 0.963383 
3152 0.963383 
3153 0.963383 
3154 0.963383 
3155 0.963383 
3156 0.963383 
3157 0.963383 
3158 0.963383 
3159 0.963383 
3160 0.963235 
3161 0.963235 
3162 0.963235 
3163 0.963235 
3164 0.963235 
3165 0.963235 
3166 0.963235 
3167 0.963235 
3168 0.963235 
3169 0.961446 
3170 0.961446 
3171 0.961446 
3172 0.961446 
3173 0.961446 
3174 0.961446 
3175 0.961446 
3176 0.961446 
3177 0.961446 
3178 0.961012 
3179 0.961012 
3180 0.961012 
3181 0.961012 
3182 0.961012 
3183 0.961012 
3184 0.961012 
3185 0.961012 
3186 0.961012 
3187 0.960335 
3188 0.960335 
3189 0.960335 
3190 0.960335 
3191 0.960335 
3192 0.960335 
3193 0.960335 
3194 0.960335 
3195 0.960335 
3196 0.959971 
3197 0.959971 
3198 0.959971 
3199 0.959971 
3200 0.959971 
3201 0.959971 
3202 0.959971 
3203 0.959971 
3204 0.959971 
3205 0.959102 
3206 0.959102 
3207 0.959102 
3208 0.959102 
3209 0.959102 
3210 0.959102 
3211 0.959102 
3212 0.959102 
3213 0.959102 
3214 0.960663 
3215 0.960663 
3216 0.960663 
3217 0.960663 
3218 0.960663 
3219 0.960663 
3220 0.960663 
3221 0.960663 
3222 0.960663 
3223 0.961113 
3224 0.961113 
3225 0.961113 
3226 0.961113 
3227 0.961113 
3228 0.961113 
3229 0.961113 
3230 0.961113 
3231 0.961113 
3232 0.961062 
3233 0.961062 
3234 0.961062 
3235 0.961062 
3236 0.961062 
3237 0.961062 
3238 0.961062 
3239 0.961062 
3240 0.961062 
3241 0.960761 
3242 0.960761 
3243 0.960761 
3244 0.960761 
3245 0.960761 
3246 0.960761 
3247 0.960761 
3248 0.960761 
3249 0.960761 
3250 0.960252 
3251 0.960252 
3252 0.960252 
3253 0.960252 
3254 0.960252 
3255 0.960252 
3256 0.960252 
3257 0.960252 
3258 0.960252 
3259 0.960691 
3260 0.960691 
3261 0.960691 
3262 0.960691 
3263 0.960691 
3264 0.960691 
3265 0.960691 
3266 0.960691 
3267 0.960691 
3268 0.960640 
3269 0.960640 
3270 0.960640 
3271 0.960640 
3272 0.960640 
3273 0.960640 
3274 0.960640 
3275 0.960640 
3276 0.960640 
3277 0.959665 
3278 0.959665 
3279 0.959665 
3280 0.959665 
3281 0.959665 
3282 0.959665 
3283 0.959665 
3284 0.959665 
3285 0.959665 
3286 0.958115 
3287 0.958115 
3288 0.958115 
3289 0.958115 
3290 0.958115 
3291 0.958115 
3292 0.958115 
3293 0.958115 
3294 0.958115 
3295 0.958613 
3296 0.958613 
3297 0.958613 
3298 0.958613 
3299 0.958613 
3300 0.958613 
3301 0.958613 
3302 0.958613 
3303 0.958613 
3304 0.958522 
3305 0.958522 
3306 0.958522 
3307 0.958522 
3308 0.958522 
3309 0.958522 
3310 0.958522 
3311 0.958522 
3312 0.958522 
3313 0.959387 
3314 0.959387 
3315 0.959387 
3316 0.959387 
3317 0.959387 
3318 0.959387 
3319 0.959387 
3320 0.959387 
3321 0.959387 
3322 0.959247 
3323 0.959247 
3324 0.959247 
3325 0.959247 
3326 0.959247 
3327 0.959247 
3328 0.959247 
3329 0.959247 
3330 0.959247 
3331 0.958859 
3332 0.958859 
3333 0.958859 
3334 0.958859 
3335 0.958859 
3336 0.958859 
3337 0.958859 
3338 0.958859 
3339 0.958859 
3340 0.958949 
3341 0.958949 
3342 0.958949 
3343 0.958949 
3344 0.958949 
3345 0.958949 
3346 0.958949 
3347 0.958949 
3348 0.958949 
3349 0.957900 
3350 0.957900 
3351 0.957900 
3352 0.957900 
3353 0.957900 
3354 0.957900 
3355 0.957900 
3356 0.957900 
3357 0.957900 
3358 0.957638 
3359 0.957638 
3360 0.957638 
3361 0.957638 
3362 0.957638 
3363 0.957638 
3364 0.957638 
3365 0.957638 
3366 0.957638 
3367 0.958722 
3368 0.958722 
3369 0.958722 
3370 0.958722 
3371 0.958722 
3372 0.958722 
3373 0.958722 
3374 0.958722 
3375 0.958722 
3376 0.959262 
3377 0.959262 
3378 0.959262 
3379 0.959262 
3380 0.959262 
3381 0.959262 
3382 0.959262 
3383 0.959262 
3384 0.959262 
3385 0.959203 
3386 0.959203 
3387 0.959203 
3388 0.959203 
3389 0.959203 
3390 0.959203 
3391 0.959203 
3392 0.959203 
3393 0.959203 
3394 0.958679 
3395 0.958679 
3396 0.958679 
3397 0.958679 
3398 0.958679 
3399 0.958679 
3400 0.958679 
3401 0.958679 
3402 0.958679 
3403 0.958859 
3404 0.958859 
3405 0.958859 
3406 0.958859 
3407 0.958859 
3408 0.958859 
3409 0.958859 
3410 0.958859 
3411 0.958859 
3412 0.958476 
3413 0.958476 
3414 0.958476 
3415 0.958476 
3416 0.958476 
3417 0.958476 
3418 0.958476 
3419 0.958476 
3420 0.958476 
3421 0.958104 
3422 0.958104 
3423 0.958104 
3424 0.958104 
3425 0.958104 
3426 0.958104 
3427 0.958104 
3428 0.958104 
3429 0.958104 
3430 0.958241 
3431 0.958241 
3432 0.958241 
3433 0.958241 
3434 0.958241 
3435 0.958241 
3436 0.958241 
3437 0.958241 
3438 0.958241 
3439 0.960123 
3440 0.960123 
3441 0.960123 
3442 0.960123 
3443 0.960123 
3444 0.960123 
3445 0.960123 
3446 0.960123 
3447 0.960123 
3448 0.959920 
3449 0.959920 
3450 0.959920 
3451 0.959920 
3452 0.959920 
3453 0.959920 
3454 0.959920 
3455 0.959920 
3456 0.959920 
3457 0.959489 
3458 0.959489 
3459 0.959489 
3460 0.959489 
3461 0.959489 
3462 0.959489 
3463 0.959489 
3464 0.959489 
3465 0.959489 
3466 0.959286 
3467 0.959286 
3468 0.959286 
3469 0.959286 
3470 0.959286 
3471 0.959286 
3472 0.959286 
3473 0.959286 
3474 0.959286 
3475 0.959266 
3476 0.959266 
3477 0.959266 
3478 0.959266 
3479 0.959266 
3480 0.959266 
3481 0.959266 
3482 0.959266 
3483 0.959266 
3484 0.959704 
3485 0.959704 
3486 0.959704 
3487 0.959704 
3488 0.959704 
3489 0.959704 
3490 0.959704 
3491 0.959704 
3492 0.959704 
3493 0.959411 
3494 0.959411 
3495 0.959411 
3496 0.959411 
3497 0.959411 
3498 0.959411 
3499 0.959411 
3500 0.959411 
3501 0.959411 
3502 0.959665 
3503 0.959665 
3504 0.959665 
3505 0.959665 
3506 0.959665 
3507 0.959665 
3508 0.959665 
3509 0.959665 
3510 0.959665 
3511 0.960745 
3512 0.960745 
3513 0.960745 
3514 0.960745 
3515 0.960745 
3516 0.960745 
3517 0.960745 
3518 0.960745 
3519 0.960745 
3520 0.960573 
3521 0.960573 
3522 0.960573 
3523 0.960573 
3524 0.960573 
3525 0.960573 
3526 0.960573 
3527 0.960573 
3528 0.960573 
3529 0.960221 
3530 0.960221 
3531 0.960221 
3532 0.960221 
3533 0.960221 
3534 0.960221 
3535 0.960221 
3536 0.960221 
3537 0.960221 
3538 0.960432 
3539 0.960432 
3540 0.960432 
3541 0.960432 
3542 0.960432 
3543 0.960432 
3544 0.960432 
3545 0.960432 
3546 0.960432 
3547 0.959908 
3548 0.959908 
3549 0.959908 
3550 0.959908 
3551 0.959908 
3552 0.959908 
3553 0.959908 
3554 0.959908 
3555 0.959908 
3556 0.958816 
3557 0.958816 
3558 0.958816 
3559 0.958816 
3560 0.958816 
3561 0.958816 
3562 0.958816 
3563 0.958816 
3564 0.958816 
3565 0.958389 
3566 0.958389 
3567 0.958389 
3568 0.958389 
3569 0.958389 
3570 0.958389 
3571 0.958389 
3572 0.958389 
3573 0.958389 
3574 0.959603 
3575 0.959603 
3576 0.959603 
3577 0.959603 
3578 0.959603 
3579 0.959603 
3580 0.959603 
3581 0.959603 
3582 0.959603 
3583 0.959188 
3584 0.959188 
3585 0.959188 
3586 0.959188 
3587 0.959188 
3588 0.959188 
3589 0.959188 
3590 0.959188 
3591 0.959188 
3592 0.959728 
3593 0.959728 
3594 0.959728 
3595 0.959728 
3596 0.959728 
3597 0.959728 
3598 0.959728 
3599 0.959728 
3600 0.959728 
3601 0.958804 
3602 0.958804 
3603 0.958804 
3604 0.958804 
3605 0.958804 
3606 0.958804 
3607 0.958804 
3608 0.958804 
3609 0.958804 
3610 0.958703 
3611 0.958703 
3612 0.958703 
3613 0.958703 
3614 0.958703 
3615 0.958703 
3616 0.958703 
3617 0.958703 
3618 0.958703 
3619 0.958691 
3620 0.958691 
3621 0.958691 
3622 0.958691 
3623 0.958691 
3624 0.958691 
3625 0.958691 
3626 0.958691 
3627 0.958691 
3628 0.959611 
3629 0.959611 
3630 0.959611 
3631 0.959611 
3632 0.959611 
3633 0.959611 
3634 0.959611 
3635 0.959611 
3636 0.959611 
3637 0.959106 
3638 0.959106 
3639 0.959106 
3640 0.959106 
3641 0.959106 
3642 0.959106 
3643 0.959106 
3644 0.959106 
3645 0.959106 
3646 0.961219 
3647 0.961219 
3648 0.961219 
3649 0.961219 
3650 0.961219 
3651 0.961219 
3652 0.961219 
3653 0.961219 
3654 0.961219 
3655 0.960769 
3656 0.960769 
3657 0.960769 
3658 0.960769 
3659 0.960769 
3660 0.960769 
3661 0.960769 
3662 0.960769 
3663 0.960769 
3664 0.959787 
3665 0.959787 
3666 0.959787 
3667 0.959787 
3668 0.959787 
3669 0.959787 
3670 0.959787 
3671 0.959787 
3672 0.959787 
3673 0.961184 
3674 0.961184 
3675 0.961184 
3676 0.961184 
3677 0.961184 
3678 0.961184 
3679 0.961184 
3680 0.961184 
3681 0.961184 
3682 0.960303 
3683 0.960303 
3684 0.960303 
3685 0.960303 
3686 0.960303 
3687 0.960303 
3688 0.960303 
3689 0.960303 
3690 0.960303 
3691 0.959485 
3692 0.959485 
3693 0.959485 
3694 0.959485 
3695 0.959485 
3696 0.959485 
3697 0.959485 
3698 0.959485 
3699 0.959485 
3700 0.958765 
3701 0.958765 
3702 0.958765 
3703 0.958765 
3704 0.958765 
3705 0.958765 
3706 0.958765 
3707 0.958765 
3708 0.958765 
3709 0.959642 
3710 0.959642 
3711 0.959642 
3712 0.959642 
3713 0.959642 
3714 0.959642 
3715 0.959642 
3716 0.959642 
3717 0.959642 
3718 0.959505 
3719 0.959505 
3720 0.959505 
3721 0.959505 
3722 0.959505 
3723 0.959505 
3724 0.959505 
3725 0.959505 
3726 0.959505 
3727 0.959818 
3728 0.959818 
3729 0.959818 
3730 0.959818 
3731 0.959818 
3732 0.959818 
3733 0.959818 
3734 0.959818 
3735 0.959818 
3736 0.958949 
3737 0.958949 
3738 0.958949 
3739 0.958949 
3740 0.958949 
3741 0.958949 
3742 0.958949 
3743 0.958949 
3744 0.958949 
3745 0.958358 
3746 0.958358 
3747 0.958358 
3748 0.958358 
3749 0.958358 
3750 0.958358 
3751 0.958358 
3752 0.958358 
3753 0.958358 
3754 0.958139 
3755 0.958139 
3756 0.958139 
3757 0.958139 
3758 0.958139 
3759 0.958139 
3760 0.958139 
3761 0.958139 
3762 0.958139 
3763 0.958366 
3764 0.958366 
3765 0.958366 
3766 0.958366 
3767 0.958366 
3768 0.958366 
3769 0.958366 
3770 0.958366 
3771 0.958366 
3772 0.959360 
3773 0.959360 
3774 0.959360 
3775 0.959360 
3776 0.959360 
3777 0.959360 
3778 0.959360 
3779 0.959360 
3780 0.959360 
3781 0.959282 
3782 0.959282 
3783 0.959282 
3784 0.959282 
3785 0.959282 
3786 0.959282 
3787 0.959282 
3788 0.959282 
3789 0.959282 
3790 0.959818 
3791 0.959818 
3792 0.959818 
3793 0.959818 
3794 0.959818 
3795 0.959818 
3796 0.959818 
3797 0.959818 
3798 0.959818 
3799 0.958703 
3800 0.958703 
3801 0.958703 
3802 0.958703 
3803 0.958703 
3804 0.958703 
3805 0.958703 
3806 0.958703 
3807 0.958703 
3808 0.957552 
3809 0.957552 
3810 0.957552 
3811 0.957552 
3812 0.957552 
3813 0.957552 
3814 0.957552 
3815 0.957552 
3816 0.957552 
3817 0.957888 
3818 0.957888 
3819 0.957888 
3820 0.957888 
3821 0.957888 
3822 0.957888 
3823 0.957888 
3824 0.957888 
3825 0.957888 
3826 0.961728 
3827 0.961728 
3828 0.961728 
3829 0.961728 
3830 0.961728 
3831 0.961728 
3832 0.961728 
3833 0.961728 
3834 0.961728 
3835 0.961939 
3836 0.961939 
3837 0.961939 
3838 0.961939 
3839 0.961939 
3840 0.961939 
3841 0.961939 
3842 0.961939 
3843 0.961939 
3844 0.961900 
3845 0.961900 
3846 0.961900 
3847 0.961900 
3848 0.961900 
3849 0.961900 
3850 0.961900 
3851 0.961900 
3852 0.961900 
3853 0.961884 
3854 0.961884 
3855 0.961884 
3856 0.961884 
3857 0.961884 
3858 0.961884 
3859 0.961884 
3860 0.961884 
3861 0.961884 
3862 0.962014 
3863 0.962014 
3864 0.962014 
3865 0.962014 
3866 0.962014 
3867 0.962014 
3868 0.962014 
3869 0.962014 
3870 0.962014 
3871 0.962405 
3872 0.962405 
3873 0.962405 
3874 0.962405 
3875 0.962405 
3876 0.962405 
3877 0.962405 
3878 0.962405 
3879 0.962405 
3880 0.962589 
3881 0.962589 
3882 0.962589 
3883 0.962589 
3884 0.962589 
3885 0.962589 
3886 0.962589 
3887 0.962589 
3888 0.962589 
3889 0.962718 
3890 0.962718 
3891 0.962718 
3892 0.962718 
3893 0.962718 
3894 0.962718 
3895 0.962718 
3896 0.962718 
3897 0.962718 
3898 0.962154 
3899 0.962154 
3900 0.962154 
3901 0.962154 
3902 0.962154 
3903 0.962154 
3904 0.962154 
3905 0.962154 
3906 0.962154 
3907 0.961967 
3908 0.961967 
3909 0.961967 
3910 0.961967 
3911 0.961967 
3912 0.961967 
3913 0.961967 
3914 0.961967 
3915 0.961967 
3916 0.961728 
3917 0.961728 
3918 0.961728 
3919 0.961728 
3920 0.961728 
3921 0.961728 
3922 0.961728 
3923 0.961728 
3924 0.961728 
3925 0.964483 
3926 0.964483 
3927 0.964483 
3928 0.964483 
3929 0.964483 
3930 0.964483 
3931 0.964483 
3932 0.964483 
3933 0.964483 
3934 0.964358 
3935 0.964358 
3936 0.964358 
3937 0.964358 
3938 0.964358 
3939 0.964358 
3940 0.964358 
3941 0.964358 
3942 0.964358 
3943 0.964013 
3944 0.964013 
3945 0.964013 
3946 0.964013 
3947 0.964013 
3948 0.964013 
3949 0.964013 
3950 0.964013 
3951 0.964013 
3952 0.962612 
3953 0.962612 
3954 0.962612 
3955 0.962612 
3956 0.962612 
3957 0.962612 
3958 0.962612 
3959 0.962612 
3960 0.962612 
3961 0.962628 
3962 0.962628 
3963 0.962628 
3964 0.962628 
3965 0.962628 
3966 0.962628 
3967 0.962628 
3968 0.962628 
3969 0.962628 
3970 0.962972 
3971 0.962972 
3972 0.962972 
3973 0.962972 
3974 0.962972 
3975 0.962972 
3976 0.962972 
3977 0.962972 
3978 0.962972 
3979 0.963078 
3980 0.963078 
3981 0.963078 
3982 0.963078 
3983 0.963078 
3984 0.963078 
3985 0.963078 
3986 0.963078 
3987 0.963078 
3988 0.962605 
3989 0.962605 
3990 0.962605 
3991 0.962605 
3992 0.962605 
3993 0.962605 
3994 0.962605 
3995 0.962605 
3996 0.962605 
3997 0.963595 
3998 0.963595 
3999 0.963595 
4000 0.963595 
4001 0.963595 
4002 0.963595 
4003 0.963595 
4004 0.963595 
4005 0.963595 
4006 0.963207 
4007 0.963207 
4008 0.963207 
4009 0.963207 
4010 0.963207 
4011 0.963207 
4012 0.963207 
4013 0.963207 
4014 0.963207 
4015 0.963262 
4016 0.963262 
4017 0.963262 
4018 0.963262 
4019 0.963262 
4020 0.963262 
4021 0.963262 
4022 0.963262 
4023 0.963262 
4024 0.963473 
4025 0.963473 
4026 0.963473 
4027 0.963473 
4028 0.963473 
4029 0.963473 
4030 0.963473 
4031 0.963473 
4032 0.963473 
4033 0.962953 
4034 0.962953 
4035 0.962953 
4036 0.962953 
4037 0.962953 
4038 0.962953 
4039 0.962953 
4040 0.962953 
4041 0.962953 
4042 0.962925 
4043 0.962925 
4044 0.962925 
4045 0.962925 
4046 0.962925 
4047 0.962925 
4048 0.962925 
4049 0.962925 
4050 0.962925 
4051 0.962514 
4052 0.962514 
4053 0.962514 
4054 0.962514 
4055 0.962514 
4056 0.962514 
4057 0.962514 
4058 0.962514 
4059 0.962514 
4060 0.962691 
4061 0.962691 
4062 0.962691 
4063 0.962691 
4064 0.962691 
4065 0.962691 
4066 0.962691 
4067 0.962691 
4068 0.962691 
4069 0.961697 
4070 0.961697 
4071 0.961697 
4072 0.961697 
4073 0.961697 
4074 0.961697 
4075 0.961697 
4076 0.961697 
4077 0.961697 
4078 0.961986 
4079 0.961986 
4080 0.961986 
4081 0.961986 
4082 0.961986 
4083 0.961986 
4084 0.961986 
4085 0.961986 
4086 0.961986 
4087 0.961833 
4088 0.961833 
4089 0.961833 
4090 0.961833 
4091 0.961833 
4092 0.961833 
4093 0.961833 
4094 0.961833 
4095 0.961833 
4096 0.964647 
4097 0.964647 
4098 0.964647 
4099 0.964647 
4100 0.964647 
4101 0.964647 
4102 0.964647 
4103 0.964647 
4104 0.964647 
4105 0.964432 
4106 0.964432 
4107 0.964432 
4108 0.964432 
4109 0.964432 
4110 0.964432 
4111 0.964432 
4112 0.964432 
4113 0.964432 
4114 0.964252 
4115 0.964252 
4116 0.964252 
4117 0.964252 
4118 0.964252 
4119 0.964252 
4120 0.964252 
4121 0.964252 
4122 0.964252 
4123 0.965551 
4124 0.965551 
4125 0.965551 
4126 0.965551 
4127 0.965551 
4128 0.965551 
4129 0.965551 
4130 0.965551 
4131 0.965551 
4132 0.965544 
4133 0.965544 
4134 0.965544 
4135 0.965544 
4136 0.965544 
4137 0.965544 
4138 0.965544 
4139 0.965544 
4140 0.965544 
4141 0.965328 
4142 0.965328 
4143 0.965328 
4144 0.965328 
4145 0.965328 
4146 0.965328 
4147 0.965328 
4148 0.965328 
4149 0.965328 
4150 0.966354 
4151 0.966354 
4152 0.966354 
4153 0.966354 
4154 0.966354 
4155 0.966354 
4156 0.966354 
4157 0.966354 
4158 0.966354 
4159 0.966471 
4160 0.966471 
4161 0.966471 
4162 0.966471 
4163 0.966471 
4164 0.966471 
4165 0.966471 
4166 0.966471 
4167 0.966471 
4168 0.965227 
4169 0.965227 
4170 0.965227 
4171 0.965227 
4172 0.965227 
4173 0.965227 
4174 0.965227 
4175 0.965227 
4176 0.965227 
4177 0.962980 
4178 0.962980 
4179 0.962980 
4180 0.962980 
4181 0.962980 
4182 0.962980 
4183 0.962980 
4184 0.962980 
4185 0.962980 
4186 0.962127 
4187 0.962127 
4188 0.962127 
4189 0.962127 
4190 0.962127 
4191 0.962127 
4192 0.962127 
4193 0.962127 
4194 0.962127 
4195 0.971520 
4196 0.971520 
4197 0.971520 
4198 0.971520 
4199 0.971520 
4200 0.971520 
4201 0.971520 
4202 0.971520 
4203 0.971520 
4204 0.972424 
4205 0.972424 
4206 0.972424 
4207 0.972424 
4208 0.972424 
4209 0.972424 
4210 0.972424 
4211 0.972424 
4212 0.972424 
4213 0.974948 
4214 0.974948 
4215 0.974948 
4216 0.974948 
4217 0.974948 
4218 0.974948 
4219 0.974948 
4220 0.974948 
4221 0.974948 
4222 0.976428 
4223 0.976428 
4224 0.976428 
4225 0.976428 
4226 0.976428 
4227 0.976428 
4228 0.976428 
4229 0.976428 
4230 0.976428 
4231 0.975837 
4232 0.975837 
4233 0.975837 
4234 0.975837 
4235 0.975837 
4236 0.975837 
4237 0.975837 
4238 0.975837 
4239 0.975837 
4240 0.978608 
4241 0.978608 
4242 0.978608 
4243 0.978608 
4244 0.978608 
4245 0.978608 
4246 0.978608 
4247 0.978608 
4248 0.978608 
4249 0.976490 
4250 0.976490 
4251 0.976490 
4252 0.976490 
4253 0.976490 
4254 0.976490 
4255 0.976490 
4256 0.976490 
4257 0.976490 
4258 0.978932 
4259 0.978932 
4260 0.978932 
4261 0.978932 
4262 0.978932 
4263 0.978932 
4264 0.978932 
4265 0.978932 
4266 0.978932 
4267 0.982568 
4268 0.982568 
4269 0.982568 
4270 0.982568 
4271 0.982568 
4272 0.982568 
4273 0.982568 
4274 0.982568 
4275 0.982568 
4276 0.985347 
4277 0.985347 
4278 0.985347 
4279 0.985347 
4280 0.985347 
4281 0.985347 
4282 0.985347 
4283 0.985347 
4284 0.985347 
4285 0.985684 
4286 0.985684 
4287 0.985684 
4288 0.985684 
4289 0.985684 
4290 0.985684 
4291 0.985684 
4292 0.985684 
4293 0.985684 
4294 0.985899 
4295 0.985899 
4296 0.985899 
4297 0.985899 
4298 0.985899 
4299 0.985899 
4300 0.985899 
4301 0.985899 
4302 0.985899 
4303 0.988161 
4304 0.988161 
4305 0.988161 
4306 0.988161 
4307 0.988161 
4308 0.988161 
4309 0.988161 
4310 0.988161 
4311 0.988161 
4312 0.989065 
4313 0.989065 
4314 0.989065 
4315 0.989065 
4316 0.989065 
4317 0.989065 
4318 0.989065 
4319 0.989065 
4320 0.989065 
4321 0.987946 
4322 0.987946 
4323 0.987946 
4324 0.987946 
4325 0.987946 
4326 0.987946 
4327 0.987946 
4328 0.987946 
4329 0.987946 
4330 0.986631 
4331 0.986631 
4332 0.986631 
4333 0.986631 
4334 0.986631 
4335 0.986631 
4336 0.986631 
4337 0.986631 
4338 0.986631 
4339 0.986873 
4340 0.986873 
4341 0.986873 
4342 0.986873 
4343 0.986873 
4344 0.986873 
4345 0.986873 
4346 0.986873 
4347 0.986873 
4348 0.985731 
4349 0.985731 
4350 0.985731 
4351 0.985731 
4352 0.985731 
4353 0.985731 
4354 0.985731 
4355 0.985731 
4356 0.985731 
4357 0.986596 
4358 0.986596 
4359 0.986596 
4360 0.986596 
4361 0.986596 
4362 0.986596 
4363 0.986596 
4364 0.986596 
4365 0.986596 
4366 0.986776 
4367 0.986776 
4368 0.986776 
4369 0.986776 
4370 0.986776 
4371 0.986776 
4372 0.986776 
4373 0.986776 
4374 0.986776 
4375 0.985844 
4376 0.985844 
4377 0.985844 
4378 0.985844 
4379 0.985844 
4380 0.985844 
4381 0.985844 
4382 0.985844 
4383 0.985844 
4384 0.975661 
4385 0.975661 
4386 0.975661 
4387 0.975661 
4388 0.975661 
4389 0.975661 
4390 0.975661 
4391 0.975661 
4392 0.975661 
4393 0.962049 
4394 0.962049 
4395 0.962049 
4396 0.962049 
4397 0.962049 
4398 0.962049 
4399 0.962049 
4400 0.962049 
4401 0.962049 
4402 0.901034 
4403 0.901034 
4404 0.901034 
4405 0.901034 
4406 0.901034 
4407 0.901034 
4408 0.901034 
4409 0.901034 
4410 0.901034 
4411 0.826724 
4412 0.826724 
4413 0.826724 
4414 0.826724 
4415 0.826724 
4416 0.826724 
4417 0.826724 
4418 0.826724 
4419 0.826724 
4420 0.981441 
4421 0.981441 
4422 0.981441 
4423 0.981441 
4424 0.981441 
4425 0.981441 
4426 0.981441 
4427 0.981441 
4428 0.981441 
4429 0.983449 
4430 0.983449 
4431 0.983449 
4432 0.983449 
4433 0.983449 
4434 0.983449 
4435 0.983449 
4436 0.983449 
4437 0.983449 
4438 0.978248 
4439 0.978248 
4440 0.978248 
4441 0.978248 
4442 0.978248 
4443 0.978248 
4444 0.978248 
4445 0.978248 
4446 0.978248 
4447 0.973935 
4448 0.973935 
4449 0.973935 
4450 0.973935 
4451 0.973935 
4452 0.973935 
4453 0.973935 
4454 0.973935 
4455 0.973935 
4456 0.964389 
4457 0.964389 
4458 0.964389 
4459 0.964389 
4460 0.964389 
4461 0.964389 
4462 0.964389 
4463 0.964389 
4464 0.964389 
4465 0.952241 
4466 0.952241 
4467 0.952241 
4468 0.952241 
4469 0.952241 
4470 0.952241 
4471 0.952241 
4472 0.952241 
4473 0.952241 
4474 0.961771 
4475 0.961771 
4476 0.961771 
4477 0.961771 
4478 0.961771 
4479 0.961771 
4480 0.961771 
4481 0.961771 
4482 0.961771 
4483 0.960076 
4484 0.960076 
4485 0.960076 
4486 0.960076 
4487 0.960076 
4488 0.960076 
4489 0.960076 
4490 0.960076 
4491 0.960076 
4492 0.930058 
4493 0.930058 
4494 0.930058 
4495 0.930058 
4496 0.930058 
4497 0.930058 
4498 0.930058 
4499 0.930058 
4500 0.930058 
4501 0.942668 
4502 0.942668 
4503 0.942668 
4504 0.942668 
4505 0.942668 
4506 0.942668 
4507 0.942668 
4508 0.942668 
4509 0.942668 
4510 0.979574 
4511 0.979574 
4512 0.979574 
4513 0.979574 
4514 0.979574 
4515 0.979574 
4516 0.979574 
4517 0.979574 
4518 0.979574 
4519 0.981073 
4520 0.981073 
4521 0.981073 
4522 0.981073 
4523 0.981073 
4524 0.981073 
4525 0.981073 
4526 0.981073 
4527 0.981073 
4528 0.983879 
4529 0.983879 
4530 0.983879 
4531 0.983879 
4532 0.983879 
4533 0.983879 
4534 0.983879 
4535 0.983879 
4536 0.983879 
4537 0.984294 
4538 0.984294 
4539 0.984294 
4540 0.984294 
4541 0.984294 
4542 0.984294 
4543 0.984294 
4544 0.984294 
4545 0.984294 
4546 0.984502 
4547 0.984502 
4548 0.984502 
4549 0.984502 
4550 0.984502 
4551 0.984502 
4552 0.984502 
4553 0.984502 
4554 0.984502 
4555 0.980514 
4556 0.980514 
4557 0.980514 
4558 0.980514 
4559 0.980514 
4560 0.980514 
4561 0.980514 
4562 0.980514 
4563 0.980514 
4564 0.979911 
4565 0.979911 
4566 0.979911 
4567 0.979911 
4568 0.979911 
4569 0.979911 
4570 0.979911 
4571 0.979911 
4572 0.979911 
4573 0.981426 
4574 0.981426 
4575 0.981426 
4576 0.981426 
4577 0.981426 
4578 0.981426 
4579 0.981426 
4580 0.981426 
4581 0.981426 
4582 0.983609 
4583 0.983609 
4584 0.983609 
4585 0.983609 
4586 0.983609 
4587 0.983609 
4588 0.983609 
4589 0.983609 
4590 0.983609 
4591 0.979570 
4592 0.979570 
4593 0.979570 
4594 0.979570 
4595 0.979570 
4596 0.979570 
4597 0.979570 
4598 0.979570 
4599 0.979570 
4600 0.978979 
4601 0.978979 
4602 0.978979 
4603 0.978979 
4604 0.978979 
4605 0.978979 
4606 0.978979 
4607 0.978979 
4608 0.978979 
4609 0.977484 
4610 0.977484 
4611 0.977484 
4612 0.977484 
4613 0.977484 
4614 0.977484 
4615 0.977484 
4616 0.977484 
4617 0.977484 
4618 0.980584 
4619 0.980584 
4620 0.980584 
4621 0.980584 
4622 0.980584 
4623 0.980584 
4624 0.980584 
4625 0.980584 
4626 0.980584 
4627 0.979026 
4628 0.979026 
4629 0.979026 
4630 0.979026 
4631 0.979026 
4632 0.979026 
4633 0.979026 
4634 0.979026 
4635 0.979026 
4636 0.982901 
4637 0.982901 
4638 0.982901 
4639 0.982901 
4640 0.982901 
4641 0.982901 
4642 0.982901 
4643 0.982901 
4644 0.982901 
4645 0.980748 
4646 0.980748 
4647 0.980748 
4648 0.980748 
4649 0.980748 
4650 0.980748 
4651 0.980748 
4652 0.980748 
4653 0.980748 
4654 0.982302 
4655 0.982302 
4656 0.982302 
4657 0.982302 
4658 0.982302 
4659 0.982302 
4660 0.982302 
4661 0.982302 
4662 0.982302 
4663 0.987323 
4664 0.987323 
4665 0.987323 
4666 0.987323 
4667 0.987323 
4668 0.987323 
4669 0.987323 
4670 0.987323 
4671 0.987323 
4672 0.986960 
4673 0.986960 
4674 0.986960 
4675 0.986960 
4676 0.986960 
4677 0.986960 
4678 0.986960 
4679 0.986960 
4680 0.986960 
4681 0.978118 
4682 0.978118 
4683 0.978118 
4684 0.978118 
4685 0.978118 
4686 0.978118 
4687 0.978118 
4688 0.978118 
4689 0.978118 
4690 0.962190 
4691 0.962190 
4692 0.962190 
4693 0.962190 
4694 0.962190 
4695 0.962190 
4696 0.962190 
4697 0.962190 
4698 0.962190 
4699 0.959321 
4700 0.959321 
4701 0.959321 
4702 0.959321 
4703 0.959321 
4704 0.959321 
4705 0.959321 
4706 0.959321 
4707 0.959321 
4708 0.965148 
4709 0.965148 
4710 0.965148 
4711 0.965148 
4712 0.965148 
4713 0.965148 
4714 0.965148 
4715 0.965148 
4716 0.965148 
4717 0.984932 
4718 0.984932 
4719 0.984932 
4720 0.984932 
4721 0.984932 
4722 0.984932 
4723 0.984932 
4724 0.984932 
4725 0.984932 
4726 0.986345 
4727 0.986345 
4728 0.986345 
4729 0.986345 
4730 0.986345 
4731 0.986345 
4732 0.986345 
4733 0.986345 
4734 0.986345 
4735 0.981296 
4736 0.981296 
4737 0.981296 
4738 0.981296 
4739 0.981296 
4740 0.981296 
4741 0.981296 
4742 0.981296 
4743 0.981296 
4744 0.986541 
4745 0.986541 
4746 0.986541 
4747 0.986541 
4748 0.986541 
4749 0.986541 
4750 0.986541 
4751 0.986541 
4752 0.986541 
4753 0.835475 
4754 0.835475 
4755 0.835475 
4756 0.835475 
4757 0.835475 
4758 0.835475 
4759 0.835475 
4760 0.835475 
4761 0.835475 
4762 0.332622 
4763 0.332622 
4764 0.332622 
4765 0.332622 
4766 0.332622 
4767 0.332622 
4768 0.332622 
4769 0.332622 
4770 0.332622 
4771 0.181577 
4772 0.181577 
4773 0.181577 
4774 0.181577 
4775 0.181577 
4776 0.181577 
4777 0.181577 
4778 0.181577 
4779 0.181577 
4780 0.108801 
4781 0.108801 
4782 0.108801 
4783 0.108801 
4784 0.108801 
4785 0.108801 
4786 0.108801 
4787 0.108801 
4788 0.108801 
4789 0.073198 
4790 0.073198 
4791 0.073198 
4792 0.073198 
4793 0.073198 
4794 0.073198 
4795 0.073198 
4796 0.073198 
4797 0.073198 
4798 0.064408 
4799 0.064408 
4800 0.064408 
4801 0.064408 
4802 0.064408 
4803 0.064408 
4804 0.064408 
4805 0.064408 
4806 0.064408 
4807 0.062150 
4808 0.062150 
4809 0.062150 
4810 0.062150 
4811 0.062150 
4812 0.062150 
4813 0.062150 
4814 0.062150 
4815 0.062150 
4816 0.071316 
4817 0.071316 
4818 0.071316 
4819 0.071316 
4820 0.071316 
4821 0.071316 
4822 0.071316 
4823 0.071316 
4824 0.071316 
4825 0.095905 
4826 0.095905 
4827 0.095905 
4828 0.095905 
4829 0.095905 
4830 0.095905 
4831 0.095905 
4832 0.095905 
4833 0.095905 
4834 0.099905 
4835 0.099905 
4836 0.099905 
4837 0.099905 
4838 0.099905 
4839 0.099905 
4840 0.099905 
4841 0.099905 
4842 0.099905 
4843 0.106508 
4844 0.106508 
4845 0.106508 
4846 0.106508 
4847 0.106508 
4848 0.106508 
4849 0.106508 
4850 0.106508 
4851 0.106508 
4852 0.117063 
4853 0.117063 
4854 0.117063 
4855 0.117063 
4856 0.117063 
4857 0.117063 
4858 0.117063 
4859 0.117063 
4860 0.117063 
4861 0.111611 
4862 0.111611 
4863 0.111611 
4864 0.111611 
4865 0.111611 
4866 0.111611 
4867 0.111611 
4868 0.111611 
4869 0.111611 
4870 0.118601 
4871 0.118601 
4872 0.118601 
4873 0.118601 
4874 0.118601 
4875 0.118601 
4876 0.118601 
4877 0.118601 
4878 0.118601 
4879 0.126565 
4880 0.126565 
4881 0.126565 
4882 0.126565 
4883 0.126565 
4884 0.126565 
4885 0.126565 
4886 0.126565 
4887 0.126565 
4888 0.111102 
4889 0.111102 
4890 0.111102 
4891 0.111102 
4892 0.111102 
4893 0.111102 
4894 0.111102 
4895 0.111102 
4896 0.111102 
4897 0.119677 
4898 0.119677 
4899 0.119677 
4900 0.119677 
4901 0.119677 
4902 0.119677 
4903 0.119677 
4904 0.119677 
4905 0.119677 
4906 0.124628 
4907 0.124628 
4908 0.124628 
4909 0.124628 
4910 0.124628 
4911 0.124628 
4912 0.124628 
4913 0.124628 
4914 0.124628 
4915 0.105960 
4916 0.105960 
4917 0.105960 
4918 0.105960 
4919 0.105960 
4920 0.105960 
4921 0.105960 
4922 0.105960 
4923 0.105960 
4924 0.204574 
4925 0.204574 
4926 0.204574 
4927 0.204574 
4928 0.204574 
4929 0.204574 
4930 0.204574 
4931 0.204574 
4932 0.204574 
4933 0.304072 
4934 0.304072 
4935 0.304072 
4936 0.304072 
4937 0.304072 
4938 0.304072 
4939 0.304072 
4940 0.304072 
4941 0.304072 
4942 0.615000 
4943 0.615000 
4944 0.615000 
4945 0.615000 
4946 0.615000 
4947 0.615000 
4948 0.615000 
4949 0.615000 
4950 0.615000 
4951 0.724040 
4952 0.724040 
4953 0.724040 
4954 0.724040 
4955 0.724040 
4956 0.724040 
4957 0.724040 
4958 0.724040 
4959 0.724040 
4960 0.229813 
4961 0.229813 
4962 0.229813 
4963 0.229813 
4964 0.229813 
4965 0.229813 
4966 0.229813 
4967 0.229813 
4968 0.229813 
4969 0.148654 
4970 0.148654 
4971 0.148654 
4972 0.148654 
4973 0.148654 
4974 0.148654 
4975 0.148654 
4976 0.148654 
4977 0.148654 
4978 0.312385 
4979 0.312385 
4980 0.312385 
4981 0.312385 
4982 0.312385 
4983 0.312385 
4984 0.312385 
4985 0.312385 
4986 0.312385 
4987 0.311762 
4988 0.311762 
4989 0.311762 
4990 0.311762 
4991 0.311762 
4992 0.311762 
4993 0.311762 
4994 0.311762 
4995 0.311762 
4996 0.251926 
4997 0.251926 
4998 0.251926 
4999 0.251926 
5000 0.251926 
5001 0.251926 
5002 0.251926 
5003 0.251926 
5004 0.251926 
5005 0.163938 
5006 0.163938 
5007 0.163938 
5008 0.163938 
5009 0.163938 
5010 0.163938 
5011 0.163938 
5012 0.163938 
5013 0.163938 
5014 0.118683 
5015 0.118683 
5016 0.118683 
5017 0.118683 
5018 0.118683 
5019 0.118683 
5020 0.118683 
5021 0.118683 
5022 0.118683 
5023 0.134072 
5024 0.134072 
5025 0.134072 
5026 0.134072 
5027 0.134072 
5028 0.134072 
5029 0.134072 
5030 0.134072 
5031 0.134072 
5032 0.129708 
5033 0.129708 
5034 0.129708 
5035 0.129708 
5036 0.129708 
5037 0.129708 
5038 0.129708 
5039 0.129708 
5040 0.129708 
5041 0.116339 
5042 0.116339 
5043 0.116339 
5044 0.116339 
5045 0.116339 
5046 0.116339 
5047 0.116339 
5048 0.116339 
5049 0.116339 
5050 0.126785 
5051 0.126785 
5052 0.126785 
5053 0.126785 
5054 0.126785 
5055 0.126785 
5056 0.126785 
5057 0.126785 
5058 0.126785 
5059 0.255777 
5060 0.255777 
5061 0.255777 
5062 0.255777 
5063 0.255777 
5064 0.255777 
5065 0.255777 
5066 0.255777 
5067 0.255777 
5068 0.460111 
5069 0.460111 
5070 0.460111 
5071 0.460111 
5072 0.460111 
5073 0.460111 
5074 0.460111 
5075 0.460111 
5076 0.460111 
5077 0.632135 
5078 0.632135 
5079 0.632135 
5080 0.632135 
5081 0.632135 
5082 0.632135 
5083 0.632135 
5084 0.632135 
5085 0.632135 
5086 0.665613 
5087 0.665613 
5088 0.665613 
5089 0.665613 
5090 0.665613 
5091 0.665613 
5092 0.665613 
5093 0.665613 
5094 0.665613 
5095 0.331370 
5096 0.331370 
5097 0.331370 
5098 0.331370 
5099 0.331370 
5100 0.331370 
5101 0.331370 
5102 0.331370 
5103 0.331370 
5104 0.308173 
5105 0.308173 
5106 0.308173 
5107 0.308173 
5108 0.308173 
5109 0.308173 
5110 0.308173 
5111 0.308173 
5112 0.308173 
5113 0.361823 
5114 0.361823 
5115 0.361823 
5116 0.361823 
5117 0.361823 
5118 0.361823 
5119 0.361823 
5120 0.361823 
5121 0.361823 
5122 0.323809 
5123 0.323809 
5124 0.323809 
5125 0.323809 
5126 0.323809 
5127 0.323809 
5128 0.323809 
5129 0.323809 
5130 0.323809 
5131 0.338231 
5132 0.338231 
5133 0.338231 
5134 0.338231 
5135 0.338231 
5136 0.338231 
5137 0.338231 
5138 0.338231 
5139 0.338231 
5140 0.423264 
5141 0.423264 
5142 0.423264 
5143 0.423264 
5144 0.423264 
5145 0.423264 
5146 0.423264 
5147 0.423264 
5148 0.423264 
5149 0.418395 
5150 0.418395 
5151 0.418395 
5152 0.418395 
5153 0.418395 
5154 0.418395 
5155 0.418395 
5156 0.418395 
5157 0.418395 
5158 0.398682 
5159 0.398682 
5160 0.398682 
5161 0.398682 
5162 0.398682 
5163 0.398682 
5164 0.398682 
5165 0.398682 
5166 0.398682 
5167 0.398388 
5168 0.398388 
5169 0.398388 
5170 0.398388 
5171 0.398388 
5172 0.398388 
5173 0.398388 
5174 0.398388 
5175 0.398388 
5176 0.406509 
5177 0.406509 
5178 0.406509 
5179 0.406509 
5180 0.406509 
5181 0.406509 
5182 0.406509 
5183 0.406509 
5184 0.406509 
5185 0.348183 
5186 0.348183 
5187 0.348183 
5188 0.348183 
5189 0.348183 
5190 0.348183 
5191 0.348183 
5192 0.348183 
5193 0.348183 
5194 0.322400 
5195 0.322400 
5196 0.322400 
5197 0.322400 
5198 0.322400 
5199 0.322400 
5200 0.322400 
5201 0.322400 
5202 0.322400 
5203 0.337796 
5204 0.337796 
5205 0.337796 
5206 0.337796 
5207 0.337796 
5208 0.337796 
5209 0.337796 
5210 0.337796 
5211 0.337796 
5212 0.346023 
5213 0.346023 
5214 0.346023 
5215 0.346023 
5216 0.346023 
5217 0.346023 
5218 0.346023 
5219 0.346023 
5220 0.346023 
5221 0.029956 
5222 0.029956 
5223 0.029956 
5224 0.029956 
5225 0.029956 
5226 0.029956 
5227 0.029956 
5228 0.029956 
5229 0.029956 
5230 0.155848 
5231 0.155848 
5232 0.155848 
5233 0.155848 
5234 0.155848 
5235 0.155848 
5236 0.155848 
5237 0.155848 
5238 0.155848 
5239 0.233046 
5240 0.233046 
5241 0.233046 
5242 0.233046 
5243 0.233046 
5244 0.233046 
5245 0.233046 
5246 0.233046 
5247 0.233046 
5248 0.346954 
5249 0.346954 
5250 0.346954 
5251 0.346954 
5252 0.346954 
5253 0.346954 
5254 0.346954 
5255 0.346954 
5256 0.346954 
5257 0.379857 
5258 0.379857 
5259 0.379857 
5260 0.379857 
5261 0.379857 
5262 0.379857 
5263 0.379857 
5264 0.379857 
5265 0.379857 
5266 0.443717 
5267 0.443717 
5268 0.443717 
5269 0.443717 
5270 0.443717 
5271 0.443717 
5272 0.443717 
5273 0.443717 
5274 0.443717 
5275 0.230948 
5276 0.230948 
5277 0.230948 
5278 0.230948 
5279 0.230948 
5280 0.230948 
5281 0.230948 
5282 0.230948 
5283 0.230948 
5284 0.229473 
5285 0.229473 
5286 0.229473 
5287 0.229473 
5288 0.229473 
5289 0.229473 
5290 0.229473 
5291 0.229473 
5292 0.229473 
5293 0.334012 
5294 0.334012 
5295 0.334012 
5296 0.334012 
5297 0.334012 
5298 0.334012 
5299 0.334012 
5300 0.334012 
5301 0.334012 
5302 0.631974 
5303 0.631974 
5304 0.631974 
5305 0.631974 
5306 0.631974 
5307 0.631974 
5308 0.631974 
5309 0.631974 
5310 0.631974 
5311 0.803058 
5312 0.803058 
5313 0.803058 
5314 0.803058 
5315 0.803058 
5316 0.803058 
5317 0.803058 
5318 0.803058 
5319 0.803058 
5320 0.912564 
5321 0.912564 
5322 0.912564 
5323 0.912564 
5324 0.912564 
5325 0.912564 
5326 0.912564 
5327 0.912564 
5328 0.912564 
5329 0.923577 
5330 0.923577 
5331 0.923577 
5332 0.923577 
5333 0.923577 
5334 0.923577 
5335 0.923577 
5336 0.923577 
5337 0.923577 
5338 0.934187 
5339 0.934187 
5340 0.934187 
5341 0.934187 
5342 0.934187 
5343 0.934187 
5344 0.934187 
5345 0.934187 
5346 0.934187 
5347 0.896338 
5348 0.896338 
5349 0.896338 
5350 0.896338 
5351 0.896338 
5352 0.896338 
5353 0.896338 
5354 0.896338 
5355 0.896338 
5356 0.913358 
5357 0.913358 
5358 0.913358 
5359 0.913358 
5360 0.913358 
5361 0.913358 
5362 0.913358 
5363 0.913358 
5364 0.913358 
5365 0.854946 
5366 0.854946 
5367 0.854946 
5368 0.854946 
5369 0.854946 
5370 0.854946 
5371 0.854946 
5372 0.854946 
5373 0.854946 
5374 0.632867 
5375 0.632867 
5376 0.632867 
5377 0.632867 
5378 0.632867 
5379 0.632867 
5380 0.632867 
5381 0.632867 
5382 0.632867 
5383 0.565907 
5384 0.565907 
5385 0.565907 
5386 0.565907 
5387 0.565907 
5388 0.565907 
5389 0.565907 
5390 0.565907 
5391 0.565907 
5392 0.575656 
5393 0.575656 
5394 0.575656 
5395 0.575656 
5396 0.575656 
5397 0.575656 
5398 0.575656 
5399 0.575656 
5400 0.575656 
5401 0.595855 
5402 0.595855 
5403 0.595855 
5404 0.595855 
5405 0.595855 
5406 0.595855 
5407 0.595855 
5408 0.595855 
5409 0.595855 
5410 0.573586 
5411 0.573586 
5412 0.573586 
5413 0.573586 
5414 0.573586 
5415 0.573586 
5416 0.573586 
5417 0.573586 
5418 0.573586 
5419 0.580270 
5420 0.580270 
5421 0.580270 
5422 0.580270 
5423 0.580270 
5424 0.580270 
5425 0.580270 
5426 0.580270 
5427 0.580270 
5428 0.635215 
5429 0.635215 
5430 0.635215 
5431 0.635215 
5432 0.635215 
5433 0.635215 
5434 0.635215 
5435 0.635215 
5436 0.635215 
5437 0.682680 
5438 0.682680 
5439 0.682680 
5440 0.682680 
5441 0.682680 
5442 0.682680 
5443 0.682680 
5444 0.682680 
5445 0.682680 
5446 0.718452 
5447 0.718452 
5448 0.718452 
5449 0.718452 
5450 0.718452 
5451 0.718452 
5452 0.718452 
5453 0.718452 
5454 0.718452 
5455 0.730717 
5456 0.730717 
5457 0.730717 
5458 0.730717 
5459 0.730717 
5460 0.730717 
5461 0.730717 
5462 0.730717 
5463 0.730717 
5464 0.756297 
5465 0.756297 
5466 0.756297 
5467 0.756297 
5468 0.756297 
5469 0.756297 
5470 0.756297 
5471 0.756297 
5472 0.756297 
5473 0.830818 
5474 0.830818 
5475 0.830818 
5476 0.830818 
5477 0.830818 
5478 0.830818 
5479 0.830818 
5480 0.830818 
5481 0.830818 
5482 0.836055 
5483 0.836055 
5484 0.836055 
5485 0.836055 
5486 0.836055 
5487 0.836055 
5488 0.836055 
5489 0.836055 
5490 0.836055 
5491 0.846054 
5492 0.846054 
5493 0.846054 
5494 0.846054 
5495 0.846054 
5496 0.846054 
5497 0.846054 
5498 0.846054 
5499 0.846054 
5500 0.962828 
5501 0.962828 
5502 0.962828 
5503 0.962828 
5504 0.962828 
5505 0.962828 
5506 0.962828 
5507 0.962828 
5508 0.962828 
5509 0.975555 
5510 0.975555 
5511 0.975555 
5512 0.975555 
5513 0.975555 
5514 0.975555 
5515 0.975555 
5516 0.975555 
5517 0.975555 
5518 0.978506 
5519 0.978506 
5520 0.978506 
5521 0.978506 
5522 0.978506 
5523 0.978506 
5524 0.978506 
5525 0.978506 
5526 0.978506 
5527 0.980612 
5528 0.980612 
5529 0.980612 
5530 0.980612 
5531 0.980612 
5532 0.980612 
5533 0.980612 
5534 0.980612 
5535 0.980612 
5536 0.979551 
5537 0.979551 
5538 0.979551 
5539 0.979551 
5540 0.979551 
5541 0.979551 
5542 0.979551 
5543 0.979551 
5544 0.979551 
5545 0.979516 
5546 0.979516 
5547 0.979516 
5548 0.979516 
5549 0.979516 
5550 0.979516 
5551 0.979516 
5552 0.979516 
5553 0.979516 
5554 0.977751 
5555 0.977751 
5556 0.977751 
5557 0.977751 
5558 0.977751 
5559 0.977751 
5560 0.977751 
5561 0.977751 
5562 0.977751 
5563 0.976929 
5564 0.976929 
5565 0.976929 
5566 0.976929 
5567 0.976929 
5568 0.976929 
5569 0.976929 
5570 0.976929 
5571 0.976929 
5572 0.973958 
5573 0.973958 
5574 0.973958 
5575 0.973958 
5576 0.973958 
5577 0.973958 
5578 0.973958 
5579 0.973958 
5580 0.973958 
5581 0.972827 
5582 0.972827 
5583 0.972827 
5584 0.972827 
5585 0.972827 
5586 0.972827 
5587 0.972827 
5588 0.972827 
5589 0.972827 
5590 0.972628 
5591 0.972628 
5592 0.972628 
5593 0.972628 
5594 0.972628 
5595 0.972628 
5596 0.972628 
5597 0.972628 
5598 0.972628 
5599 0.973207 
5600 0.973207 
5601 0.973207 
5602 0.973207 
5603 0.973207 
5604 0.973207 
5605 0.973207 
5606 0.973207 
5607 0.973207 
5608 0.972823 
5609 0.972823 
5610 0.972823 
5611 0.972823 
5612 0.972823 
5613 0.972823 
5614 0.972823 
5615 0.972823 
5616 0.972823 
5617 0.971074 
5618 0.971074 
5619 0.971074 
5620 0.971074 
5621 0.971074 
5622 0.971074 
5623 0.971074 
5624 0.971074 
5625 0.971074 
5626 0.969344 
5627 0.969344 
5628 0.969344 
5629 0.969344 
5630 0.969344 
5631 0.969344 
5632 0.969344 
5633 0.969344 
5634 0.969344 
5635 0.971269 
5636 0.971269 
5637 0.971269 
5638 0.971269 
5639 0.971269 
5640 0.971269 
5641 0.971269 
5642 0.971269 
5643 0.971269 
5644 0.971978 
5645 0.971978 
5646 0.971978 
5647 0.971978 
5648 0.971978 
5649 0.971978 
5650 0.971978 
5651 0.971978 
5652 0.971978 
5653 0.972154 
5654 0.972154 
5655 0.972154 
5656 0.972154 
5657 0.972154 
5658 0.972154 
5659 0.972154 
5660 0.972154 
5661 0.972154 
5662 0.972862 
5663 0.972862 
5664 0.972862 
5665 0.972862 
5666 0.972862 
5667 0.972862 
5668 0.972862 
5669 0.972862 
5670 0.972862 
5671 0.974048 
5672 0.974048 
5673 0.974048 
5674 0.974048 
5675 0.974048 
5676 0.974048 
5677 0.974048 
5678 0.974048 
5679 0.974048 
5680 0.974381 
5681 0.974381 
5682 0.974381 
5683 0.974381 
5684 0.974381 
5685 0.974381 
5686 0.974381 
5687 0.974381 
5688 0.974381 
5689 0.973978 
5690 0.973978 
5691 0.973978 
5692 0.973978 
5693 0.973978 
5694 0.973978 
5695 0.973978 
5696 0.973978 
5697 0.973978 
5698 0.974764 
5699 0.974764 
5700 0.974764 
5701 0.974764 
5702 0.974764 
5703 0.974764 
5704 0.974764 
5705 0.974764 
5706 0.974764 
5707 0.974635 
5708 0.974635 
5709 0.974635 
5710 0.974635 
5711 0.974635 
5712 0.974635 
5713 0.974635 
5714 0.974635 
5715 0.974635 
5716 0.974976 
5717 0.974976 
5718 0.974976 
5719 0.974976 
5720 0.974976 
5721 0.974976 
5722 0.974976 
5723 0.974976 
5724 0.974976 
5725 0.974424 
5726 0.974424 
5727 0.974424 
5728 0.974424 
5729 0.974424 
5730 0.974424 
5731 0.974424 
5732 0.974424 
5733 0.974424 
5734 0.974056 
5735 0.974056 
5736 0.974056 
Time taken: 196.884365
