1 0.159723 
2 0.159723 
3 0.159723 
4 0.159723 
5 0.159723 
6 0.159723 
7 0.159723 
8 0.159723 
9 0.159723 
10 0.159723 
11 0.159723 
12 0.270353 
13 0.270353 
14 0.270353 
15 0.270353 
16 0.270353 
17 0.270353 
18 0.270353 
19 0.270353 
20 0.270353 
21 0.270353 
22 0.270353 
23 0.272650 
24 0.272650 
25 0.272650 
26 0.272650 
27 0.272650 
28 0.272650 
29 0.272650 
30 0.272650 
31 0.272650 
32 0.272650 
33 0.272650 
34 0.287793 
35 0.287793 
36 0.287793 
37 0.287793 
38 0.287793 
39 0.287793 
40 0.287793 
41 0.287793 
42 0.287793 
43 0.287793 
44 0.287793 
45 0.281624 
46 0.281624 
47 0.281624 
48 0.281624 
49 0.281624 
50 0.281624 
51 0.281624 
52 0.281624 
53 0.281624 
54 0.281624 
55 0.281624 
56 0.264371 
57 0.264371 
58 0.264371 
59 0.264371 
60 0.264371 
61 0.264371 
62 0.264371 
63 0.264371 
64 0.264371 
65 0.264371 
66 0.264371 
67 0.255667 
68 0.255667 
69 0.255667 
70 0.255667 
71 0.255667 
72 0.255667 
73 0.255667 
74 0.255667 
75 0.255667 
76 0.255667 
77 0.255667 
78 0.259351 
79 0.259351 
80 0.259351 
81 0.259351 
82 0.259351 
83 0.259351 
84 0.259351 
85 0.259351 
86 0.259351 
87 0.259351 
88 0.259351 
89 0.340797 
90 0.340797 
91 0.340797 
92 0.340797 
93 0.340797 
94 0.340797 
95 0.340797 
96 0.340797 
97 0.340797 
98 0.340797 
99 0.340797 
100 0.424735 
101 0.424735 
102 0.424735 
103 0.424735 
104 0.424735 
105 0.424735 
106 0.424735 
107 0.424735 
108 0.424735 
109 0.424735 
110 0.424735 
111 0.446558 
112 0.446558 
113 0.446558 
114 0.446558 
115 0.446558 
116 0.446558 
117 0.446558 
118 0.446558 
119 0.446558 
120 0.446558 
121 0.446558 
122 0.483720 
123 0.483720 
124 0.483720 
125 0.483720 
126 0.483720 
127 0.483720 
128 0.483720 
129 0.483720 
130 0.483720 
131 0.483720 
132 0.483720 
133 0.463327 
134 0.463327 
135 0.463327 
136 0.463327 
137 0.463327 
138 0.463327 
139 0.463327 
140 0.463327 
141 0.463327 
142 0.463327 
143 0.463327 
144 0.432564 
145 0.432564 
146 0.432564 
147 0.432564 
148 0.432564 
149 0.432564 
150 0.432564 
151 0.432564 
152 0.432564 
153 0.432564 
154 0.432564 
155 0.408514 
156 0.408514 
157 0.408514 
158 0.408514 
159 0.408514 
160 0.408514 
161 0.408514 
162 0.408514 
163 0.408514 
164 0.408514 
165 0.408514 
166 0.389109 
167 0.389109 
168 0.389109 
169 0.389109 
170 0.389109 
171 0.389109 
172 0.389109 
173 0.389109 
174 0.389109 
175 0.389109 
176 0.389109 
177 0.378787 
178 0.378787 
179 0.378787 
180 0.378787 
181 0.378787 
182 0.378787 
183 0.378787 
184 0.378787 
185 0.378787 
186 0.378787 
187 0.378787 
188 0.366840 
189 0.366840 
190 0.366840 
191 0.366840 
192 0.366840 
193 0.366840 
194 0.366840 
195 0.366840 
196 0.366840 
197 0.366840 
198 0.366840 
199 0.361890 
200 0.361890 
201 0.361890 
202 0.361890 
203 0.361890 
204 0.361890 
205 0.361890 
206 0.361890 
207 0.361890 
208 0.361890 
209 0.361890 
210 0.360608 
211 0.360608 
212 0.360608 
213 0.360608 
214 0.360608 
215 0.360608 
216 0.360608 
217 0.360608 
218 0.360608 
219 0.360608 
220 0.360608 
221 0.375657 
222 0.375657 
223 0.375657 
224 0.375657 
225 0.375657 
226 0.375657 
227 0.375657 
228 0.375657 
229 0.375657 
230 0.375657 
231 0.375657 
232 0.368398 
233 0.368398 
234 0.368398 
235 0.368398 
236 0.368398 
237 0.368398 
238 0.368398 
239 0.368398 
240 0.368398 
241 0.368398 
242 0.368398 
243 0.365742 
244 0.365742 
245 0.365742 
246 0.365742 
247 0.365742 
248 0.365742 
249 0.365742 
250 0.365742 
251 0.365742 
252 0.365742 
253 0.365742 
254 0.360366 
255 0.360366 
256 0.360366 
257 0.360366 
258 0.360366 
259 0.360366 
260 0.360366 
261 0.360366 
262 0.360366 
263 0.360366 
264 0.360366 
265 0.358604 
266 0.358604 
267 0.358604 
268 0.358604 
269 0.358604 
270 0.358604 
271 0.358604 
272 0.358604 
273 0.358604 
274 0.358604 
275 0.358604 
276 0.355729 
277 0.355729 
278 0.355729 
279 0.355729 
280 0.355729 
281 0.355729 
282 0.355729 
283 0.355729 
284 0.355729 
285 0.355729 
286 0.355729 
287 0.358456 
288 0.358456 
289 0.358456 
290 0.358456 
291 0.358456 
292 0.358456 
293 0.358456 
294 0.358456 
295 0.358456 
296 0.358456 
297 0.358456 
298 0.353701 
299 0.353701 
300 0.353701 
301 0.353701 
302 0.353701 
303 0.353701 
304 0.353701 
305 0.353701 
306 0.353701 
307 0.353701 
308 0.353701 
309 0.353412 
310 0.353412 
311 0.353412 
312 0.353412 
313 0.353412 
314 0.353412 
315 0.353412 
316 0.353412 
317 0.353412 
318 0.353412 
319 0.353412 
320 0.360393 
321 0.360393 
322 0.360393 
323 0.360393 
324 0.360393 
325 0.360393 
326 0.360393 
327 0.360393 
328 0.360393 
329 0.360393 
330 0.360393 
331 0.357393 
332 0.357393 
333 0.357393 
334 0.357393 
335 0.357393 
336 0.357393 
337 0.357393 
338 0.357393 
339 0.357393 
340 0.357393 
341 0.357393 
342 0.367773 
343 0.367773 
344 0.367773 
345 0.367773 
346 0.367773 
347 0.367773 
348 0.367773 
349 0.367773 
350 0.367773 
351 0.367773 
352 0.367773 
353 0.409967 
354 0.409967 
355 0.409967 
356 0.409967 
357 0.409967 
358 0.409967 
359 0.409967 
360 0.409967 
361 0.409967 
362 0.409967 
363 0.409967 
364 0.404525 
365 0.404525 
366 0.404525 
367 0.404525 
368 0.404525 
369 0.404525 
370 0.404525 
371 0.404525 
372 0.404525 
373 0.404525 
374 0.404525 
375 0.397235 
376 0.397235 
377 0.397235 
378 0.397235 
379 0.397235 
380 0.397235 
381 0.397235 
382 0.397235 
383 0.397235 
384 0.397235 
385 0.397235 
386 0.391500 
387 0.391500 
388 0.391500 
389 0.391500 
390 0.391500 
391 0.391500 
392 0.391500 
393 0.391500 
394 0.391500 
395 0.391500 
396 0.391500 
397 0.416370 
398 0.416370 
399 0.416370 
400 0.416370 
401 0.416370 
402 0.416370 
403 0.416370 
404 0.416370 
405 0.416370 
406 0.416370 
407 0.416370 
408 0.432685 
409 0.432685 
410 0.432685 
411 0.432685 
412 0.432685 
413 0.432685 
414 0.432685 
415 0.432685 
416 0.432685 
417 0.432685 
418 0.432685 
419 0.507833 
420 0.507833 
421 0.507833 
422 0.507833 
423 0.507833 
424 0.507833 
425 0.507833 
426 0.507833 
427 0.507833 
428 0.507833 
429 0.507833 
430 0.589314 
431 0.589314 
432 0.589314 
433 0.589314 
434 0.589314 
435 0.589314 
436 0.589314 
437 0.589314 
438 0.589314 
439 0.589314 
440 0.589314 
441 0.649296 
442 0.649296 
443 0.649296 
444 0.649296 
445 0.649296 
446 0.649296 
447 0.649296 
448 0.649296 
449 0.649296 
450 0.649296 
451 0.649296 
452 0.691966 
453 0.691966 
454 0.691966 
455 0.691966 
456 0.691966 
457 0.691966 
458 0.691966 
459 0.691966 
460 0.691966 
461 0.691966 
462 0.691966 
463 0.720650 
464 0.720650 
465 0.720650 
466 0.720650 
467 0.720650 
468 0.720650 
469 0.720650 
470 0.720650 
471 0.720650 
472 0.720650 
473 0.720650 
474 0.739200 
475 0.739200 
476 0.739200 
477 0.739200 
478 0.739200 
479 0.739200 
480 0.739200 
481 0.739200 
482 0.739200 
483 0.739200 
484 0.739200 
485 0.736184 
486 0.736184 
487 0.736184 
488 0.736184 
489 0.736184 
490 0.736184 
491 0.736184 
492 0.736184 
493 0.736184 
494 0.736184 
495 0.736184 
496 0.729886 
497 0.729886 
498 0.729886 
499 0.729886 
500 0.729886 
501 0.729886 
502 0.729886 
503 0.729886 
504 0.729886 
505 0.729886 
506 0.729886 
507 0.757925 
508 0.757925 
509 0.757925 
510 0.757925 
511 0.757925 
512 0.757925 
513 0.757925 
514 0.757925 
515 0.757925 
516 0.757925 
517 0.757925 
518 0.801619 
519 0.801619 
520 0.801619 
521 0.801619 
522 0.801619 
523 0.801619 
524 0.801619 
525 0.801619 
526 0.801619 
527 0.801619 
528 0.801619 
529 0.904959 
530 0.904959 
531 0.904959 
532 0.904959 
533 0.904959 
534 0.904959 
535 0.904959 
536 0.904959 
537 0.904959 
538 0.904959 
539 0.904959 
540 0.926137 
541 0.926137 
542 0.926137 
543 0.926137 
544 0.926137 
545 0.926137 
546 0.926137 
547 0.926137 
548 0.926137 
549 0.926137 
550 0.926137 
551 0.954228 
552 0.954228 
553 0.954228 
554 0.954228 
555 0.954228 
556 0.954228 
557 0.954228 
558 0.954228 
559 0.954228 
560 0.954228 
561 0.954228 
562 0.954501 
563 0.954501 
564 0.954501 
565 0.954501 
566 0.954501 
567 0.954501 
568 0.954501 
569 0.954501 
570 0.954501 
571 0.954501 
572 0.954501 
573 0.947523 
574 0.947523 
575 0.947523 
576 0.947523 
577 0.947523 
578 0.947523 
579 0.947523 
580 0.947523 
581 0.947523 
582 0.947523 
583 0.947523 
584 0.949922 
585 0.949922 
586 0.949922 
587 0.949922 
588 0.949922 
589 0.949922 
590 0.949922 
591 0.949922 
592 0.949922 
593 0.949922 
594 0.949922 
595 0.967401 
596 0.967401 
597 0.967401 
598 0.967401 
599 0.967401 
600 0.967401 
601 0.967401 
602 0.967401 
603 0.967401 
604 0.967401 
605 0.967401 
606 0.975278 
607 0.975278 
608 0.975278 
609 0.975278 
610 0.975278 
611 0.975278 
612 0.975278 
613 0.975278 
614 0.975278 
615 0.975278 
616 0.975278 
617 0.976727 
618 0.976727 
619 0.976727 
620 0.976727 
621 0.976727 
622 0.976727 
623 0.976727 
624 0.976727 
625 0.976727 
626 0.976727 
627 0.976727 
628 0.980564 
629 0.980564 
630 0.980564 
631 0.980564 
632 0.980564 
633 0.980564 
634 0.980564 
635 0.980564 
636 0.980564 
637 0.980564 
638 0.980564 
639 0.982228 
640 0.982228 
641 0.982228 
642 0.982228 
643 0.982228 
644 0.982228 
645 0.982228 
646 0.982228 
647 0.982228 
648 0.982228 
649 0.982228 
650 0.981341 
651 0.981341 
652 0.981341 
653 0.981341 
654 0.981341 
655 0.981341 
656 0.981341 
657 0.981341 
658 0.981341 
659 0.981341 
660 0.981341 
661 0.980267 
662 0.980267 
663 0.980267 
664 0.980267 
665 0.980267 
666 0.980267 
667 0.980267 
668 0.980267 
669 0.980267 
670 0.980267 
671 0.980267 
672 0.980216 
673 0.980216 
674 0.980216 
675 0.980216 
676 0.980216 
677 0.980216 
678 0.980216 
679 0.980216 
680 0.980216 
681 0.980216 
682 0.980216 
683 0.980876 
684 0.980876 
685 0.980876 
686 0.980876 
687 0.980876 
688 0.980876 
689 0.980876 
690 0.980876 
691 0.980876 
692 0.980876 
693 0.980876 
694 0.981286 
695 0.981286 
696 0.981286 
697 0.981286 
698 0.981286 
699 0.981286 
700 0.981286 
701 0.981286 
702 0.981286 
703 0.981286 
704 0.981286 
705 0.980907 
706 0.980907 
707 0.980907 
708 0.980907 
709 0.980907 
710 0.980907 
711 0.980907 
712 0.980907 
713 0.980907 
714 0.980907 
715 0.980907 
716 0.981028 
717 0.981028 
718 0.981028 
719 0.981028 
720 0.981028 
721 0.981028 
722 0.981028 
723 0.981028 
724 0.981028 
725 0.981028 
726 0.981028 
727 0.980306 
728 0.980306 
729 0.980306 
730 0.980306 
731 0.980306 
732 0.980306 
733 0.980306 
734 0.980306 
735 0.980306 
736 0.980306 
737 0.980306 
738 0.979587 
739 0.979587 
740 0.979587 
741 0.979587 
742 0.979587 
743 0.979587 
744 0.979587 
745 0.979587 
746 0.979587 
747 0.979587 
748 0.979587 
749 0.979724 
750 0.979724 
751 0.979724 
752 0.979724 
753 0.979724 
754 0.979724 
755 0.979724 
756 0.979724 
757 0.979724 
758 0.979724 
759 0.979724 
760 0.979763 
761 0.979763 
762 0.979763 
763 0.979763 
764 0.979763 
765 0.979763 
766 0.979763 
767 0.979763 
768 0.979763 
769 0.979763 
770 0.979763 
771 0.979110 
772 0.979110 
773 0.979110 
774 0.979110 
775 0.979110 
776 0.979110 
777 0.979110 
778 0.979110 
779 0.979110 
780 0.979110 
781 0.979110 
782 0.979286 
783 0.979286 
784 0.979286 
785 0.979286 
786 0.979286 
787 0.979286 
788 0.979286 
789 0.979286 
790 0.979286 
791 0.979286 
792 0.979286 
793 0.978958 
794 0.978958 
795 0.978958 
796 0.978958 
797 0.978958 
798 0.978958 
799 0.978958 
800 0.978958 
801 0.978958 
802 0.978958 
803 0.978958 
804 0.977051 
805 0.977051 
806 0.977051 
807 0.977051 
808 0.977051 
809 0.977051 
810 0.977051 
811 0.977051 
812 0.977051 
813 0.977051 
814 0.977051 
815 0.977102 
816 0.977102 
817 0.977102 
818 0.977102 
819 0.977102 
820 0.977102 
821 0.977102 
822 0.977102 
823 0.977102 
824 0.977102 
825 0.977102 
826 0.975176 
827 0.975176 
828 0.975176 
829 0.975176 
830 0.975176 
831 0.975176 
832 0.975176 
833 0.975176 
834 0.975176 
835 0.975176 
836 0.975176 
837 0.975813 
838 0.975813 
839 0.975813 
840 0.975813 
841 0.975813 
842 0.975813 
843 0.975813 
844 0.975813 
845 0.975813 
846 0.975813 
847 0.975813 
848 0.976192 
849 0.976192 
850 0.976192 
851 0.976192 
852 0.976192 
853 0.976192 
854 0.976192 
855 0.976192 
856 0.976192 
857 0.976192 
858 0.976192 
859 0.975711 
860 0.975711 
861 0.975711 
862 0.975711 
863 0.975711 
864 0.975711 
865 0.975711 
866 0.975711 
867 0.975711 
868 0.975711 
869 0.975711 
870 0.975895 
871 0.975895 
872 0.975895 
873 0.975895 
874 0.975895 
875 0.975895 
876 0.975895 
877 0.975895 
878 0.975895 
879 0.975895 
880 0.975895 
881 0.976336 
882 0.976336 
883 0.976336 
884 0.976336 
885 0.976336 
886 0.976336 
887 0.976336 
888 0.976336 
889 0.976336 
890 0.976336 
891 0.976336 
892 0.976497 
893 0.976497 
894 0.976497 
895 0.976497 
896 0.976497 
897 0.976497 
898 0.976497 
899 0.976497 
900 0.976497 
901 0.976497 
902 0.976497 
903 0.976055 
904 0.976055 
905 0.976055 
906 0.976055 
907 0.976055 
908 0.976055 
909 0.976055 
910 0.976055 
911 0.976055 
912 0.976055 
913 0.976055 
914 0.976438 
915 0.976438 
916 0.976438 
917 0.976438 
918 0.976438 
919 0.976438 
920 0.976438 
921 0.976438 
922 0.976438 
923 0.976438 
924 0.976438 
925 0.976598 
926 0.976598 
927 0.976598 
928 0.976598 
929 0.976598 
930 0.976598 
931 0.976598 
932 0.976598 
933 0.976598 
934 0.976598 
935 0.976598 
936 0.976399 
937 0.976399 
938 0.976399 
939 0.976399 
940 0.976399 
941 0.976399 
942 0.976399 
943 0.976399 
944 0.976399 
945 0.976399 
946 0.976399 
947 0.976469 
948 0.976469 
949 0.976469 
950 0.976469 
951 0.976469 
952 0.976469 
953 0.976469 
954 0.976469 
955 0.976469 
956 0.976469 
957 0.976469 
958 0.976770 
959 0.976770 
960 0.976770 
961 0.976770 
962 0.976770 
963 0.976770 
964 0.976770 
965 0.976770 
966 0.976770 
967 0.976770 
968 0.976770 
969 0.976922 
970 0.976922 
971 0.976922 
972 0.976922 
973 0.976922 
974 0.976922 
975 0.976922 
976 0.976922 
977 0.976922 
978 0.976922 
979 0.976922 
980 0.976340 
981 0.976340 
982 0.976340 
983 0.976340 
984 0.976340 
985 0.976340 
986 0.976340 
987 0.976340 
988 0.976340 
989 0.976340 
990 0.976340 
991 0.976762 
992 0.976762 
993 0.976762 
994 0.976762 
995 0.976762 
996 0.976762 
997 0.976762 
998 0.976762 
999 0.976762 
1000 0.976762 
1001 0.976762 
1002 0.977102 
1003 0.977102 
1004 0.977102 
1005 0.977102 
1006 0.977102 
1007 0.977102 
1008 0.977102 
1009 0.977102 
1010 0.977102 
1011 0.977102 
1012 0.977102 
1013 0.975676 
1014 0.975676 
1015 0.975676 
1016 0.975676 
1017 0.975676 
1018 0.975676 
1019 0.975676 
1020 0.975676 
1021 0.975676 
1022 0.975676 
1023 0.975676 
1024 0.975578 
1025 0.975578 
1026 0.975578 
1027 0.975578 
1028 0.975578 
1029 0.975578 
1030 0.975578 
1031 0.975578 
1032 0.975578 
1033 0.975578 
1034 0.975578 
1035 0.976942 
1036 0.976942 
1037 0.976942 
1038 0.976942 
1039 0.976942 
1040 0.976942 
1041 0.976942 
1042 0.976942 
1043 0.976942 
1044 0.976942 
1045 0.976942 
1046 0.976989 
1047 0.976989 
1048 0.976989 
1049 0.976989 
1050 0.976989 
1051 0.976989 
1052 0.976989 
1053 0.976989 
1054 0.976989 
1055 0.976989 
1056 0.976989 
1057 0.977188 
1058 0.977188 
1059 0.977188 
1060 0.977188 
1061 0.977188 
1062 0.977188 
1063 0.977188 
1064 0.977188 
1065 0.977188 
1066 0.977188 
1067 0.977188 
1068 0.976321 
1069 0.976321 
1070 0.976321 
1071 0.976321 
1072 0.976321 
1073 0.976321 
1074 0.976321 
1075 0.976321 
1076 0.976321 
1077 0.976321 
1078 0.976321 
1079 0.976219 
1080 0.976219 
1081 0.976219 
1082 0.976219 
1083 0.976219 
1084 0.976219 
1085 0.976219 
1086 0.976219 
1087 0.976219 
1088 0.976219 
1089 0.976219 
1090 0.976926 
1091 0.976926 
1092 0.976926 
1093 0.976926 
1094 0.976926 
1095 0.976926 
1096 0.976926 
1097 0.976926 
1098 0.976926 
1099 0.976926 
1100 0.976926 
1101 0.976715 
1102 0.976715 
1103 0.976715 
1104 0.976715 
1105 0.976715 
1106 0.976715 
1107 0.976715 
1108 0.976715 
1109 0.976715 
1110 0.976715 
1111 0.976715 
1112 0.976278 
1113 0.976278 
1114 0.976278 
1115 0.976278 
1116 0.976278 
1117 0.976278 
1118 0.976278 
1119 0.976278 
1120 0.976278 
1121 0.976278 
1122 0.976278 
1123 0.976747 
1124 0.976747 
1125 0.976747 
1126 0.976747 
1127 0.976747 
1128 0.976747 
1129 0.976747 
1130 0.976747 
1131 0.976747 
1132 0.976747 
1133 0.976747 
1134 0.976813 
1135 0.976813 
1136 0.976813 
1137 0.976813 
1138 0.976813 
1139 0.976813 
1140 0.976813 
1141 0.976813 
1142 0.976813 
1143 0.976813 
1144 0.976813 
1145 0.976989 
1146 0.976989 
1147 0.976989 
1148 0.976989 
1149 0.976989 
1150 0.976989 
1151 0.976989 
1152 0.976989 
1153 0.976989 
1154 0.976989 
1155 0.976989 
1156 0.976946 
1157 0.976946 
1158 0.976946 
1159 0.976946 
1160 0.976946 
1161 0.976946 
1162 0.976946 
1163 0.976946 
1164 0.976946 
1165 0.976946 
1166 0.976946 
1167 0.976911 
1168 0.976911 
1169 0.976911 
1170 0.976911 
1171 0.976911 
1172 0.976911 
1173 0.976911 
1174 0.976911 
1175 0.976911 
1176 0.976911 
1177 0.976911 
1178 0.977086 
1179 0.977086 
1180 0.977086 
1181 0.977086 
1182 0.977086 
1183 0.977086 
1184 0.977086 
1185 0.977086 
1186 0.977086 
1187 0.977086 
1188 0.977086 
1189 0.976020 
1190 0.976020 
1191 0.976020 
1192 0.976020 
1193 0.976020 
1194 0.976020 
1195 0.976020 
1196 0.976020 
1197 0.976020 
1198 0.976020 
1199 0.976020 
1200 0.976684 
1201 0.976684 
1202 0.976684 
1203 0.976684 
1204 0.976684 
1205 0.976684 
1206 0.976684 
1207 0.976684 
1208 0.976684 
1209 0.976684 
1210 0.976684 
1211 0.976497 
1212 0.976497 
1213 0.976497 
1214 0.976497 
1215 0.976497 
1216 0.976497 
1217 0.976497 
1218 0.976497 
1219 0.976497 
1220 0.976497 
1221 0.976497 
1222 0.976559 
1223 0.976559 
1224 0.976559 
1225 0.976559 
1226 0.976559 
1227 0.976559 
1228 0.976559 
1229 0.976559 
1230 0.976559 
1231 0.976559 
1232 0.976559 
1233 0.976825 
1234 0.976825 
1235 0.976825 
1236 0.976825 
1237 0.976825 
1238 0.976825 
1239 0.976825 
1240 0.976825 
1241 0.976825 
1242 0.976825 
1243 0.976825 
1244 0.976907 
1245 0.976907 
1246 0.976907 
1247 0.976907 
1248 0.976907 
1249 0.976907 
1250 0.976907 
1251 0.976907 
1252 0.976907 
1253 0.976907 
1254 0.976907 
1255 0.976383 
1256 0.976383 
1257 0.976383 
1258 0.976383 
1259 0.976383 
1260 0.976383 
1261 0.976383 
1262 0.976383 
1263 0.976383 
1264 0.976383 
1265 0.976383 
1266 0.976481 
1267 0.976481 
1268 0.976481 
1269 0.976481 
1270 0.976481 
1271 0.976481 
1272 0.976481 
1273 0.976481 
1274 0.976481 
1275 0.976481 
1276 0.976481 
1277 0.977270 
1278 0.977270 
1279 0.977270 
1280 0.977270 
1281 0.977270 
1282 0.977270 
1283 0.977270 
1284 0.977270 
1285 0.977270 
1286 0.977270 
1287 0.977270 
1288 0.976059 
1289 0.976059 
1290 0.976059 
1291 0.976059 
1292 0.976059 
1293 0.976059 
1294 0.976059 
1295 0.976059 
1296 0.976059 
1297 0.976059 
1298 0.976059 
1299 0.976852 
1300 0.976852 
1301 0.976852 
1302 0.976852 
1303 0.976852 
1304 0.976852 
1305 0.976852 
1306 0.976852 
1307 0.976852 
1308 0.976852 
1309 0.976852 
1310 0.976352 
1311 0.976352 
1312 0.976352 
1313 0.976352 
1314 0.976352 
1315 0.976352 
1316 0.976352 
1317 0.976352 
1318 0.976352 
1319 0.976352 
1320 0.976352 
1321 0.977368 
1322 0.977368 
1323 0.977368 
1324 0.977368 
1325 0.977368 
1326 0.977368 
1327 0.977368 
1328 0.977368 
1329 0.977368 
1330 0.977368 
1331 0.977368 
1332 0.977208 
1333 0.977208 
1334 0.977208 
1335 0.977208 
1336 0.977208 
1337 0.977208 
1338 0.977208 
1339 0.977208 
1340 0.977208 
1341 0.977208 
1342 0.977208 
1343 0.977176 
1344 0.977176 
1345 0.977176 
1346 0.977176 
1347 0.977176 
1348 0.977176 
1349 0.977176 
1350 0.977176 
1351 0.977176 
1352 0.977176 
1353 0.977176 
1354 0.977422 
1355 0.977422 
1356 0.977422 
1357 0.977422 
1358 0.977422 
1359 0.977422 
1360 0.977422 
1361 0.977422 
1362 0.977422 
1363 0.977422 
1364 0.977422 
1365 0.977055 
1366 0.977055 
1367 0.977055 
1368 0.977055 
1369 0.977055 
1370 0.977055 
1371 0.977055 
1372 0.977055 
1373 0.977055 
1374 0.977055 
1375 0.977055 
1376 0.977465 
1377 0.977465 
1378 0.977465 
1379 0.977465 
1380 0.977465 
1381 0.977465 
1382 0.977465 
1383 0.977465 
1384 0.977465 
1385 0.977465 
1386 0.977465 
1387 0.976918 
1388 0.976918 
1389 0.976918 
1390 0.976918 
1391 0.976918 
1392 0.976918 
1393 0.976918 
1394 0.976918 
1395 0.976918 
1396 0.976918 
1397 0.976918 
1398 0.977348 
1399 0.977348 
1400 0.977348 
1401 0.977348 
1402 0.977348 
1403 0.977348 
1404 0.977348 
1405 0.977348 
1406 0.977348 
1407 0.977348 
1408 0.977348 
1409 0.978048 
1410 0.978048 
1411 0.978048 
1412 0.978048 
1413 0.978048 
1414 0.978048 
1415 0.978048 
1416 0.978048 
1417 0.978048 
1418 0.978048 
1419 0.978048 
1420 0.978044 
1421 0.978044 
1422 0.978044 
1423 0.978044 
1424 0.978044 
1425 0.978044 
1426 0.978044 
1427 0.978044 
1428 0.978044 
1429 0.978044 
1430 0.978044 
1431 0.977903 
1432 0.977903 
1433 0.977903 
1434 0.977903 
1435 0.977903 
1436 0.977903 
1437 0.977903 
1438 0.977903 
1439 0.977903 
1440 0.977903 
1441 0.977903 
1442 0.976899 
1443 0.976899 
1444 0.976899 
1445 0.976899 
1446 0.976899 
1447 0.976899 
1448 0.976899 
1449 0.976899 
1450 0.976899 
1451 0.976899 
1452 0.976899 
1453 0.977544 
1454 0.977544 
1455 0.977544 
1456 0.977544 
1457 0.977544 
1458 0.977544 
1459 0.977544 
1460 0.977544 
1461 0.977544 
1462 0.977544 
1463 0.977544 
1464 0.978208 
1465 0.978208 
1466 0.978208 
1467 0.978208 
1468 0.978208 
1469 0.978208 
1470 0.978208 
1471 0.978208 
1472 0.978208 
1473 0.978208 
1474 0.978208 
1475 0.979243 
1476 0.979243 
1477 0.979243 
1478 0.979243 
1479 0.979243 
1480 0.979243 
1481 0.979243 
1482 0.979243 
1483 0.979243 
1484 0.979243 
1485 0.979243 
1486 0.979274 
1487 0.979274 
1488 0.979274 
1489 0.979274 
1490 0.979274 
1491 0.979274 
1492 0.979274 
1493 0.979274 
1494 0.979274 
1495 0.979274 
1496 0.979274 
1497 0.981032 
1498 0.981032 
1499 0.981032 
1500 0.981032 
1501 0.981032 
1502 0.981032 
1503 0.981032 
1504 0.981032 
1505 0.981032 
1506 0.981032 
1507 0.981032 
1508 0.984498 
1509 0.984498 
1510 0.984498 
1511 0.984498 
1512 0.984498 
1513 0.984498 
1514 0.984498 
1515 0.984498 
1516 0.984498 
1517 0.984498 
1518 0.984498 
1519 0.987221 
1520 0.987221 
1521 0.987221 
1522 0.987221 
1523 0.987221 
1524 0.987221 
1525 0.987221 
1526 0.987221 
1527 0.987221 
1528 0.987221 
1529 0.987221 
1530 0.987920 
1531 0.987920 
1532 0.987920 
1533 0.987920 
1534 0.987920 
1535 0.987920 
1536 0.987920 
1537 0.987920 
1538 0.987920 
1539 0.987920 
1540 0.987920 
1541 0.987240 
1542 0.987240 
1543 0.987240 
1544 0.987240 
1545 0.987240 
1546 0.987240 
1547 0.987240 
1548 0.987240 
1549 0.987240 
1550 0.987240 
1551 0.987240 
1552 0.986158 
1553 0.986158 
1554 0.986158 
1555 0.986158 
1556 0.986158 
1557 0.986158 
1558 0.986158 
1559 0.986158 
1560 0.986158 
1561 0.986158 
1562 0.986158 
1563 0.986928 
1564 0.986928 
1565 0.986928 
1566 0.986928 
1567 0.986928 
1568 0.986928 
1569 0.986928 
1570 0.986928 
1571 0.986928 
1572 0.986928 
1573 0.986928 
1574 0.984674 
1575 0.984674 
1576 0.984674 
1577 0.984674 
1578 0.984674 
1579 0.984674 
1580 0.984674 
1581 0.984674 
1582 0.984674 
1583 0.984674 
1584 0.984674 
1585 0.983357 
1586 0.983357 
1587 0.983357 
1588 0.983357 
1589 0.983357 
1590 0.983357 
1591 0.983357 
1592 0.983357 
1593 0.983357 
1594 0.983357 
1595 0.983357 
1596 0.984689 
1597 0.984689 
1598 0.984689 
1599 0.984689 
1600 0.984689 
1601 0.984689 
1602 0.984689 
1603 0.984689 
1604 0.984689 
1605 0.984689 
1606 0.984689 
1607 0.985724 
1608 0.985724 
1609 0.985724 
1610 0.985724 
1611 0.985724 
1612 0.985724 
1613 0.985724 
1614 0.985724 
1615 0.985724 
1616 0.985724 
1617 0.985724 
1618 0.988420 
1619 0.988420 
1620 0.988420 
1621 0.988420 
1622 0.988420 
1623 0.988420 
1624 0.988420 
1625 0.988420 
1626 0.988420 
1627 0.988420 
1628 0.988420 
1629 0.989686 
1630 0.989686 
1631 0.989686 
1632 0.989686 
1633 0.989686 
1634 0.989686 
1635 0.989686 
1636 0.989686 
1637 0.989686 
1638 0.989686 
1639 0.989686 
1640 0.990381 
1641 0.990381 
1642 0.990381 
1643 0.990381 
1644 0.990381 
1645 0.990381 
1646 0.990381 
1647 0.990381 
1648 0.990381 
1649 0.990381 
1650 0.990381 
1651 0.990690 
1652 0.990690 
1653 0.990690 
1654 0.990690 
1655 0.990690 
1656 0.990690 
1657 0.990690 
1658 0.990690 
1659 0.990690 
1660 0.990690 
1661 0.990690 
1662 0.988123 
1663 0.988123 
1664 0.988123 
1665 0.988123 
1666 0.988123 
1667 0.988123 
1668 0.988123 
1669 0.988123 
1670 0.988123 
1671 0.988123 
1672 0.988123 
1673 0.986994 
1674 0.986994 
1675 0.986994 
1676 0.986994 
1677 0.986994 
1678 0.986994 
1679 0.986994 
1680 0.986994 
1681 0.986994 
1682 0.986994 
1683 0.986994 
1684 0.980079 
1685 0.980079 
1686 0.980079 
1687 0.980079 
1688 0.980079 
1689 0.980079 
1690 0.980079 
1691 0.980079 
1692 0.980079 
1693 0.980079 
1694 0.980079 
1695 0.974453 
1696 0.974453 
1697 0.974453 
1698 0.974453 
1699 0.974453 
1700 0.974453 
1701 0.974453 
1702 0.974453 
1703 0.974453 
1704 0.974453 
1705 0.974453 
1706 0.977379 
1707 0.977379 
1708 0.977379 
1709 0.977379 
1710 0.977379 
1711 0.977379 
1712 0.977379 
1713 0.977379 
1714 0.977379 
1715 0.977379 
1716 0.977379 
1717 0.968339 
1718 0.968339 
1719 0.968339 
1720 0.968339 
1721 0.968339 
1722 0.968339 
1723 0.968339 
1724 0.968339 
1725 0.968339 
1726 0.968339 
1727 0.968339 
1728 0.975692 
1729 0.975692 
1730 0.975692 
1731 0.975692 
1732 0.975692 
1733 0.975692 
1734 0.975692 
1735 0.975692 
1736 0.975692 
1737 0.975692 
1738 0.975692 
1739 0.933627 
1740 0.933627 
1741 0.933627 
1742 0.933627 
1743 0.933627 
1744 0.933627 
1745 0.933627 
1746 0.933627 
1747 0.933627 
1748 0.933627 
1749 0.933627 
1750 0.759054 
1751 0.759054 
1752 0.759054 
1753 0.759054 
1754 0.759054 
1755 0.759054 
1756 0.759054 
1757 0.759054 
1758 0.759054 
1759 0.759054 
1760 0.759054 
1761 0.698873 
1762 0.698873 
1763 0.698873 
1764 0.698873 
1765 0.698873 
1766 0.698873 
1767 0.698873 
1768 0.698873 
1769 0.698873 
1770 0.698873 
1771 0.698873 
1772 0.767008 
1773 0.767008 
1774 0.767008 
1775 0.767008 
1776 0.767008 
1777 0.767008 
1778 0.767008 
1779 0.767008 
1780 0.767008 
1781 0.767008 
1782 0.767008 
1783 0.840633 
1784 0.840633 
1785 0.840633 
1786 0.840633 
1787 0.840633 
1788 0.840633 
1789 0.840633 
1790 0.840633 
1791 0.840633 
1792 0.840633 
1793 0.840633 
1794 0.760343 
1795 0.760343 
1796 0.760343 
1797 0.760343 
1798 0.760343 
1799 0.760343 
1800 0.760343 
1801 0.760343 
1802 0.760343 
1803 0.760343 
1804 0.760343 
1805 0.770442 
1806 0.770442 
1807 0.770442 
1808 0.770442 
1809 0.770442 
1810 0.770442 
1811 0.770442 
1812 0.770442 
1813 0.770442 
1814 0.770442 
1815 0.770442 
1816 0.739426 
1817 0.739426 
1818 0.739426 
1819 0.739426 
1820 0.739426 
1821 0.739426 
1822 0.739426 
1823 0.739426 
1824 0.739426 
1825 0.739426 
1826 0.739426 
1827 0.717915 
1828 0.717915 
1829 0.717915 
1830 0.717915 
1831 0.717915 
1832 0.717915 
1833 0.717915 
1834 0.717915 
1835 0.717915 
1836 0.717915 
1837 0.717915 
1838 0.634485 
1839 0.634485 
1840 0.634485 
1841 0.634485 
1842 0.634485 
1843 0.634485 
1844 0.634485 
1845 0.634485 
1846 0.634485 
1847 0.634485 
1848 0.634485 
1849 0.549640 
1850 0.549640 
1851 0.549640 
1852 0.549640 
1853 0.549640 
1854 0.549640 
1855 0.549640 
1856 0.549640 
1857 0.549640 
1858 0.549640 
1859 0.549640 
1860 0.591267 
1861 0.591267 
1862 0.591267 
1863 0.591267 
1864 0.591267 
1865 0.591267 
1866 0.591267 
1867 0.591267 
1868 0.591267 
1869 0.591267 
1870 0.591267 
1871 0.681207 
1872 0.681207 
1873 0.681207 
1874 0.681207 
1875 0.681207 
1876 0.681207 
1877 0.681207 
1878 0.681207 
1879 0.681207 
1880 0.681207 
1881 0.681207 
1882 0.733820 
1883 0.733820 
1884 0.733820 
1885 0.733820 
1886 0.733820 
1887 0.733820 
1888 0.733820 
1889 0.733820 
1890 0.733820 
1891 0.733820 
1892 0.733820 
1893 0.670432 
1894 0.670432 
1895 0.670432 
1896 0.670432 
1897 0.670432 
1898 0.670432 
1899 0.670432 
1900 0.670432 
1901 0.670432 
1902 0.670432 
1903 0.670432 
1904 0.713504 
1905 0.713504 
1906 0.713504 
1907 0.713504 
1908 0.713504 
1909 0.713504 
1910 0.713504 
1911 0.713504 
1912 0.713504 
1913 0.713504 
1914 0.713504 
1915 0.853037 
1916 0.853037 
1917 0.853037 
1918 0.853037 
1919 0.853037 
1920 0.853037 
1921 0.853037 
1922 0.853037 
1923 0.853037 
1924 0.853037 
1925 0.853037 
1926 0.719763 
1927 0.719763 
1928 0.719763 
1929 0.719763 
1930 0.719763 
1931 0.719763 
1932 0.719763 
1933 0.719763 
1934 0.719763 
1935 0.719763 
1936 0.719763 
1937 0.414018 
1938 0.414018 
1939 0.414018 
1940 0.414018 
1941 0.414018 
1942 0.414018 
1943 0.414018 
1944 0.414018 
1945 0.414018 
1946 0.414018 
1947 0.414018 
1948 0.317281 
1949 0.317281 
1950 0.317281 
1951 0.317281 
1952 0.317281 
1953 0.317281 
1954 0.317281 
1955 0.317281 
1956 0.317281 
1957 0.317281 
1958 0.317281 
1959 0.183730 
1960 0.183730 
1961 0.183730 
1962 0.183730 
1963 0.183730 
1964 0.183730 
1965 0.183730 
1966 0.183730 
1967 0.183730 
1968 0.183730 
1969 0.183730 
1970 0.103636 
1971 0.103636 
1972 0.103636 
1973 0.103636 
1974 0.103636 
1975 0.103636 
1976 0.103636 
1977 0.103636 
1978 0.103636 
1979 0.103636 
1980 0.103636 
1981 0.093154 
1982 0.093154 
1983 0.093154 
1984 0.093154 
1985 0.093154 
1986 0.093154 
1987 0.093154 
1988 0.093154 
1989 0.093154 
1990 0.093154 
1991 0.093154 
1992 0.072933 
1993 0.072933 
1994 0.072933 
1995 0.072933 
1996 0.072933 
1997 0.072933 
1998 0.072933 
1999 0.072933 
2000 0.072933 
2001 0.072933 
2002 0.072933 
2003 0.161969 
2004 0.161969 
2005 0.161969 
2006 0.161969 
2007 0.161969 
2008 0.161969 
2009 0.161969 
2010 0.161969 
2011 0.161969 
2012 0.161969 
2013 0.161969 
2014 0.493272 
2015 0.493272 
2016 0.493272 
2017 0.493272 
2018 0.493272 
2019 0.493272 
2020 0.493272 
2021 0.493272 
2022 0.493272 
2023 0.493272 
2024 0.493272 
2025 0.849607 
2026 0.849607 
2027 0.849607 
2028 0.849607 
2029 0.849607 
2030 0.849607 
2031 0.849607 
2032 0.849607 
2033 0.849607 
2034 0.849607 
2035 0.849607 
2036 0.954763 
2037 0.954763 
2038 0.954763 
2039 0.954763 
2040 0.954763 
2041 0.954763 
2042 0.954763 
2043 0.954763 
2044 0.954763 
2045 0.954763 
2046 0.954763 
2047 0.505942 
2048 0.505942 
2049 0.505942 
2050 0.505942 
2051 0.505942 
2052 0.505942 
2053 0.505942 
2054 0.505942 
2055 0.505942 
2056 0.505942 
2057 0.505942 
2058 0.288222 
2059 0.288222 
2060 0.288222 
2061 0.288222 
2062 0.288222 
2063 0.288222 
2064 0.288222 
2065 0.288222 
2066 0.288222 
2067 0.288222 
2068 0.288222 
2069 0.134555 
2070 0.134555 
2071 0.134555 
2072 0.134555 
2073 0.134555 
2074 0.134555 
2075 0.134555 
2076 0.134555 
2077 0.134555 
2078 0.134555 
2079 0.134555 
2080 0.084903 
2081 0.084903 
2082 0.084903 
2083 0.084903 
2084 0.084903 
2085 0.084903 
2086 0.084903 
2087 0.084903 
2088 0.084903 
2089 0.084903 
2090 0.084903 
2091 0.076214 
2092 0.076214 
2093 0.076214 
2094 0.076214 
2095 0.076214 
2096 0.076214 
2097 0.076214 
2098 0.076214 
2099 0.076214 
2100 0.076214 
2101 0.076214 
2102 0.091064 
2103 0.091064 
2104 0.091064 
2105 0.091064 
2106 0.091064 
2107 0.091064 
2108 0.091064 
2109 0.091064 
2110 0.091064 
2111 0.091064 
2112 0.091064 
2113 0.242227 
2114 0.242227 
2115 0.242227 
2116 0.242227 
2117 0.242227 
2118 0.242227 
2119 0.242227 
2120 0.242227 
2121 0.242227 
2122 0.242227 
2123 0.242227 
2124 0.950614 
2125 0.950614 
2126 0.950614 
2127 0.950614 
2128 0.950614 
2129 0.950614 
2130 0.950614 
2131 0.950614 
2132 0.950614 
2133 0.950614 
2134 0.950614 
2135 0.991901 
2136 0.991901 
2137 0.991901 
2138 0.991901 
2139 0.991901 
2140 0.991901 
2141 0.991901 
2142 0.991901 
2143 0.991901 
2144 0.991901 
2145 0.991901 
2146 0.994026 
2147 0.994026 
2148 0.994026 
2149 0.994026 
2150 0.994026 
2151 0.994026 
2152 0.994026 
2153 0.994026 
2154 0.994026 
2155 0.994026 
2156 0.994026 
2157 0.986670 
2158 0.986670 
2159 0.986670 
2160 0.986670 
2161 0.986670 
2162 0.986670 
2163 0.986670 
2164 0.986670 
2165 0.986670 
2166 0.986670 
2167 0.986670 
2168 0.940819 
2169 0.940819 
2170 0.940819 
2171 0.940819 
2172 0.940819 
2173 0.940819 
2174 0.940819 
2175 0.940819 
2176 0.940819 
2177 0.940819 
2178 0.940819 
2179 0.520249 
2180 0.520249 
2181 0.520249 
2182 0.520249 
2183 0.520249 
2184 0.520249 
2185 0.520249 
2186 0.520249 
2187 0.520249 
2188 0.520249 
2189 0.520249 
2190 0.108086 
2191 0.108086 
2192 0.108086 
2193 0.108086 
2194 0.108086 
2195 0.108086 
2196 0.108086 
2197 0.108086 
2198 0.108086 
2199 0.108086 
2200 0.108086 
2201 0.083954 
2202 0.083954 
2203 0.083954 
2204 0.083954 
2205 0.083954 
2206 0.083954 
2207 0.083954 
2208 0.083954 
2209 0.083954 
2210 0.083954 
2211 0.083954 
2212 0.102191 
2213 0.102191 
2214 0.102191 
2215 0.102191 
2216 0.102191 
2217 0.102191 
2218 0.102191 
2219 0.102191 
2220 0.102191 
2221 0.102191 
2222 0.102191 
2223 0.102093 
2224 0.102093 
2225 0.102093 
2226 0.102093 
2227 0.102093 
2228 0.102093 
2229 0.102093 
2230 0.102093 
2231 0.102093 
2232 0.102093 
2233 0.102093 
2234 0.107266 
2235 0.107266 
2236 0.107266 
2237 0.107266 
2238 0.107266 
2239 0.107266 
2240 0.107266 
2241 0.107266 
2242 0.107266 
2243 0.107266 
2244 0.107266 
2245 0.100116 
2246 0.100116 
2247 0.100116 
2248 0.100116 
2249 0.100116 
2250 0.100116 
2251 0.100116 
2252 0.100116 
2253 0.100116 
2254 0.100116 
2255 0.100116 
2256 0.107829 
2257 0.107829 
2258 0.107829 
2259 0.107829 
2260 0.107829 
2261 0.107829 
2262 0.107829 
2263 0.107829 
2264 0.107829 
2265 0.107829 
2266 0.107829 
2267 0.118764 
2268 0.118764 
2269 0.118764 
2270 0.118764 
2271 0.118764 
2272 0.118764 
2273 0.118764 
2274 0.118764 
2275 0.118764 
2276 0.118764 
2277 0.118764 
2278 0.254917 
2279 0.254917 
2280 0.254917 
2281 0.254917 
2282 0.254917 
2283 0.254917 
2284 0.254917 
2285 0.254917 
2286 0.254917 
2287 0.254917 
2288 0.254917 
2289 0.337128 
2290 0.337128 
2291 0.337128 
2292 0.337128 
2293 0.337128 
2294 0.337128 
2295 0.337128 
2296 0.337128 
2297 0.337128 
2298 0.337128 
2299 0.337128 
2300 0.299787 
2301 0.299787 
2302 0.299787 
2303 0.299787 
2304 0.299787 
2305 0.299787 
2306 0.299787 
2307 0.299787 
2308 0.299787 
2309 0.299787 
2310 0.299787 
2311 0.249338 
2312 0.249338 
2313 0.249338 
2314 0.249338 
2315 0.249338 
2316 0.249338 
2317 0.249338 
2318 0.249338 
2319 0.249338 
2320 0.249338 
2321 0.249338 
2322 0.188661 
2323 0.188661 
2324 0.188661 
2325 0.188661 
2326 0.188661 
2327 0.188661 
2328 0.188661 
2329 0.188661 
2330 0.188661 
2331 0.188661 
2332 0.188661 
2333 0.154703 
2334 0.154703 
2335 0.154703 
2336 0.154703 
2337 0.154703 
2338 0.154703 
2339 0.154703 
2340 0.154703 
2341 0.154703 
2342 0.154703 
2343 0.154703 
2344 0.141982 
2345 0.141982 
2346 0.141982 
2347 0.141982 
2348 0.141982 
2349 0.141982 
2350 0.141982 
2351 0.141982 
2352 0.141982 
2353 0.141982 
2354 0.141982 
2355 0.171279 
2356 0.171279 
2357 0.171279 
2358 0.171279 
2359 0.171279 
2360 0.171279 
2361 0.171279 
2362 0.171279 
2363 0.171279 
2364 0.171279 
2365 0.171279 
2366 0.142998 
2367 0.142998 
2368 0.142998 
2369 0.142998 
2370 0.142998 
2371 0.142998 
2372 0.142998 
2373 0.142998 
2374 0.142998 
2375 0.142998 
2376 0.142998 
2377 0.119002 
2378 0.119002 
2379 0.119002 
2380 0.119002 
2381 0.119002 
2382 0.119002 
2383 0.119002 
2384 0.119002 
2385 0.119002 
2386 0.119002 
2387 0.119002 
2388 0.290688 
2389 0.290688 
2390 0.290688 
2391 0.290688 
2392 0.290688 
2393 0.290688 
2394 0.290688 
2395 0.290688 
2396 0.290688 
2397 0.290688 
2398 0.290688 
2399 0.569667 
2400 0.569667 
2401 0.569667 
2402 0.569667 
2403 0.569667 
2404 0.569667 
2405 0.569667 
2406 0.569667 
2407 0.569667 
2408 0.569667 
2409 0.569667 
2410 0.476899 
2411 0.476899 
2412 0.476899 
2413 0.476899 
2414 0.476899 
2415 0.476899 
2416 0.476899 
2417 0.476899 
2418 0.476899 
2419 0.476899 
2420 0.476899 
2421 0.070886 
2422 0.070886 
2423 0.070886 
2424 0.070886 
2425 0.070886 
2426 0.070886 
2427 0.070886 
2428 0.070886 
2429 0.070886 
2430 0.070886 
2431 0.070886 
2432 0.101085 
2433 0.101085 
2434 0.101085 
2435 0.101085 
2436 0.101085 
2437 0.101085 
2438 0.101085 
2439 0.101085 
2440 0.101085 
2441 0.101085 
2442 0.101085 
2443 0.253284 
2444 0.253284 
2445 0.253284 
2446 0.253284 
2447 0.253284 
2448 0.253284 
2449 0.253284 
2450 0.253284 
2451 0.253284 
2452 0.253284 
2453 0.253284 
2454 0.207777 
2455 0.207777 
2456 0.207777 
2457 0.207777 
2458 0.207777 
2459 0.207777 
2460 0.207777 
2461 0.207777 
2462 0.207777 
2463 0.207777 
2464 0.207777 
2465 0.132422 
2466 0.132422 
2467 0.132422 
2468 0.132422 
2469 0.132422 
2470 0.132422 
2471 0.132422 
2472 0.132422 
2473 0.132422 
2474 0.132422 
2475 0.132422 
2476 0.138485 
2477 0.138485 
2478 0.138485 
2479 0.138485 
2480 0.138485 
2481 0.138485 
2482 0.138485 
2483 0.138485 
2484 0.138485 
2485 0.138485 
2486 0.138485 
2487 0.161794 
2488 0.161794 
2489 0.161794 
2490 0.161794 
2491 0.161794 
2492 0.161794 
2493 0.161794 
2494 0.161794 
2495 0.161794 
2496 0.161794 
2497 0.161794 
2498 0.146545 
2499 0.146545 
2500 0.146545 
2501 0.146545 
2502 0.146545 
2503 0.146545 
2504 0.146545 
2505 0.146545 
2506 0.146545 
2507 0.146545 
2508 0.146545 
2509 0.165224 
2510 0.165224 
2511 0.165224 
2512 0.165224 
2513 0.165224 
2514 0.165224 
2515 0.165224 
2516 0.165224 
2517 0.165224 
2518 0.165224 
2519 0.165224 
2520 0.294141 
2521 0.294141 
2522 0.294141 
2523 0.294141 
2524 0.294141 
2525 0.294141 
2526 0.294141 
2527 0.294141 
2528 0.294141 
2529 0.294141 
2530 0.294141 
2531 0.324263 
2532 0.324263 
2533 0.324263 
2534 0.324263 
2535 0.324263 
2536 0.324263 
2537 0.324263 
2538 0.324263 
2539 0.324263 
2540 0.324263 
2541 0.324263 
2542 0.208000 
2543 0.208000 
2544 0.208000 
2545 0.208000 
2546 0.208000 
2547 0.208000 
2548 0.208000 
2549 0.208000 
2550 0.208000 
2551 0.208000 
2552 0.208000 
2553 0.117865 
2554 0.117865 
2555 0.117865 
2556 0.117865 
2557 0.117865 
2558 0.117865 
2559 0.117865 
2560 0.117865 
2561 0.117865 
2562 0.117865 
2563 0.117865 
2564 0.170310 
2565 0.170310 
2566 0.170310 
2567 0.170310 
2568 0.170310 
2569 0.170310 
2570 0.170310 
2571 0.170310 
2572 0.170310 
2573 0.170310 
2574 0.170310 
2575 0.176557 
2576 0.176557 
2577 0.176557 
2578 0.176557 
2579 0.176557 
2580 0.176557 
2581 0.176557 
2582 0.176557 
2583 0.176557 
2584 0.176557 
2585 0.176557 
2586 0.183461 
2587 0.183461 
2588 0.183461 
2589 0.183461 
2590 0.183461 
2591 0.183461 
2592 0.183461 
2593 0.183461 
2594 0.183461 
2595 0.183461 
2596 0.183461 
2597 0.190524 
2598 0.190524 
2599 0.190524 
2600 0.190524 
2601 0.190524 
2602 0.190524 
2603 0.190524 
2604 0.190524 
2605 0.190524 
2606 0.190524 
2607 0.190524 
2608 0.205335 
2609 0.205335 
2610 0.205335 
2611 0.205335 
2612 0.205335 
2613 0.205335 
2614 0.205335 
2615 0.205335 
2616 0.205335 
2617 0.205335 
2618 0.205335 
2619 0.225135 
2620 0.225135 
2621 0.225135 
2622 0.225135 
2623 0.225135 
2624 0.225135 
2625 0.225135 
2626 0.225135 
2627 0.225135 
2628 0.225135 
2629 0.225135 
2630 0.316055 
2631 0.316055 
2632 0.316055 
2633 0.316055 
2634 0.316055 
2635 0.316055 
2636 0.316055 
2637 0.316055 
2638 0.316055 
2639 0.316055 
2640 0.316055 
2641 0.365285 
2642 0.365285 
2643 0.365285 
2644 0.365285 
2645 0.365285 
2646 0.365285 
2647 0.365285 
2648 0.365285 
2649 0.365285 
2650 0.365285 
2651 0.365285 
2652 0.644365 
2653 0.644365 
2654 0.644365 
2655 0.644365 
2656 0.644365 
2657 0.644365 
2658 0.644365 
2659 0.644365 
2660 0.644365 
2661 0.644365 
2662 0.644365 
2663 0.767891 
2664 0.767891 
2665 0.767891 
2666 0.767891 
2667 0.767891 
2668 0.767891 
2669 0.767891 
2670 0.767891 
2671 0.767891 
2672 0.767891 
2673 0.767891 
2674 0.681777 
2675 0.681777 
2676 0.681777 
2677 0.681777 
2678 0.681777 
2679 0.681777 
2680 0.681777 
2681 0.681777 
2682 0.681777 
2683 0.681777 
2684 0.681777 
2685 0.254214 
2686 0.254214 
2687 0.254214 
2688 0.254214 
2689 0.254214 
2690 0.254214 
2691 0.254214 
2692 0.254214 
2693 0.254214 
2694 0.254214 
2695 0.254214 
2696 0.245447 
2697 0.245447 
2698 0.245447 
2699 0.245447 
2700 0.245447 
2701 0.245447 
2702 0.245447 
2703 0.245447 
2704 0.245447 
2705 0.245447 
2706 0.245447 
2707 0.225323 
2708 0.225323 
2709 0.225323 
2710 0.225323 
2711 0.225323 
2712 0.225323 
2713 0.225323 
2714 0.225323 
2715 0.225323 
2716 0.225323 
2717 0.225323 
2718 0.209152 
2719 0.209152 
2720 0.209152 
2721 0.209152 
2722 0.209152 
2723 0.209152 
2724 0.209152 
2725 0.209152 
2726 0.209152 
2727 0.209152 
2728 0.209152 
2729 0.199518 
2730 0.199518 
2731 0.199518 
2732 0.199518 
2733 0.199518 
2734 0.199518 
2735 0.199518 
2736 0.199518 
2737 0.199518 
2738 0.199518 
2739 0.199518 
2740 0.282319 
2741 0.282319 
2742 0.282319 
2743 0.282319 
2744 0.282319 
2745 0.282319 
2746 0.282319 
2747 0.282319 
2748 0.282319 
2749 0.282319 
2750 0.282319 
2751 0.310734 
2752 0.310734 
2753 0.310734 
2754 0.310734 
2755 0.310734 
2756 0.310734 
2757 0.310734 
2758 0.310734 
2759 0.310734 
2760 0.310734 
2761 0.310734 
2762 0.362749 
2763 0.362749 
2764 0.362749 
2765 0.362749 
2766 0.362749 
2767 0.362749 
2768 0.362749 
2769 0.362749 
2770 0.362749 
2771 0.362749 
2772 0.362749 
2773 0.364394 
2774 0.364394 
2775 0.364394 
2776 0.364394 
2777 0.364394 
2778 0.364394 
2779 0.364394 
2780 0.364394 
2781 0.364394 
2782 0.364394 
2783 0.364394 
2784 0.380553 
2785 0.380553 
2786 0.380553 
2787 0.380553 
2788 0.380553 
2789 0.380553 
2790 0.380553 
2791 0.380553 
2792 0.380553 
2793 0.380553 
2794 0.380553 
2795 0.421692 
2796 0.421692 
2797 0.421692 
2798 0.421692 
2799 0.421692 
2800 0.421692 
2801 0.421692 
2802 0.421692 
2803 0.421692 
2804 0.421692 
2805 0.421692 
2806 0.436178 
2807 0.436178 
2808 0.436178 
2809 0.436178 
2810 0.436178 
2811 0.436178 
2812 0.436178 
2813 0.436178 
2814 0.436178 
2815 0.436178 
2816 0.436178 
2817 0.457955 
2818 0.457955 
2819 0.457955 
2820 0.457955 
2821 0.457955 
2822 0.457955 
2823 0.457955 
2824 0.457955 
2825 0.457955 
2826 0.457955 
2827 0.457955 
2828 0.467909 
2829 0.467909 
2830 0.467909 
2831 0.467909 
2832 0.467909 
2833 0.467909 
2834 0.467909 
2835 0.467909 
2836 0.467909 
2837 0.467909 
2838 0.467909 
2839 0.450876 
2840 0.450876 
2841 0.450876 
2842 0.450876 
2843 0.450876 
2844 0.450876 
2845 0.450876 
2846 0.450876 
2847 0.450876 
2848 0.450876 
2849 0.450876 
2850 0.457724 
2851 0.457724 
2852 0.457724 
2853 0.457724 
2854 0.457724 
2855 0.457724 
2856 0.457724 
2857 0.457724 
2858 0.457724 
2859 0.457724 
2860 0.457724 
2861 0.495355 
2862 0.495355 
2863 0.495355 
2864 0.495355 
2865 0.495355 
2866 0.495355 
2867 0.495355 
2868 0.495355 
2869 0.495355 
2870 0.495355 
2871 0.495355 
2872 0.492968 
2873 0.492968 
2874 0.492968 
2875 0.492968 
2876 0.492968 
2877 0.492968 
2878 0.492968 
2879 0.492968 
2880 0.492968 
2881 0.492968 
2882 0.492968 
2883 0.497066 
2884 0.497066 
2885 0.497066 
2886 0.497066 
2887 0.497066 
2888 0.497066 
2889 0.497066 
2890 0.497066 
2891 0.497066 
2892 0.497066 
2893 0.497066 
2894 0.482415 
2895 0.482415 
2896 0.482415 
2897 0.482415 
2898 0.482415 
2899 0.482415 
2900 0.482415 
2901 0.482415 
2902 0.482415 
2903 0.482415 
2904 0.482415 
2905 0.474285 
2906 0.474285 
2907 0.474285 
2908 0.474285 
2909 0.474285 
2910 0.474285 
2911 0.474285 
2912 0.474285 
2913 0.474285 
2914 0.474285 
2915 0.474285 
2916 0.480704 
2917 0.480704 
2918 0.480704 
2919 0.480704 
2920 0.480704 
2921 0.480704 
2922 0.480704 
2923 0.480704 
2924 0.480704 
2925 0.480704 
2926 0.480704 
2927 0.499262 
2928 0.499262 
2929 0.499262 
2930 0.499262 
2931 0.499262 
2932 0.499262 
2933 0.499262 
2934 0.499262 
2935 0.499262 
2936 0.499262 
2937 0.499262 
2938 0.534775 
2939 0.534775 
2940 0.534775 
2941 0.534775 
2942 0.534775 
2943 0.534775 
2944 0.534775 
2945 0.534775 
2946 0.534775 
2947 0.534775 
2948 0.534775 
2949 0.538498 
2950 0.538498 
2951 0.538498 
2952 0.538498 
2953 0.538498 
2954 0.538498 
2955 0.538498 
2956 0.538498 
2957 0.538498 
2958 0.538498 
2959 0.538498 
2960 0.457904 
2961 0.457904 
2962 0.457904 
2963 0.457904 
2964 0.457904 
2965 0.457904 
2966 0.457904 
2967 0.457904 
2968 0.457904 
2969 0.457904 
2970 0.457904 
2971 0.895867 
2972 0.895867 
2973 0.895867 
2974 0.895867 
2975 0.895867 
2976 0.895867 
2977 0.895867 
2978 0.895867 
2979 0.895867 
2980 0.895867 
2981 0.895867 
2982 0.971363 
2983 0.971363 
2984 0.971363 
2985 0.971363 
2986 0.971363 
2987 0.971363 
2988 0.971363 
2989 0.971363 
2990 0.971363 
2991 0.971363 
2992 0.971363 
2993 0.988783 
2994 0.988783 
2995 0.988783 
2996 0.988783 
2997 0.988783 
2998 0.988783 
2999 0.988783 
3000 0.988783 
3001 0.988783 
3002 0.988783 
3003 0.988783 
3004 0.990514 
3005 0.990514 
3006 0.990514 
3007 0.990514 
3008 0.990514 
3009 0.990514 
3010 0.990514 
3011 0.990514 
3012 0.990514 
3013 0.990514 
3014 0.990514 
3015 0.990120 
3016 0.990120 
3017 0.990120 
3018 0.990120 
3019 0.990120 
3020 0.990120 
3021 0.990120 
3022 0.990120 
3023 0.990120 
3024 0.990120 
3025 0.990120 
3026 0.986467 
3027 0.986467 
3028 0.986467 
3029 0.986467 
3030 0.986467 
3031 0.986467 
3032 0.986467 
3033 0.986467 
3034 0.986467 
3035 0.986467 
3036 0.986467 
3037 0.985822 
3038 0.985822 
3039 0.985822 
3040 0.985822 
3041 0.985822 
3042 0.985822 
3043 0.985822 
3044 0.985822 
3045 0.985822 
3046 0.985822 
3047 0.985822 
3048 0.985381 
3049 0.985381 
3050 0.985381 
3051 0.985381 
3052 0.985381 
3053 0.985381 
3054 0.985381 
3055 0.985381 
3056 0.985381 
3057 0.985381 
3058 0.985381 
3059 0.984197 
3060 0.984197 
3061 0.984197 
3062 0.984197 
3063 0.984197 
3064 0.984197 
3065 0.984197 
3066 0.984197 
3067 0.984197 
3068 0.984197 
3069 0.984197 
3070 0.980575 
3071 0.980575 
3072 0.980575 
3073 0.980575 
3074 0.980575 
3075 0.980575 
3076 0.980575 
3077 0.980575 
3078 0.980575 
3079 0.980575 
3080 0.980575 
3081 0.979544 
3082 0.979544 
3083 0.979544 
3084 0.979544 
3085 0.979544 
3086 0.979544 
3087 0.979544 
3088 0.979544 
3089 0.979544 
3090 0.979544 
3091 0.979544 
3092 0.976606 
3093 0.976606 
3094 0.976606 
3095 0.976606 
3096 0.976606 
3097 0.976606 
3098 0.976606 
3099 0.976606 
3100 0.976606 
3101 0.976606 
3102 0.976606 
3103 0.975719 
3104 0.975719 
3105 0.975719 
3106 0.975719 
3107 0.975719 
3108 0.975719 
3109 0.975719 
3110 0.975719 
3111 0.975719 
3112 0.975719 
3113 0.975719 
3114 0.977333 
3115 0.977333 
3116 0.977333 
3117 0.977333 
3118 0.977333 
3119 0.977333 
3120 0.977333 
3121 0.977333 
3122 0.977333 
3123 0.977333 
3124 0.977333 
3125 0.974399 
3126 0.974399 
3127 0.974399 
3128 0.974399 
3129 0.974399 
3130 0.974399 
3131 0.974399 
3132 0.974399 
3133 0.974399 
3134 0.974399 
3135 0.974399 
3136 0.972058 
3137 0.972058 
3138 0.972058 
3139 0.972058 
3140 0.972058 
3141 0.972058 
3142 0.972058 
3143 0.972058 
3144 0.972058 
3145 0.972058 
3146 0.972058 
3147 0.962651 
3148 0.962651 
3149 0.962651 
3150 0.962651 
3151 0.962651 
3152 0.962651 
3153 0.962651 
3154 0.962651 
3155 0.962651 
3156 0.962651 
3157 0.962651 
3158 0.960908 
3159 0.960908 
3160 0.960908 
3161 0.960908 
3162 0.960908 
3163 0.960908 
3164 0.960908 
3165 0.960908 
3166 0.960908 
3167 0.960908 
3168 0.960908 
3169 0.960353 
3170 0.960353 
3171 0.960353 
3172 0.960353 
3173 0.960353 
3174 0.960353 
3175 0.960353 
3176 0.960353 
3177 0.960353 
3178 0.960353 
3179 0.960353 
3180 0.958994 
3181 0.958994 
3182 0.958994 
3183 0.958994 
3184 0.958994 
3185 0.958994 
3186 0.958994 
3187 0.958994 
3188 0.958994 
3189 0.958994 
3190 0.958994 
3191 0.958982 
3192 0.958982 
3193 0.958982 
3194 0.958982 
3195 0.958982 
3196 0.958982 
3197 0.958982 
3198 0.958982 
3199 0.958982 
3200 0.958982 
3201 0.958982 
3202 0.958576 
3203 0.958576 
3204 0.958576 
3205 0.958576 
3206 0.958576 
3207 0.958576 
3208 0.958576 
3209 0.958576 
3210 0.958576 
3211 0.958576 
3212 0.958576 
3213 0.958959 
3214 0.958959 
3215 0.958959 
3216 0.958959 
3217 0.958959 
3218 0.958959 
3219 0.958959 
3220 0.958959 
3221 0.958959 
3222 0.958959 
3223 0.958959 
3224 0.959951 
3225 0.959951 
3226 0.959951 
3227 0.959951 
3228 0.959951 
3229 0.959951 
3230 0.959951 
3231 0.959951 
3232 0.959951 
3233 0.959951 
3234 0.959951 
3235 0.959092 
3236 0.959092 
3237 0.959092 
3238 0.959092 
3239 0.959092 
3240 0.959092 
3241 0.959092 
3242 0.959092 
3243 0.959092 
3244 0.959092 
3245 0.959092 
3246 0.959342 
3247 0.959342 
3248 0.959342 
3249 0.959342 
3250 0.959342 
3251 0.959342 
3252 0.959342 
3253 0.959342 
3254 0.959342 
3255 0.959342 
3256 0.959342 
3257 0.959138 
3258 0.959138 
3259 0.959138 
3260 0.959138 
3261 0.959138 
3262 0.959138 
3263 0.959138 
3264 0.959138 
3265 0.959138 
3266 0.959138 
3267 0.959138 
3268 0.959455 
3269 0.959455 
3270 0.959455 
3271 0.959455 
3272 0.959455 
3273 0.959455 
3274 0.959455 
3275 0.959455 
3276 0.959455 
3277 0.959455 
3278 0.959455 
3279 0.958213 
3280 0.958213 
3281 0.958213 
3282 0.958213 
3283 0.958213 
3284 0.958213 
3285 0.958213 
3286 0.958213 
3287 0.958213 
3288 0.958213 
3289 0.958213 
3290 0.957166 
3291 0.957166 
3292 0.957166 
3293 0.957166 
3294 0.957166 
3295 0.957166 
3296 0.957166 
3297 0.957166 
3298 0.957166 
3299 0.957166 
3300 0.957166 
3301 0.957427 
3302 0.957427 
3303 0.957427 
3304 0.957427 
3305 0.957427 
3306 0.957427 
3307 0.957427 
3308 0.957427 
3309 0.957427 
3310 0.957427 
3311 0.957427 
3312 0.958615 
3313 0.958615 
3314 0.958615 
3315 0.958615 
3316 0.958615 
3317 0.958615 
3318 0.958615 
3319 0.958615 
3320 0.958615 
3321 0.958615 
3322 0.958615 
3323 0.958513 
3324 0.958513 
3325 0.958513 
3326 0.958513 
3327 0.958513 
3328 0.958513 
3329 0.958513 
3330 0.958513 
3331 0.958513 
3332 0.958513 
3333 0.958513 
3334 0.957775 
3335 0.957775 
3336 0.957775 
3337 0.957775 
3338 0.957775 
3339 0.957775 
3340 0.957775 
3341 0.957775 
3342 0.957775 
3343 0.957775 
3344 0.957775 
3345 0.957224 
3346 0.957224 
3347 0.957224 
3348 0.957224 
3349 0.957224 
3350 0.957224 
3351 0.957224 
3352 0.957224 
3353 0.957224 
3354 0.957224 
3355 0.957224 
3356 0.956447 
3357 0.956447 
3358 0.956447 
3359 0.956447 
3360 0.956447 
3361 0.956447 
3362 0.956447 
3363 0.956447 
3364 0.956447 
3365 0.956447 
3366 0.956447 
3367 0.957334 
3368 0.957334 
3369 0.957334 
3370 0.957334 
3371 0.957334 
3372 0.957334 
3373 0.957334 
3374 0.957334 
3375 0.957334 
3376 0.957334 
3377 0.957334 
3378 0.957584 
3379 0.957584 
3380 0.957584 
3381 0.957584 
3382 0.957584 
3383 0.957584 
3384 0.957584 
3385 0.957584 
3386 0.957584 
3387 0.957584 
3388 0.957584 
3389 0.957775 
3390 0.957775 
3391 0.957775 
3392 0.957775 
3393 0.957775 
3394 0.957775 
3395 0.957775 
3396 0.957775 
3397 0.957775 
3398 0.957775 
3399 0.957775 
3400 0.957259 
3401 0.957259 
3402 0.957259 
3403 0.957259 
3404 0.957259 
3405 0.957259 
3406 0.957259 
3407 0.957259 
3408 0.957259 
3409 0.957259 
3410 0.957259 
3411 0.958095 
3412 0.958095 
3413 0.958095 
3414 0.958095 
3415 0.958095 
3416 0.958095 
3417 0.958095 
3418 0.958095 
3419 0.958095 
3420 0.958095 
3421 0.958095 
3422 0.957474 
3423 0.957474 
3424 0.957474 
3425 0.957474 
3426 0.957474 
3427 0.957474 
3428 0.957474 
3429 0.957474 
3430 0.957474 
3431 0.957474 
3432 0.957474 
3433 0.958154 
3434 0.958154 
3435 0.958154 
3436 0.958154 
3437 0.958154 
3438 0.958154 
3439 0.958154 
3440 0.958154 
3441 0.958154 
3442 0.958154 
3443 0.958154 
3444 0.959119 
3445 0.959119 
3446 0.959119 
3447 0.959119 
3448 0.959119 
3449 0.959119 
3450 0.959119 
3451 0.959119 
3452 0.959119 
3453 0.959119 
3454 0.959119 
3455 0.958787 
3456 0.958787 
3457 0.958787 
3458 0.958787 
3459 0.958787 
3460 0.958787 
3461 0.958787 
3462 0.958787 
3463 0.958787 
3464 0.958787 
3465 0.958787 
3466 0.958279 
3467 0.958279 
3468 0.958279 
3469 0.958279 
3470 0.958279 
3471 0.958279 
3472 0.958279 
3473 0.958279 
3474 0.958279 
3475 0.958279 
3476 0.958279 
3477 0.958623 
3478 0.958623 
3479 0.958623 
3480 0.958623 
3481 0.958623 
3482 0.958623 
3483 0.958623 
3484 0.958623 
3485 0.958623 
3486 0.958623 
3487 0.958623 
3488 0.958787 
3489 0.958787 
3490 0.958787 
3491 0.958787 
3492 0.958787 
3493 0.958787 
3494 0.958787 
3495 0.958787 
3496 0.958787 
3497 0.958787 
3498 0.958787 
3499 0.958248 
3500 0.958248 
3501 0.958248 
3502 0.958248 
3503 0.958248 
3504 0.958248 
3505 0.958248 
3506 0.958248 
3507 0.958248 
3508 0.958248 
3509 0.958248 
3510 0.959834 
3511 0.959834 
3512 0.959834 
3513 0.959834 
3514 0.959834 
3515 0.959834 
3516 0.959834 
3517 0.959834 
3518 0.959834 
3519 0.959834 
3520 0.959834 
3521 0.959213 
3522 0.959213 
3523 0.959213 
3524 0.959213 
3525 0.959213 
3526 0.959213 
3527 0.959213 
3528 0.959213 
3529 0.959213 
3530 0.959213 
3531 0.959213 
3532 0.959166 
3533 0.959166 
3534 0.959166 
3535 0.959166 
3536 0.959166 
3537 0.959166 
3538 0.959166 
3539 0.959166 
3540 0.959166 
3541 0.959166 
3542 0.959166 
3543 0.959490 
3544 0.959490 
3545 0.959490 
3546 0.959490 
3547 0.959490 
3548 0.959490 
3549 0.959490 
3550 0.959490 
3551 0.959490 
3552 0.959490 
3553 0.959490 
3554 0.958244 
3555 0.958244 
3556 0.958244 
3557 0.958244 
3558 0.958244 
3559 0.958244 
3560 0.958244 
3561 0.958244 
3562 0.958244 
3563 0.958244 
3564 0.958244 
3565 0.957623 
3566 0.957623 
3567 0.957623 
3568 0.957623 
3569 0.957623 
3570 0.957623 
3571 0.957623 
3572 0.957623 
3573 0.957623 
3574 0.957623 
3575 0.957623 
3576 0.958220 
3577 0.958220 
3578 0.958220 
3579 0.958220 
3580 0.958220 
3581 0.958220 
3582 0.958220 
3583 0.958220 
3584 0.958220 
3585 0.958220 
3586 0.958220 
3587 0.958599 
3588 0.958599 
3589 0.958599 
3590 0.958599 
3591 0.958599 
3592 0.958599 
3593 0.958599 
3594 0.958599 
3595 0.958599 
3596 0.958599 
3597 0.958599 
3598 0.957443 
3599 0.957443 
3600 0.957443 
3601 0.957443 
3602 0.957443 
3603 0.957443 
3604 0.957443 
3605 0.957443 
3606 0.957443 
3607 0.957443 
3608 0.957443 
3609 0.957908 
3610 0.957908 
3611 0.957908 
3612 0.957908 
3613 0.957908 
3614 0.957908 
3615 0.957908 
3616 0.957908 
3617 0.957908 
3618 0.957908 
3619 0.957908 
3620 0.957783 
3621 0.957783 
3622 0.957783 
3623 0.957783 
3624 0.957783 
3625 0.957783 
3626 0.957783 
3627 0.957783 
3628 0.957783 
3629 0.957783 
3630 0.957783 
3631 0.957865 
3632 0.957865 
3633 0.957865 
3634 0.957865 
3635 0.957865 
3636 0.957865 
3637 0.957865 
3638 0.957865 
3639 0.957865 
3640 0.957865 
3641 0.957865 
3642 0.957857 
3643 0.957857 
3644 0.957857 
3645 0.957857 
3646 0.957857 
3647 0.957857 
3648 0.957857 
3649 0.957857 
3650 0.957857 
3651 0.957857 
3652 0.957857 
3653 0.960244 
3654 0.960244 
3655 0.960244 
3656 0.960244 
3657 0.960244 
3658 0.960244 
3659 0.960244 
3660 0.960244 
3661 0.960244 
3662 0.960244 
3663 0.960244 
3664 0.959181 
3665 0.959181 
3666 0.959181 
3667 0.959181 
3668 0.959181 
3669 0.959181 
3670 0.959181 
3671 0.959181 
3672 0.959181 
3673 0.959181 
3674 0.959181 
3675 0.959662 
3676 0.959662 
3677 0.959662 
3678 0.959662 
3679 0.959662 
3680 0.959662 
3681 0.959662 
3682 0.959662 
3683 0.959662 
3684 0.959662 
3685 0.959662 
3686 0.958666 
3687 0.958666 
3688 0.958666 
3689 0.958666 
3690 0.958666 
3691 0.958666 
3692 0.958666 
3693 0.958666 
3694 0.958666 
3695 0.958666 
3696 0.958666 
3697 0.957677 
3698 0.957677 
3699 0.957677 
3700 0.957677 
3701 0.957677 
3702 0.957677 
3703 0.957677 
3704 0.957677 
3705 0.957677 
3706 0.957677 
3707 0.957677 
3708 0.958849 
3709 0.958849 
3710 0.958849 
3711 0.958849 
3712 0.958849 
3713 0.958849 
3714 0.958849 
3715 0.958849 
3716 0.958849 
3717 0.958849 
3718 0.958849 
3719 0.958838 
3720 0.958838 
3721 0.958838 
3722 0.958838 
3723 0.958838 
3724 0.958838 
3725 0.958838 
3726 0.958838 
3727 0.958838 
3728 0.958838 
3729 0.958838 
3730 0.958443 
3731 0.958443 
3732 0.958443 
3733 0.958443 
3734 0.958443 
3735 0.958443 
3736 0.958443 
3737 0.958443 
3738 0.958443 
3739 0.958443 
3740 0.958443 
3741 0.957759 
3742 0.957759 
3743 0.957759 
3744 0.957759 
3745 0.957759 
3746 0.957759 
3747 0.957759 
3748 0.957759 
3749 0.957759 
3750 0.957759 
3751 0.957759 
3752 0.957642 
3753 0.957642 
3754 0.957642 
3755 0.957642 
3756 0.957642 
3757 0.957642 
3758 0.957642 
3759 0.957642 
3760 0.957642 
3761 0.957642 
3762 0.957642 
3763 0.957642 
3764 0.957642 
3765 0.957642 
3766 0.957642 
3767 0.957642 
3768 0.957642 
3769 0.957642 
3770 0.957642 
3771 0.957642 
3772 0.957642 
3773 0.957642 
3774 0.958920 
3775 0.958920 
3776 0.958920 
3777 0.958920 
3778 0.958920 
3779 0.958920 
3780 0.958920 
3781 0.958920 
3782 0.958920 
3783 0.958920 
3784 0.958920 
3785 0.958799 
3786 0.958799 
3787 0.958799 
3788 0.958799 
3789 0.958799 
3790 0.958799 
3791 0.958799 
3792 0.958799 
3793 0.958799 
3794 0.958799 
3795 0.958799 
3796 0.958392 
3797 0.958392 
3798 0.958392 
3799 0.958392 
3800 0.958392 
3801 0.958392 
3802 0.958392 
3803 0.958392 
3804 0.958392 
3805 0.958392 
3806 0.958392 
3807 0.956548 
3808 0.956548 
3809 0.956548 
3810 0.956548 
3811 0.956548 
3812 0.956548 
3813 0.956548 
3814 0.956548 
3815 0.956548 
3816 0.956548 
3817 0.956548 
3818 0.957572 
3819 0.957572 
3820 0.957572 
3821 0.957572 
3822 0.957572 
3823 0.957572 
3824 0.957572 
3825 0.957572 
3826 0.957572 
3827 0.957572 
3828 0.957572 
3829 0.960975 
3830 0.960975 
3831 0.960975 
3832 0.960975 
3833 0.960975 
3834 0.960975 
3835 0.960975 
3836 0.960975 
3837 0.960975 
3838 0.960975 
3839 0.960975 
3840 0.961248 
3841 0.961248 
3842 0.961248 
3843 0.961248 
3844 0.961248 
3845 0.961248 
3846 0.961248 
3847 0.961248 
3848 0.961248 
3849 0.961248 
3850 0.961248 
3851 0.961276 
3852 0.961276 
3853 0.961276 
3854 0.961276 
3855 0.961276 
3856 0.961276 
3857 0.961276 
3858 0.961276 
3859 0.961276 
3860 0.961276 
3861 0.961276 
3862 0.962037 
3863 0.962037 
3864 0.962037 
3865 0.962037 
3866 0.962037 
3867 0.962037 
3868 0.962037 
3869 0.962037 
3870 0.962037 
3871 0.962037 
3872 0.962037 
3873 0.962065 
3874 0.962065 
3875 0.962065 
3876 0.962065 
3877 0.962065 
3878 0.962065 
3879 0.962065 
3880 0.962065 
3881 0.962065 
3882 0.962065 
3883 0.962065 
3884 0.962545 
3885 0.962545 
3886 0.962545 
3887 0.962545 
3888 0.962545 
3889 0.962545 
3890 0.962545 
3891 0.962545 
3892 0.962545 
3893 0.962545 
3894 0.962545 
3895 0.961514 
3896 0.961514 
3897 0.961514 
3898 0.961514 
3899 0.961514 
3900 0.961514 
3901 0.961514 
3902 0.961514 
3903 0.961514 
3904 0.961514 
3905 0.961514 
3906 0.962069 
3907 0.962069 
3908 0.962069 
3909 0.962069 
3910 0.962069 
3911 0.962069 
3912 0.962069 
3913 0.962069 
3914 0.962069 
3915 0.962069 
3916 0.962069 
3917 0.962053 
3918 0.962053 
3919 0.962053 
3920 0.962053 
3921 0.962053 
3922 0.962053 
3923 0.962053 
3924 0.962053 
3925 0.962053 
3926 0.962053 
3927 0.962053 
3928 0.964659 
3929 0.964659 
3930 0.964659 
3931 0.964659 
3932 0.964659 
3933 0.964659 
3934 0.964659 
3935 0.964659 
3936 0.964659 
3937 0.964659 
3938 0.964659 
3939 0.964194 
3940 0.964194 
3941 0.964194 
3942 0.964194 
3943 0.964194 
3944 0.964194 
3945 0.964194 
3946 0.964194 
3947 0.964194 
3948 0.964194 
3949 0.964194 
3950 0.961936 
3951 0.961936 
3952 0.961936 
3953 0.961936 
3954 0.961936 
3955 0.961936 
3956 0.961936 
3957 0.961936 
3958 0.961936 
3959 0.961936 
3960 0.961936 
3961 0.962494 
3962 0.962494 
3963 0.962494 
3964 0.962494 
3965 0.962494 
3966 0.962494 
3967 0.962494 
3968 0.962494 
3969 0.962494 
3970 0.962494 
3971 0.962494 
3972 0.962334 
3973 0.962334 
3974 0.962334 
3975 0.962334 
3976 0.962334 
3977 0.962334 
3978 0.962334 
3979 0.962334 
3980 0.962334 
3981 0.962334 
3982 0.962334 
3983 0.962686 
3984 0.962686 
3985 0.962686 
3986 0.962686 
3987 0.962686 
3988 0.962686 
3989 0.962686 
3990 0.962686 
3991 0.962686 
3992 0.962686 
3993 0.962686 
3994 0.963366 
3995 0.963366 
3996 0.963366 
3997 0.963366 
3998 0.963366 
3999 0.963366 
4000 0.963366 
4001 0.963366 
4002 0.963366 
4003 0.963366 
4004 0.963366 
4005 0.962858 
4006 0.962858 
4007 0.962858 
4008 0.962858 
4009 0.962858 
4010 0.962858 
4011 0.962858 
4012 0.962858 
4013 0.962858 
4014 0.962858 
4015 0.962858 
4016 0.963198 
4017 0.963198 
4018 0.963198 
4019 0.963198 
4020 0.963198 
4021 0.963198 
4022 0.963198 
4023 0.963198 
4024 0.963198 
4025 0.963198 
4026 0.963198 
4027 0.962830 
4028 0.962830 
4029 0.962830 
4030 0.962830 
4031 0.962830 
4032 0.962830 
4033 0.962830 
4034 0.962830 
4035 0.962830 
4036 0.962830 
4037 0.962830 
4038 0.962862 
4039 0.962862 
4040 0.962862 
4041 0.962862 
4042 0.962862 
4043 0.962862 
4044 0.962862 
4045 0.962862 
4046 0.962862 
4047 0.962862 
4048 0.962862 
4049 0.961881 
4050 0.961881 
4051 0.961881 
4052 0.961881 
4053 0.961881 
4054 0.961881 
4055 0.961881 
4056 0.961881 
4057 0.961881 
4058 0.961881 
4059 0.961881 
4060 0.961940 
4061 0.961940 
4062 0.961940 
4063 0.961940 
4064 0.961940 
4065 0.961940 
4066 0.961940 
4067 0.961940 
4068 0.961940 
4069 0.961940 
4070 0.961940 
4071 0.961010 
4072 0.961010 
4073 0.961010 
4074 0.961010 
4075 0.961010 
4076 0.961010 
4077 0.961010 
4078 0.961010 
4079 0.961010 
4080 0.961010 
4081 0.961010 
4082 0.961436 
4083 0.961436 
4084 0.961436 
4085 0.961436 
4086 0.961436 
4087 0.961436 
4088 0.961436 
4089 0.961436 
4090 0.961436 
4091 0.961436 
4092 0.961436 
4093 0.961565 
4094 0.961565 
4095 0.961565 
4096 0.961565 
4097 0.961565 
4098 0.961565 
4099 0.961565 
4100 0.961565 
4101 0.961565 
4102 0.961565 
4103 0.961565 
4104 0.964163 
4105 0.964163 
4106 0.964163 
4107 0.964163 
4108 0.964163 
4109 0.964163 
4110 0.964163 
4111 0.964163 
4112 0.964163 
4113 0.964163 
4114 0.964163 
4115 0.964002 
4116 0.964002 
4117 0.964002 
4118 0.964002 
4119 0.964002 
4120 0.964002 
4121 0.964002 
4122 0.964002 
4123 0.964002 
4124 0.964002 
4125 0.964002 
4126 0.964530 
4127 0.964530 
4128 0.964530 
4129 0.964530 
4130 0.964530 
4131 0.964530 
4132 0.964530 
4133 0.964530 
4134 0.964530 
4135 0.964530 
4136 0.964530 
4137 0.964983 
4138 0.964983 
4139 0.964983 
4140 0.964983 
4141 0.964983 
4142 0.964983 
4143 0.964983 
4144 0.964983 
4145 0.964983 
4146 0.964983 
4147 0.964983 
4148 0.966608 
4149 0.966608 
4150 0.966608 
4151 0.966608 
4152 0.966608 
4153 0.966608 
4154 0.966608 
4155 0.966608 
4156 0.966608 
4157 0.966608 
4158 0.966608 
4159 0.966491 
4160 0.966491 
4161 0.966491 
4162 0.966491 
4163 0.966491 
4164 0.966491 
4165 0.966491 
4166 0.966491 
4167 0.966491 
4168 0.966491 
4169 0.966491 
4170 0.965022 
4171 0.965022 
4172 0.965022 
4173 0.965022 
4174 0.965022 
4175 0.965022 
4176 0.965022 
4177 0.965022 
4178 0.965022 
4179 0.965022 
4180 0.965022 
4181 0.964081 
4182 0.964081 
4183 0.964081 
4184 0.964081 
4185 0.964081 
4186 0.964081 
4187 0.964081 
4188 0.964081 
4189 0.964081 
4190 0.964081 
4191 0.964081 
4192 0.967019 
4193 0.967019 
4194 0.967019 
4195 0.967019 
4196 0.967019 
4197 0.967019 
4198 0.967019 
4199 0.967019 
4200 0.967019 
4201 0.967019 
4202 0.967019 
4203 0.971968 
4204 0.971968 
4205 0.971968 
4206 0.971968 
4207 0.971968 
4208 0.971968 
4209 0.971968 
4210 0.971968 
4211 0.971968 
4212 0.971968 
4213 0.971968 
4214 0.974270 
4215 0.974270 
4216 0.974270 
4217 0.974270 
4218 0.974270 
4219 0.974270 
4220 0.974270 
4221 0.974270 
4222 0.974270 
4223 0.974270 
4224 0.974270 
4225 0.975492 
4226 0.975492 
4227 0.975492 
4228 0.975492 
4229 0.975492 
4230 0.975492 
4231 0.975492 
4232 0.975492 
4233 0.975492 
4234 0.975492 
4235 0.975492 
4236 0.977852 
4237 0.977852 
4238 0.977852 
4239 0.977852 
4240 0.977852 
4241 0.977852 
4242 0.977852 
4243 0.977852 
4244 0.977852 
4245 0.977852 
4246 0.977852 
4247 0.975246 
4248 0.975246 
4249 0.975246 
4250 0.975246 
4251 0.975246 
4252 0.975246 
4253 0.975246 
4254 0.975246 
4255 0.975246 
4256 0.975246 
4257 0.975246 
4258 0.978497 
4259 0.978497 
4260 0.978497 
4261 0.978497 
4262 0.978497 
4263 0.978497 
4264 0.978497 
4265 0.978497 
4266 0.978497 
4267 0.978497 
4268 0.978497 
4269 0.983353 
4270 0.983353 
4271 0.983353 
4272 0.983353 
4273 0.983353 
4274 0.983353 
4275 0.983353 
4276 0.983353 
4277 0.983353 
4278 0.983353 
4279 0.983353 
4280 0.985283 
4281 0.985283 
4282 0.985283 
4283 0.985283 
4284 0.985283 
4285 0.985283 
4286 0.985283 
4287 0.985283 
4288 0.985283 
4289 0.985283 
4290 0.985283 
4291 0.985263 
4292 0.985263 
4293 0.985263 
4294 0.985263 
4295 0.985263 
4296 0.985263 
4297 0.985263 
4298 0.985263 
4299 0.985263 
4300 0.985263 
4301 0.985263 
4302 0.988850 
4303 0.988850 
4304 0.988850 
4305 0.988850 
4306 0.988850 
4307 0.988850 
4308 0.988850 
4309 0.988850 
4310 0.988850 
4311 0.988850 
4312 0.988850 
4313 0.989514 
4314 0.989514 
4315 0.989514 
4316 0.989514 
4317 0.989514 
4318 0.989514 
4319 0.989514 
4320 0.989514 
4321 0.989514 
4322 0.989514 
4323 0.989514 
4324 0.989049 
4325 0.989049 
4326 0.989049 
4327 0.989049 
4328 0.989049 
4329 0.989049 
4330 0.989049 
4331 0.989049 
4332 0.989049 
4333 0.989049 
4334 0.989049 
4335 0.987584 
4336 0.987584 
4337 0.987584 
4338 0.987584 
4339 0.987584 
4340 0.987584 
4341 0.987584 
4342 0.987584 
4343 0.987584 
4344 0.987584 
4345 0.987584 
4346 0.987604 
4347 0.987604 
4348 0.987604 
4349 0.987604 
4350 0.987604 
4351 0.987604 
4352 0.987604 
4353 0.987604 
4354 0.987604 
4355 0.987604 
4356 0.987604 
4357 0.987072 
4358 0.987072 
4359 0.987072 
4360 0.987072 
4361 0.987072 
4362 0.987072 
4363 0.987072 
4364 0.987072 
4365 0.987072 
4366 0.987072 
4367 0.987072 
4368 0.986314 
4369 0.986314 
4370 0.986314 
4371 0.986314 
4372 0.986314 
4373 0.986314 
4374 0.986314 
4375 0.986314 
4376 0.986314 
4377 0.986314 
4378 0.986314 
4379 0.984623 
4380 0.984623 
4381 0.984623 
4382 0.984623 
4383 0.984623 
4384 0.984623 
4385 0.984623 
4386 0.984623 
4387 0.984623 
4388 0.984623 
4389 0.984623 
4390 0.968257 
4391 0.968257 
4392 0.968257 
4393 0.968257 
4394 0.968257 
4395 0.968257 
4396 0.968257 
4397 0.968257 
4398 0.968257 
4399 0.968257 
4400 0.968257 
4401 0.901177 
4402 0.901177 
4403 0.901177 
4404 0.901177 
4405 0.901177 
4406 0.901177 
4407 0.901177 
4408 0.901177 
4409 0.901177 
4410 0.901177 
4411 0.901177 
4412 0.811628 
4413 0.811628 
4414 0.811628 
4415 0.811628 
4416 0.811628 
4417 0.811628 
4418 0.811628 
4419 0.811628 
4420 0.811628 
4421 0.811628 
4422 0.811628 
4423 0.984767 
4424 0.984767 
4425 0.984767 
4426 0.984767 
4427 0.984767 
4428 0.984767 
4429 0.984767 
4430 0.984767 
4431 0.984767 
4432 0.984767 
4433 0.984767 
4434 0.982564 
4435 0.982564 
4436 0.982564 
4437 0.982564 
4438 0.982564 
4439 0.982564 
4440 0.982564 
4441 0.982564 
4442 0.982564 
4443 0.982564 
4444 0.982564 
4445 0.977680 
4446 0.977680 
4447 0.977680 
4448 0.977680 
4449 0.977680 
4450 0.977680 
4451 0.977680 
4452 0.977680 
4453 0.977680 
4454 0.977680 
4455 0.977680 
4456 0.964815 
4457 0.964815 
4458 0.964815 
4459 0.964815 
4460 0.964815 
4461 0.964815 
4462 0.964815 
4463 0.964815 
4464 0.964815 
4465 0.964815 
4466 0.964815 
4467 0.952184 
4468 0.952184 
4469 0.952184 
4470 0.952184 
4471 0.952184 
4472 0.952184 
4473 0.952184 
4474 0.952184 
4475 0.952184 
4476 0.952184 
4477 0.952184 
4478 0.968409 
4479 0.968409 
4480 0.968409 
4481 0.968409 
4482 0.968409 
4483 0.968409 
4484 0.968409 
4485 0.968409 
4486 0.968409 
4487 0.968409 
4488 0.968409 
4489 0.926743 
4490 0.926743 
4491 0.926743 
4492 0.926743 
4493 0.926743 
4494 0.926743 
4495 0.926743 
4496 0.926743 
4497 0.926743 
4498 0.926743 
4499 0.926743 
4500 0.942058 
4501 0.942058 
4502 0.942058 
4503 0.942058 
4504 0.942058 
4505 0.942058 
4506 0.942058 
4507 0.942058 
4508 0.942058 
4509 0.942058 
4510 0.942058 
4511 0.980329 
4512 0.980329 
4513 0.980329 
4514 0.980329 
4515 0.980329 
4516 0.980329 
4517 0.980329 
4518 0.980329 
4519 0.980329 
4520 0.980329 
4521 0.980329 
4522 0.982779 
4523 0.982779 
4524 0.982779 
4525 0.982779 
4526 0.982779 
4527 0.982779 
4528 0.982779 
4529 0.982779 
4530 0.982779 
4531 0.982779 
4532 0.982779 
4533 0.983216 
4534 0.983216 
4535 0.983216 
4536 0.983216 
4537 0.983216 
4538 0.983216 
4539 0.983216 
4540 0.983216 
4541 0.983216 
4542 0.983216 
4543 0.983216 
4544 0.985767 
4545 0.985767 
4546 0.985767 
4547 0.985767 
4548 0.985767 
4549 0.985767 
4550 0.985767 
4551 0.985767 
4552 0.985767 
4553 0.985767 
4554 0.985767 
4555 0.980071 
4556 0.980071 
4557 0.980071 
4558 0.980071 
4559 0.980071 
4560 0.980071 
4561 0.980071 
4562 0.980071 
4563 0.980071 
4564 0.980071 
4565 0.980071 
4566 0.981845 
4567 0.981845 
4568 0.981845 
4569 0.981845 
4570 0.981845 
4571 0.981845 
4572 0.981845 
4573 0.981845 
4574 0.981845 
4575 0.981845 
4576 0.981845 
4577 0.984263 
4578 0.984263 
4579 0.984263 
4580 0.984263 
4581 0.984263 
4582 0.984263 
4583 0.984263 
4584 0.984263 
4585 0.984263 
4586 0.984263 
4587 0.984263 
4588 0.981716 
4589 0.981716 
4590 0.981716 
4591 0.981716 
4592 0.981716 
4593 0.981716 
4594 0.981716 
4595 0.981716 
4596 0.981716 
4597 0.981716 
4598 0.981716 
4599 0.979829 
4600 0.979829 
4601 0.979829 
4602 0.979829 
4603 0.979829 
4604 0.979829 
4605 0.979829 
4606 0.979829 
4607 0.979829 
4608 0.979829 
4609 0.979829 
4610 0.977848 
4611 0.977848 
4612 0.977848 
4613 0.977848 
4614 0.977848 
4615 0.977848 
4616 0.977848 
4617 0.977848 
4618 0.977848 
4619 0.977848 
4620 0.977848 
4621 0.981822 
4622 0.981822 
4623 0.981822 
4624 0.981822 
4625 0.981822 
4626 0.981822 
4627 0.981822 
4628 0.981822 
4629 0.981822 
4630 0.981822 
4631 0.981822 
4632 0.981575 
4633 0.981575 
4634 0.981575 
4635 0.981575 
4636 0.981575 
4637 0.981575 
4638 0.981575 
4639 0.981575 
4640 0.981575 
4641 0.981575 
4642 0.981575 
4643 0.980911 
4644 0.980911 
4645 0.980911 
4646 0.980911 
4647 0.980911 
4648 0.980911 
4649 0.980911 
4650 0.980911 
4651 0.980911 
4652 0.980911 
4653 0.980911 
4654 0.982161 
4655 0.982161 
4656 0.982161 
4657 0.982161 
4658 0.982161 
4659 0.982161 
4660 0.982161 
4661 0.982161 
4662 0.982161 
4663 0.982161 
4664 0.982161 
4665 0.987299 
4666 0.987299 
4667 0.987299 
4668 0.987299 
4669 0.987299 
4670 0.987299 
4671 0.987299 
4672 0.987299 
4673 0.987299 
4674 0.987299 
4675 0.987299 
4676 0.983130 
4677 0.983130 
4678 0.983130 
4679 0.983130 
4680 0.983130 
4681 0.983130 
4682 0.983130 
4683 0.983130 
4684 0.983130 
4685 0.983130 
4686 0.983130 
4687 0.969601 
4688 0.969601 
4689 0.969601 
4690 0.969601 
4691 0.969601 
4692 0.969601 
4693 0.969601 
4694 0.969601 
4695 0.969601 
4696 0.969601 
4697 0.969601 
4698 0.957037 
4699 0.957037 
4700 0.957037 
4701 0.957037 
4702 0.957037 
4703 0.957037 
4704 0.957037 
4705 0.957037 
4706 0.957037 
4707 0.957037 
4708 0.957037 
4709 0.964987 
4710 0.964987 
4711 0.964987 
4712 0.964987 
4713 0.964987 
4714 0.964987 
4715 0.964987 
4716 0.964987 
4717 0.964987 
4718 0.964987 
4719 0.964987 
4720 0.989166 
4721 0.989166 
4722 0.989166 
4723 0.989166 
4724 0.989166 
4725 0.989166 
4726 0.989166 
4727 0.989166 
4728 0.989166 
4729 0.989166 
4730 0.989166 
4731 0.981622 
4732 0.981622 
4733 0.981622 
4734 0.981622 
4735 0.981622 
4736 0.981622 
4737 0.981622 
4738 0.981622 
4739 0.981622 
4740 0.981622 
4741 0.981622 
4742 0.986814 
4743 0.986814 
4744 0.986814 
4745 0.986814 
4746 0.986814 
4747 0.986814 
4748 0.986814 
4749 0.986814 
4750 0.986814 
4751 0.986814 
4752 0.986814 
4753 0.831217 
4754 0.831217 
4755 0.831217 
4756 0.831217 
4757 0.831217 
4758 0.831217 
4759 0.831217 
4760 0.831217 
4761 0.831217 
4762 0.831217 
4763 0.831217 
4764 0.273443 
4765 0.273443 
4766 0.273443 
4767 0.273443 
4768 0.273443 
4769 0.273443 
4770 0.273443 
4771 0.273443 
4772 0.273443 
4773 0.273443 
4774 0.273443 
4775 0.124972 
4776 0.124972 
4777 0.124972 
4778 0.124972 
4779 0.124972 
4780 0.124972 
4781 0.124972 
4782 0.124972 
4783 0.124972 
4784 0.124972 
4785 0.124972 
4786 0.066826 
4787 0.066826 
4788 0.066826 
4789 0.066826 
4790 0.066826 
4791 0.066826 
4792 0.066826 
4793 0.066826 
4794 0.066826 
4795 0.066826 
4796 0.066826 
4797 0.058888 
4798 0.058888 
4799 0.058888 
4800 0.058888 
4801 0.058888 
4802 0.058888 
4803 0.058888 
4804 0.058888 
4805 0.058888 
4806 0.058888 
4807 0.058888 
4808 0.056145 
4809 0.056145 
4810 0.056145 
4811 0.056145 
4812 0.056145 
4813 0.056145 
4814 0.056145 
4815 0.056145 
4816 0.056145 
4817 0.056145 
4818 0.056145 
4819 0.087833 
4820 0.087833 
4821 0.087833 
4822 0.087833 
4823 0.087833 
4824 0.087833 
4825 0.087833 
4826 0.087833 
4827 0.087833 
4828 0.087833 
4829 0.087833 
4830 0.090310 
4831 0.090310 
4832 0.090310 
4833 0.090310 
4834 0.090310 
4835 0.090310 
4836 0.090310 
4837 0.090310 
4838 0.090310 
4839 0.090310 
4840 0.090310 
4841 0.098339 
4842 0.098339 
4843 0.098339 
4844 0.098339 
4845 0.098339 
4846 0.098339 
4847 0.098339 
4848 0.098339 
4849 0.098339 
4850 0.098339 
4851 0.098339 
4852 0.111442 
4853 0.111442 
4854 0.111442 
4855 0.111442 
4856 0.111442 
4857 0.111442 
4858 0.111442 
4859 0.111442 
4860 0.111442 
4861 0.111442 
4862 0.111442 
4863 0.103769 
4864 0.103769 
4865 0.103769 
4866 0.103769 
4867 0.103769 
4868 0.103769 
4869 0.103769 
4870 0.103769 
4871 0.103769 
4872 0.103769 
4873 0.103769 
4874 0.114798 
4875 0.114798 
4876 0.114798 
4877 0.114798 
4878 0.114798 
4879 0.114798 
4880 0.114798 
4881 0.114798 
4882 0.114798 
4883 0.114798 
4884 0.114798 
4885 0.102933 
4886 0.102933 
4887 0.102933 
4888 0.102933 
4889 0.102933 
4890 0.102933 
4891 0.102933 
4892 0.102933 
4893 0.102933 
4894 0.102933 
4895 0.102933 
4896 0.111231 
4897 0.111231 
4898 0.111231 
4899 0.111231 
4900 0.111231 
4901 0.111231 
4902 0.111231 
4903 0.111231 
4904 0.111231 
4905 0.111231 
4906 0.111231 
4907 0.118525 
4908 0.118525 
4909 0.118525 
4910 0.118525 
4911 0.118525 
4912 0.118525 
4913 0.118525 
4914 0.118525 
4915 0.118525 
4916 0.118525 
4917 0.118525 
4918 0.149487 
4919 0.149487 
4920 0.149487 
4921 0.149487 
4922 0.149487 
4923 0.149487 
4924 0.149487 
4925 0.149487 
4926 0.149487 
4927 0.149487 
4928 0.149487 
4929 0.268423 
4930 0.268423 
4931 0.268423 
4932 0.268423 
4933 0.268423 
4934 0.268423 
4935 0.268423 
4936 0.268423 
4937 0.268423 
4938 0.268423 
4939 0.268423 
4940 0.568377 
4941 0.568377 
4942 0.568377 
4943 0.568377 
4944 0.568377 
4945 0.568377 
4946 0.568377 
4947 0.568377 
4948 0.568377 
4949 0.568377 
4950 0.568377 
4951 0.728264 
4952 0.728264 
4953 0.728264 
4954 0.728264 
4955 0.728264 
4956 0.728264 
4957 0.728264 
4958 0.728264 
4959 0.728264 
4960 0.728264 
4961 0.728264 
4962 0.145315 
4963 0.145315 
4964 0.145315 
4965 0.145315 
4966 0.145315 
4967 0.145315 
4968 0.145315 
4969 0.145315 
4970 0.145315 
4971 0.145315 
4972 0.145315 
4973 0.252514 
4974 0.252514 
4975 0.252514 
4976 0.252514 
4977 0.252514 
4978 0.252514 
4979 0.252514 
4980 0.252514 
4981 0.252514 
4982 0.252514 
4983 0.252514 
4984 0.330959 
4985 0.330959 
4986 0.330959 
4987 0.330959 
4988 0.330959 
4989 0.330959 
4990 0.330959 
4991 0.330959 
4992 0.330959 
4993 0.330959 
4994 0.330959 
4995 0.250994 
4996 0.250994 
4997 0.250994 
4998 0.250994 
4999 0.250994 
5000 0.250994 
5001 0.250994 
5002 0.250994 
5003 0.250994 
5004 0.250994 
5005 0.250994 
5006 0.130027 
5007 0.130027 
5008 0.130027 
5009 0.130027 
5010 0.130027 
5011 0.130027 
5012 0.130027 
5013 0.130027 
5014 0.130027 
5015 0.130027 
5016 0.130027 
5017 0.099241 
5018 0.099241 
5019 0.099241 
5020 0.099241 
5021 0.099241 
5022 0.099241 
5023 0.099241 
5024 0.099241 
5025 0.099241 
5026 0.099241 
5027 0.099241 
5028 0.138103 
5029 0.138103 
5030 0.138103 
5031 0.138103 
5032 0.138103 
5033 0.138103 
5034 0.138103 
5035 0.138103 
5036 0.138103 
5037 0.138103 
5038 0.138103 
5039 0.112888 
5040 0.112888 
5041 0.112888 
5042 0.112888 
5043 0.112888 
5044 0.112888 
5045 0.112888 
5046 0.112888 
5047 0.112888 
5048 0.112888 
5049 0.112888 
5050 0.116818 
5051 0.116818 
5052 0.116818 
5053 0.116818 
5054 0.116818 
5055 0.116818 
5056 0.116818 
5057 0.116818 
5058 0.116818 
5059 0.116818 
5060 0.116818 
5061 0.291215 
5062 0.291215 
5063 0.291215 
5064 0.291215 
5065 0.291215 
5066 0.291215 
5067 0.291215 
5068 0.291215 
5069 0.291215 
5070 0.291215 
5071 0.291215 
5072 0.563318 
5073 0.563318 
5074 0.563318 
5075 0.563318 
5076 0.563318 
5077 0.563318 
5078 0.563318 
5079 0.563318 
5080 0.563318 
5081 0.563318 
5082 0.563318 
5083 0.729753 
5084 0.729753 
5085 0.729753 
5086 0.729753 
5087 0.729753 
5088 0.729753 
5089 0.729753 
5090 0.729753 
5091 0.729753 
5092 0.729753 
5093 0.729753 
5094 0.319778 
5095 0.319778 
5096 0.319778 
5097 0.319778 
5098 0.319778 
5099 0.319778 
5100 0.319778 
5101 0.319778 
5102 0.319778 
5103 0.319778 
5104 0.319778 
5105 0.296458 
5106 0.296458 
5107 0.296458 
5108 0.296458 
5109 0.296458 
5110 0.296458 
5111 0.296458 
5112 0.296458 
5113 0.296458 
5114 0.296458 
5115 0.296458 
5116 0.332917 
5117 0.332917 
5118 0.332917 
5119 0.332917 
5120 0.332917 
5121 0.332917 
5122 0.332917 
5123 0.332917 
5124 0.332917 
5125 0.332917 
5126 0.332917 
5127 0.342379 
5128 0.342379 
5129 0.342379 
5130 0.342379 
5131 0.342379 
5132 0.342379 
5133 0.342379 
5134 0.342379 
5135 0.342379 
5136 0.342379 
5137 0.342379 
5138 0.421273 
5139 0.421273 
5140 0.421273 
5141 0.421273 
5142 0.421273 
5143 0.421273 
5144 0.421273 
5145 0.421273 
5146 0.421273 
5147 0.421273 
5148 0.421273 
5149 0.419426 
5150 0.419426 
5151 0.419426 
5152 0.419426 
5153 0.419426 
5154 0.419426 
5155 0.419426 
5156 0.419426 
5157 0.419426 
5158 0.419426 
5159 0.419426 
5160 0.397629 
5161 0.397629 
5162 0.397629 
5163 0.397629 
5164 0.397629 
5165 0.397629 
5166 0.397629 
5167 0.397629 
5168 0.397629 
5169 0.397629 
5170 0.397629 
5171 0.404517 
5172 0.404517 
5173 0.404517 
5174 0.404517 
5175 0.404517 
5176 0.404517 
5177 0.404517 
5178 0.404517 
5179 0.404517 
5180 0.404517 
5181 0.404517 
5182 0.414394 
5183 0.414394 
5184 0.414394 
5185 0.414394 
5186 0.414394 
5187 0.414394 
5188 0.414394 
5189 0.414394 
5190 0.414394 
5191 0.414394 
5192 0.414394 
5193 0.357287 
5194 0.357287 
5195 0.357287 
5196 0.357287 
5197 0.357287 
5198 0.357287 
5199 0.357287 
5200 0.357287 
5201 0.357287 
5202 0.357287 
5203 0.357287 
5204 0.339445 
5205 0.339445 
5206 0.339445 
5207 0.339445 
5208 0.339445 
5209 0.339445 
5210 0.339445 
5211 0.339445 
5212 0.339445 
5213 0.339445 
5214 0.339445 
5215 0.348845 
5216 0.348845 
5217 0.348845 
5218 0.348845 
5219 0.348845 
5220 0.348845 
5221 0.348845 
5222 0.348845 
5223 0.348845 
5224 0.348845 
5225 0.348845 
5226 0.115939 
5227 0.115939 
5228 0.115939 
5229 0.115939 
5230 0.115939 
5231 0.115939 
5232 0.115939 
5233 0.115939 
5234 0.115939 
5235 0.115939 
5236 0.115939 
5237 0.223561 
5238 0.223561 
5239 0.223561 
5240 0.223561 
5241 0.223561 
5242 0.223561 
5243 0.223561 
5244 0.223561 
5245 0.223561 
5246 0.223561 
5247 0.223561 
5248 0.346145 
5249 0.346145 
5250 0.346145 
5251 0.346145 
5252 0.346145 
5253 0.346145 
5254 0.346145 
5255 0.346145 
5256 0.346145 
5257 0.346145 
5258 0.346145 
5259 0.400024 
5260 0.400024 
5261 0.400024 
5262 0.400024 
5263 0.400024 
5264 0.400024 
5265 0.400024 
5266 0.400024 
5267 0.400024 
5268 0.400024 
5269 0.400024 
5270 0.223057 
5271 0.223057 
5272 0.223057 
5273 0.223057 
5274 0.223057 
5275 0.223057 
5276 0.223057 
5277 0.223057 
5278 0.223057 
5279 0.223057 
5280 0.223057 
5281 0.238012 
5282 0.238012 
5283 0.238012 
5284 0.238012 
5285 0.238012 
5286 0.238012 
5287 0.238012 
5288 0.238012 
5289 0.238012 
5290 0.238012 
5291 0.238012 
5292 0.315930 
5293 0.315930 
5294 0.315930 
5295 0.315930 
5296 0.315930 
5297 0.315930 
5298 0.315930 
5299 0.315930 
5300 0.315930 
5301 0.315930 
5302 0.315930 
5303 0.655476 
5304 0.655476 
5305 0.655476 
5306 0.655476 
5307 0.655476 
5308 0.655476 
5309 0.655476 
5310 0.655476 
5311 0.655476 
5312 0.655476 
5313 0.655476 
5314 0.834425 
5315 0.834425 
5316 0.834425 
5317 0.834425 
5318 0.834425 
5319 0.834425 
5320 0.834425 
5321 0.834425 
5322 0.834425 
5323 0.834425 
5324 0.834425 
5325 0.922348 
5326 0.922348 
5327 0.922348 
5328 0.922348 
5329 0.922348 
5330 0.922348 
5331 0.922348 
5332 0.922348 
5333 0.922348 
5334 0.922348 
5335 0.922348 
5336 0.935498 
5337 0.935498 
5338 0.935498 
5339 0.935498 
5340 0.935498 
5341 0.935498 
5342 0.935498 
5343 0.935498 
5344 0.935498 
5345 0.935498 
5346 0.935498 
5347 0.898387 
5348 0.898387 
5349 0.898387 
5350 0.898387 
5351 0.898387 
5352 0.898387 
5353 0.898387 
5354 0.898387 
5355 0.898387 
5356 0.898387 
5357 0.898387 
5358 0.919625 
5359 0.919625 
5360 0.919625 
5361 0.919625 
5362 0.919625 
5363 0.919625 
5364 0.919625 
5365 0.919625 
5366 0.919625 
5367 0.919625 
5368 0.919625 
5369 0.632719 
5370 0.632719 
5371 0.632719 
5372 0.632719 
5373 0.632719 
5374 0.632719 
5375 0.632719 
5376 0.632719 
5377 0.632719 
5378 0.632719 
5379 0.632719 
5380 0.585716 
5381 0.585716 
5382 0.585716 
5383 0.585716 
5384 0.585716 
5385 0.585716 
5386 0.585716 
5387 0.585716 
5388 0.585716 
5389 0.585716 
5390 0.585716 
5391 0.554426 
5392 0.554426 
5393 0.554426 
5394 0.554426 
5395 0.554426 
5396 0.554426 
5397 0.554426 
5398 0.554426 
5399 0.554426 
5400 0.554426 
5401 0.554426 
5402 0.588959 
5403 0.588959 
5404 0.588959 
5405 0.588959 
5406 0.588959 
5407 0.588959 
5408 0.588959 
5409 0.588959 
5410 0.588959 
5411 0.588959 
5412 0.588959 
5413 0.559915 
5414 0.559915 
5415 0.559915 
5416 0.559915 
5417 0.559915 
5418 0.559915 
5419 0.559915 
5420 0.559915 
5421 0.559915 
5422 0.559915 
5423 0.559915 
5424 0.609337 
5425 0.609337 
5426 0.609337 
5427 0.609337 
5428 0.609337 
5429 0.609337 
5430 0.609337 
5431 0.609337 
5432 0.609337 
5433 0.609337 
5434 0.609337 
5435 0.658145 
5436 0.658145 
5437 0.658145 
5438 0.658145 
5439 0.658145 
5440 0.658145 
5441 0.658145 
5442 0.658145 
5443 0.658145 
5444 0.658145 
5445 0.658145 
5446 0.709426 
5447 0.709426 
5448 0.709426 
5449 0.709426 
5450 0.709426 
5451 0.709426 
5452 0.709426 
5453 0.709426 
5454 0.709426 
5455 0.709426 
5456 0.709426 
5457 0.726670 
5458 0.726670 
5459 0.726670 
5460 0.726670 
5461 0.726670 
5462 0.726670 
5463 0.726670 
5464 0.726670 
5465 0.726670 
5466 0.726670 
5467 0.726670 
5468 0.772587 
5469 0.772587 
5470 0.772587 
5471 0.772587 
5472 0.772587 
5473 0.772587 
5474 0.772587 
5475 0.772587 
5476 0.772587 
5477 0.772587 
5478 0.772587 
5479 0.829904 
5480 0.829904 
5481 0.829904 
5482 0.829904 
5483 0.829904 
5484 0.829904 
5485 0.829904 
5486 0.829904 
5487 0.829904 
5488 0.829904 
5489 0.829904 
5490 0.839859 
5491 0.839859 
5492 0.839859 
5493 0.839859 
5494 0.839859 
5495 0.839859 
5496 0.839859 
5497 0.839859 
5498 0.839859 
5499 0.839859 
5500 0.839859 
5501 0.974149 
5502 0.974149 
5503 0.974149 
5504 0.974149 
5505 0.974149 
5506 0.974149 
5507 0.974149 
5508 0.974149 
5509 0.974149 
5510 0.974149 
5511 0.974149 
5512 0.981157 
5513 0.981157 
5514 0.981157 
5515 0.981157 
5516 0.981157 
5517 0.981157 
5518 0.981157 
5519 0.981157 
5520 0.981157 
5521 0.981157 
5522 0.981157 
5523 0.981798 
5524 0.981798 
5525 0.981798 
5526 0.981798 
5527 0.981798 
5528 0.981798 
5529 0.981798 
5530 0.981798 
5531 0.981798 
5532 0.981798 
5533 0.981798 
5534 0.981243 
5535 0.981243 
5536 0.981243 
5537 0.981243 
5538 0.981243 
5539 0.981243 
5540 0.981243 
5541 0.981243 
5542 0.981243 
5543 0.981243 
5544 0.981243 
5545 0.980106 
5546 0.980106 
5547 0.980106 
5548 0.980106 
5549 0.980106 
5550 0.980106 
5551 0.980106 
5552 0.980106 
5553 0.980106 
5554 0.980106 
5555 0.980106 
5556 0.977481 
5557 0.977481 
5558 0.977481 
5559 0.977481 
5560 0.977481 
5561 0.977481 
5562 0.977481 
5563 0.977481 
5564 0.977481 
5565 0.977481 
5566 0.977481 
5567 0.975582 
5568 0.975582 
5569 0.975582 
5570 0.975582 
5571 0.975582 
5572 0.975582 
5573 0.975582 
5574 0.975582 
5575 0.975582 
5576 0.975582 
5577 0.975582 
5578 0.973187 
5579 0.973187 
5580 0.973187 
5581 0.973187 
5582 0.973187 
5583 0.973187 
5584 0.973187 
5585 0.973187 
5586 0.973187 
5587 0.973187 
5588 0.973187 
5589 0.973121 
5590 0.973121 
5591 0.973121 
5592 0.973121 
5593 0.973121 
5594 0.973121 
5595 0.973121 
5596 0.973121 
5597 0.973121 
5598 0.973121 
5599 0.973121 
5600 0.973531 
5601 0.973531 
5602 0.973531 
5603 0.973531 
5604 0.973531 
5605 0.973531 
5606 0.973531 
5607 0.973531 
5608 0.973531 
5609 0.973531 
5610 0.973531 
5611 0.971664 
5612 0.971664 
5613 0.971664 
5614 0.971664 
5615 0.971664 
5616 0.971664 
5617 0.971664 
5618 0.971664 
5619 0.971664 
5620 0.971664 
5621 0.971664 
5622 0.968253 
5623 0.968253 
5624 0.968253 
5625 0.968253 
5626 0.968253 
5627 0.968253 
5628 0.968253 
5629 0.968253 
5630 0.968253 
5631 0.968253 
5632 0.968253 
5633 0.969632 
5634 0.969632 
5635 0.969632 
5636 0.969632 
5637 0.969632 
5638 0.969632 
5639 0.969632 
5640 0.969632 
5641 0.969632 
5642 0.969632 
5643 0.969632 
5644 0.970961 
5645 0.970961 
5646 0.970961 
5647 0.970961 
5648 0.970961 
5649 0.970961 
5650 0.970961 
5651 0.970961 
5652 0.970961 
5653 0.970961 
5654 0.970961 
5655 0.971410 
5656 0.971410 
5657 0.971410 
5658 0.971410 
5659 0.971410 
5660 0.971410 
5661 0.971410 
5662 0.971410 
5663 0.971410 
5664 0.971410 
5665 0.971410 
5666 0.971937 
5667 0.971937 
5668 0.971937 
5669 0.971937 
5670 0.971937 
5671 0.971937 
5672 0.971937 
5673 0.971937 
5674 0.971937 
5675 0.971937 
5676 0.971937 
5677 0.974078 
5678 0.974078 
5679 0.974078 
5680 0.974078 
5681 0.974078 
5682 0.974078 
5683 0.974078 
5684 0.974078 
5685 0.974078 
5686 0.974078 
5687 0.974078 
5688 0.973992 
5689 0.973992 
5690 0.973992 
5691 0.973992 
5692 0.973992 
5693 0.973992 
5694 0.973992 
5695 0.973992 
5696 0.973992 
5697 0.973992 
5698 0.973992 
5699 0.974262 
5700 0.974262 
5701 0.974262 
5702 0.974262 
5703 0.974262 
5704 0.974262 
5705 0.974262 
5706 0.974262 
5707 0.974262 
5708 0.974262 
5709 0.974262 
5710 0.974723 
5711 0.974723 
5712 0.974723 
5713 0.974723 
5714 0.974723 
5715 0.974723 
5716 0.974723 
5717 0.974723 
5718 0.974723 
5719 0.974723 
5720 0.974723 
5721 0.974109 
5722 0.974109 
5723 0.974109 
5724 0.974109 
5725 0.974109 
5726 0.974109 
5727 0.974109 
5728 0.974109 
5729 0.974109 
5730 0.974109 
5731 0.974109 
5732 0.973789 
5733 0.973789 
5734 0.973789 
5735 0.973789 
5736 0.973789 
Time taken: 192.699229
