1 0.170096 
2 0.170096 
3 0.170096 
4 0.170096 
5 0.170096 
6 0.170096 
7 0.170096 
8 0.170096 
9 0.248554 
10 0.248554 
11 0.248554 
12 0.248554 
13 0.248554 
14 0.248554 
15 0.248554 
16 0.248554 
17 0.269863 
18 0.269863 
19 0.269863 
20 0.269863 
21 0.269863 
22 0.269863 
23 0.269863 
24 0.269863 
25 0.267904 
26 0.267904 
27 0.267904 
28 0.267904 
29 0.267904 
30 0.267904 
31 0.267904 
32 0.267904 
33 0.278323 
34 0.278323 
35 0.278323 
36 0.278323 
37 0.278323 
38 0.278323 
39 0.278323 
40 0.278323 
41 0.282771 
42 0.282771 
43 0.282771 
44 0.282771 
45 0.282771 
46 0.282771 
47 0.282771 
48 0.282771 
49 0.277989 
50 0.277989 
51 0.277989 
52 0.277989 
53 0.277989 
54 0.277989 
55 0.277989 
56 0.277989 
57 0.273137 
58 0.273137 
59 0.273137 
60 0.273137 
61 0.273137 
62 0.273137 
63 0.273137 
64 0.273137 
65 0.268709 
66 0.268709 
67 0.268709 
68 0.268709 
69 0.268709 
70 0.268709 
71 0.268709 
72 0.268709 
73 0.272992 
74 0.272992 
75 0.272992 
76 0.272992 
77 0.272992 
78 0.272992 
79 0.272992 
80 0.272992 
81 0.278951 
82 0.278951 
83 0.278951 
84 0.278951 
85 0.278951 
86 0.278951 
87 0.278951 
88 0.278951 
89 0.355965 
90 0.355965 
91 0.355965 
92 0.355965 
93 0.355965 
94 0.355965 
95 0.355965 
96 0.355965 
97 0.427224 
98 0.427224 
99 0.427224 
100 0.427224 
101 0.427224 
102 0.427224 
103 0.427224 
104 0.427224 
105 0.450291 
106 0.450291 
107 0.450291 
108 0.450291 
109 0.450291 
110 0.450291 
111 0.450291 
112 0.450291 
113 0.464047 
114 0.464047 
115 0.464047 
116 0.464047 
117 0.464047 
118 0.464047 
119 0.464047 
120 0.464047 
121 0.477787 
122 0.477787 
123 0.477787 
124 0.477787 
125 0.477787 
126 0.477787 
127 0.477787 
128 0.477787 
129 0.468757 
130 0.468757 
131 0.468757 
132 0.468757 
133 0.468757 
134 0.468757 
135 0.468757 
136 0.468757 
137 0.459791 
138 0.459791 
139 0.459791 
140 0.459791 
141 0.459791 
142 0.459791 
143 0.459791 
144 0.459791 
145 0.435279 
146 0.435279 
147 0.435279 
148 0.435279 
149 0.435279 
150 0.435279 
151 0.435279 
152 0.435279 
153 0.420483 
154 0.420483 
155 0.420483 
156 0.420483 
157 0.420483 
158 0.420483 
159 0.420483 
160 0.420483 
161 0.403426 
162 0.403426 
163 0.403426 
164 0.403426 
165 0.403426 
166 0.403426 
167 0.403426 
168 0.403426 
169 0.400737 
170 0.400737 
171 0.400737 
172 0.400737 
173 0.400737 
174 0.400737 
175 0.400737 
176 0.400737 
177 0.388552 
178 0.388552 
179 0.388552 
180 0.388552 
181 0.388552 
182 0.388552 
183 0.388552 
184 0.388552 
185 0.379448 
186 0.379448 
187 0.379448 
188 0.379448 
189 0.379448 
190 0.379448 
191 0.379448 
192 0.379448 
193 0.370396 
194 0.370396 
195 0.370396 
196 0.370396 
197 0.370396 
198 0.370396 
199 0.370396 
200 0.370396 
201 0.368346 
202 0.368346 
203 0.368346 
204 0.368346 
205 0.368346 
206 0.368346 
207 0.368346 
208 0.368346 
209 0.367711 
210 0.367711 
211 0.367711 
212 0.367711 
213 0.367711 
214 0.367711 
215 0.367711 
216 0.367711 
217 0.368515 
218 0.368515 
219 0.368515 
220 0.368515 
221 0.368515 
222 0.368515 
223 0.368515 
224 0.368515 
225 0.379794 
226 0.379794 
227 0.379794 
228 0.379794 
229 0.379794 
230 0.379794 
231 0.379794 
232 0.379794 
233 0.374977 
234 0.374977 
235 0.374977 
236 0.374977 
237 0.374977 
238 0.374977 
239 0.374977 
240 0.374977 
241 0.375413 
242 0.375413 
243 0.375413 
244 0.375413 
245 0.375413 
246 0.375413 
247 0.375413 
248 0.375413 
249 0.370686 
250 0.370686 
251 0.370686 
252 0.370686 
253 0.370686 
254 0.370686 
255 0.370686 
256 0.370686 
257 0.368284 
258 0.368284 
259 0.368284 
260 0.368284 
261 0.368284 
262 0.368284 
263 0.368284 
264 0.368284 
265 0.368229 
266 0.368229 
267 0.368229 
268 0.368229 
269 0.368229 
270 0.368229 
271 0.368229 
272 0.368229 
273 0.367094 
274 0.367094 
275 0.367094 
276 0.367094 
277 0.367094 
278 0.367094 
279 0.367094 
280 0.367094 
281 0.372468 
282 0.372468 
283 0.372468 
284 0.372468 
285 0.372468 
286 0.372468 
287 0.372468 
288 0.372468 
289 0.376767 
290 0.376767 
291 0.376767 
292 0.376767 
293 0.376767 
294 0.376767 
295 0.376767 
296 0.376767 
297 0.367059 
298 0.367059 
299 0.367059 
300 0.367059 
301 0.367059 
302 0.367059 
303 0.367059 
304 0.367059 
305 0.362756 
306 0.362756 
307 0.362756 
308 0.362756 
309 0.362756 
310 0.362756 
311 0.362756 
312 0.362756 
313 0.363333 
314 0.363333 
315 0.363333 
316 0.363333 
317 0.363333 
318 0.363333 
319 0.363333 
320 0.363333 
321 0.369544 
322 0.369544 
323 0.369544 
324 0.369544 
325 0.369544 
326 0.369544 
327 0.369544 
328 0.369544 
329 0.367357 
330 0.367357 
331 0.367357 
332 0.367357 
333 0.367357 
334 0.367357 
335 0.367357 
336 0.367357 
337 0.366851 
338 0.366851 
339 0.366851 
340 0.366851 
341 0.366851 
342 0.366851 
343 0.366851 
344 0.366851 
345 0.395080 
346 0.395080 
347 0.395080 
348 0.395080 
349 0.395080 
350 0.395080 
351 0.395080 
352 0.395080 
353 0.412550 
354 0.412550 
355 0.412550 
356 0.412550 
357 0.412550 
358 0.412550 
359 0.412550 
360 0.412550 
361 0.412483 
362 0.412483 
363 0.412483 
364 0.412483 
365 0.412483 
366 0.412483 
367 0.412483 
368 0.412483 
369 0.407784 
370 0.407784 
371 0.407784 
372 0.407784 
373 0.407784 
374 0.407784 
375 0.407784 
376 0.407784 
377 0.402704 
378 0.402704 
379 0.402704 
380 0.402704 
381 0.402704 
382 0.402704 
383 0.402704 
384 0.402704 
385 0.404557 
386 0.404557 
387 0.404557 
388 0.404557 
389 0.404557 
390 0.404557 
391 0.404557 
392 0.404557 
393 0.426176 
394 0.426176 
395 0.426176 
396 0.426176 
397 0.426176 
398 0.426176 
399 0.426176 
400 0.426176 
401 0.436316 
402 0.436316 
403 0.436316 
404 0.436316 
405 0.436316 
406 0.436316 
407 0.436316 
408 0.436316 
409 0.458170 
410 0.458170 
411 0.458170 
412 0.458170 
413 0.458170 
414 0.458170 
415 0.458170 
416 0.458170 
417 0.504399 
418 0.504399 
419 0.504399 
420 0.504399 
421 0.504399 
422 0.504399 
423 0.504399 
424 0.504399 
425 0.572427 
426 0.572427 
427 0.572427 
428 0.572427 
429 0.572427 
430 0.572427 
431 0.572427 
432 0.572427 
433 0.631642 
434 0.631642 
435 0.631642 
436 0.631642 
437 0.631642 
438 0.631642 
439 0.631642 
440 0.631642 
441 0.667986 
442 0.667986 
443 0.667986 
444 0.667986 
445 0.667986 
446 0.667986 
447 0.667986 
448 0.667986 
449 0.694987 
450 0.694987 
451 0.694987 
452 0.694987 
453 0.694987 
454 0.694987 
455 0.694987 
456 0.694987 
457 0.715223 
458 0.715223 
459 0.715223 
460 0.715223 
461 0.715223 
462 0.715223 
463 0.715223 
464 0.715223 
465 0.734220 
466 0.734220 
467 0.734220 
468 0.734220 
469 0.734220 
470 0.734220 
471 0.734220 
472 0.734220 
473 0.745765 
474 0.745765 
475 0.745765 
476 0.745765 
477 0.745765 
478 0.745765 
479 0.745765 
480 0.745765 
481 0.745797 
482 0.745797 
483 0.745797 
484 0.745797 
485 0.745797 
486 0.745797 
487 0.745797 
488 0.745797 
489 0.744415 
490 0.744415 
491 0.744415 
492 0.744415 
493 0.744415 
494 0.744415 
495 0.744415 
496 0.744415 
497 0.740450 
498 0.740450 
499 0.740450 
500 0.740450 
501 0.740450 
502 0.740450 
503 0.740450 
504 0.740450 
505 0.762300 
506 0.762300 
507 0.762300 
508 0.762300 
509 0.762300 
510 0.762300 
511 0.762300 
512 0.762300 
513 0.777308 
514 0.777308 
515 0.777308 
516 0.777308 
517 0.777308 
518 0.777308 
519 0.777308 
520 0.777308 
521 0.838721 
522 0.838721 
523 0.838721 
524 0.838721 
525 0.838721 
526 0.838721 
527 0.838721 
528 0.838721 
529 0.895204 
530 0.895204 
531 0.895204 
532 0.895204 
533 0.895204 
534 0.895204 
535 0.895204 
536 0.895204 
537 0.912834 
538 0.912834 
539 0.912834 
540 0.912834 
541 0.912834 
542 0.912834 
543 0.912834 
544 0.912834 
545 0.947773 
546 0.947773 
547 0.947773 
548 0.947773 
549 0.947773 
550 0.947773 
551 0.947773 
552 0.947773 
553 0.947576 
554 0.947576 
555 0.947576 
556 0.947576 
557 0.947576 
558 0.947576 
559 0.947576 
560 0.947576 
561 0.946964 
562 0.946964 
563 0.946964 
564 0.946964 
565 0.946964 
566 0.946964 
567 0.946964 
568 0.946964 
569 0.935191 
570 0.935191 
571 0.935191 
572 0.935191 
573 0.935191 
574 0.935191 
575 0.935191 
576 0.935191 
577 0.936961 
578 0.936961 
579 0.936961 
580 0.936961 
581 0.936961 
582 0.936961 
583 0.936961 
584 0.936961 
585 0.939246 
586 0.939246 
587 0.939246 
588 0.939246 
589 0.939246 
590 0.939246 
591 0.939246 
592 0.939246 
593 0.944774 
594 0.944774 
595 0.944774 
596 0.944774 
597 0.944774 
598 0.944774 
599 0.944774 
600 0.944774 
601 0.967609 
602 0.967609 
603 0.967609 
604 0.967609 
605 0.967609 
606 0.967609 
607 0.967609 
608 0.967609 
609 0.972422 
610 0.972422 
611 0.972422 
612 0.972422 
613 0.972422 
614 0.972422 
615 0.972422 
616 0.972422 
617 0.973733 
618 0.973733 
619 0.973733 
620 0.973733 
621 0.973733 
622 0.973733 
623 0.973733 
624 0.973733 
625 0.977537 
626 0.977537 
627 0.977537 
628 0.977537 
629 0.977537 
630 0.977537 
631 0.977537 
632 0.977537 
633 0.978735 
634 0.978735 
635 0.978735 
636 0.978735 
637 0.978735 
638 0.978735 
639 0.978735 
640 0.978735 
641 0.979802 
642 0.979802 
643 0.979802 
644 0.979802 
645 0.979802 
646 0.979802 
647 0.979802 
648 0.979802 
649 0.978797 
650 0.978797 
651 0.978797 
652 0.978797 
653 0.978797 
654 0.978797 
655 0.978797 
656 0.978797 
657 0.977851 
658 0.977851 
659 0.977851 
660 0.977851 
661 0.977851 
662 0.977851 
663 0.977851 
664 0.977851 
665 0.978059 
666 0.978059 
667 0.978059 
668 0.978059 
669 0.978059 
670 0.978059 
671 0.978059 
672 0.978059 
673 0.978621 
674 0.978621 
675 0.978621 
676 0.978621 
677 0.978621 
678 0.978621 
679 0.978621 
680 0.978621 
681 0.978279 
682 0.978279 
683 0.978279 
684 0.978279 
685 0.978279 
686 0.978279 
687 0.978279 
688 0.978279 
689 0.978236 
690 0.978236 
691 0.978236 
692 0.978236 
693 0.978236 
694 0.978236 
695 0.978236 
696 0.978236 
697 0.978071 
698 0.978071 
699 0.978071 
700 0.978071 
701 0.978071 
702 0.978071 
703 0.978071 
704 0.978071 
705 0.977946 
706 0.977946 
707 0.977946 
708 0.977946 
709 0.977946 
710 0.977946 
711 0.977946 
712 0.977946 
713 0.978703 
714 0.978703 
715 0.978703 
716 0.978703 
717 0.978703 
718 0.978703 
719 0.978703 
720 0.978703 
721 0.978440 
722 0.978440 
723 0.978440 
724 0.978440 
725 0.978440 
726 0.978440 
727 0.978440 
728 0.978440 
729 0.978405 
730 0.978405 
731 0.978405 
732 0.978405 
733 0.978405 
734 0.978405 
735 0.978405 
736 0.978405 
737 0.978044 
738 0.978044 
739 0.978044 
740 0.978044 
741 0.978044 
742 0.978044 
743 0.978044 
744 0.978044 
745 0.978444 
746 0.978444 
747 0.978444 
748 0.978444 
749 0.978444 
750 0.978444 
751 0.978444 
752 0.978444 
753 0.978393 
754 0.978393 
755 0.978393 
756 0.978393 
757 0.978393 
758 0.978393 
759 0.978393 
760 0.978393 
761 0.978507 
762 0.978507 
763 0.978507 
764 0.978507 
765 0.978507 
766 0.978507 
767 0.978507 
768 0.978507 
769 0.979331 
770 0.979331 
771 0.979331 
772 0.979331 
773 0.979331 
774 0.979331 
775 0.979331 
776 0.979331 
777 0.979037 
778 0.979037 
779 0.979037 
780 0.979037 
781 0.979037 
782 0.979037 
783 0.979037 
784 0.979037 
785 0.978782 
786 0.978782 
787 0.978782 
788 0.978782 
789 0.978782 
790 0.978782 
791 0.978782 
792 0.978782 
793 0.978417 
794 0.978417 
795 0.978417 
796 0.978417 
797 0.978417 
798 0.978417 
799 0.978417 
800 0.978417 
801 0.976678 
802 0.976678 
803 0.976678 
804 0.976678 
805 0.976678 
806 0.976678 
807 0.976678 
808 0.976678 
809 0.976363 
810 0.976363 
811 0.976363 
812 0.976363 
813 0.976363 
814 0.976363 
815 0.976363 
816 0.976363 
817 0.976493 
818 0.976493 
819 0.976493 
820 0.976493 
821 0.976493 
822 0.976493 
823 0.976493 
824 0.976493 
825 0.975284 
826 0.975284 
827 0.975284 
828 0.975284 
829 0.975284 
830 0.975284 
831 0.975284 
832 0.975284 
833 0.975971 
834 0.975971 
835 0.975971 
836 0.975971 
837 0.975971 
838 0.975971 
839 0.975971 
840 0.975971 
841 0.975928 
842 0.975928 
843 0.975928 
844 0.975928 
845 0.975928 
846 0.975928 
847 0.975928 
848 0.975928 
849 0.976874 
850 0.976874 
851 0.976874 
852 0.976874 
853 0.976874 
854 0.976874 
855 0.976874 
856 0.976874 
857 0.976371 
858 0.976371 
859 0.976371 
860 0.976371 
861 0.976371 
862 0.976371 
863 0.976371 
864 0.976371 
865 0.976528 
866 0.976528 
867 0.976528 
868 0.976528 
869 0.976528 
870 0.976528 
871 0.976528 
872 0.976528 
873 0.976705 
874 0.976705 
875 0.976705 
876 0.976705 
877 0.976705 
878 0.976705 
879 0.976705 
880 0.976705 
881 0.976199 
882 0.976199 
883 0.976199 
884 0.976199 
885 0.976199 
886 0.976199 
887 0.976199 
888 0.976199 
889 0.976301 
890 0.976301 
891 0.976301 
892 0.976301 
893 0.976301 
894 0.976301 
895 0.976301 
896 0.976301 
897 0.975830 
898 0.975830 
899 0.975830 
900 0.975830 
901 0.975830 
902 0.975830 
903 0.975830 
904 0.975830 
905 0.975845 
906 0.975845 
907 0.975845 
908 0.975845 
909 0.975845 
910 0.975845 
911 0.975845 
912 0.975845 
913 0.976057 
914 0.976057 
915 0.976057 
916 0.976057 
917 0.976057 
918 0.976057 
919 0.976057 
920 0.976057 
921 0.976312 
922 0.976312 
923 0.976312 
924 0.976312 
925 0.976312 
926 0.976312 
927 0.976312 
928 0.976312 
929 0.975743 
930 0.975743 
931 0.975743 
932 0.975743 
933 0.975743 
934 0.975743 
935 0.975743 
936 0.975743 
937 0.976206 
938 0.976206 
939 0.976206 
940 0.976206 
941 0.976206 
942 0.976206 
943 0.976206 
944 0.976206 
945 0.976595 
946 0.976595 
947 0.976595 
948 0.976595 
949 0.976595 
950 0.976595 
951 0.976595 
952 0.976595 
953 0.976772 
954 0.976772 
955 0.976772 
956 0.976772 
957 0.976772 
958 0.976772 
959 0.976772 
960 0.976772 
961 0.976662 
962 0.976662 
963 0.976662 
964 0.976662 
965 0.976662 
966 0.976662 
967 0.976662 
968 0.976662 
969 0.976654 
970 0.976654 
971 0.976654 
972 0.976654 
973 0.976654 
974 0.976654 
975 0.976654 
976 0.976654 
977 0.976261 
978 0.976261 
979 0.976261 
980 0.976261 
981 0.976261 
982 0.976261 
983 0.976261 
984 0.976261 
985 0.975877 
986 0.975877 
987 0.975877 
988 0.975877 
989 0.975877 
990 0.975877 
991 0.975877 
992 0.975877 
993 0.976171 
994 0.976171 
995 0.976171 
996 0.976171 
997 0.976171 
998 0.976171 
999 0.976171 
1000 0.976171 
1001 0.976403 
1002 0.976403 
1003 0.976403 
1004 0.976403 
1005 0.976403 
1006 0.976403 
1007 0.976403 
1008 0.976403 
1009 0.976469 
1010 0.976469 
1011 0.976469 
1012 0.976469 
1013 0.976469 
1014 0.976469 
1015 0.976469 
1016 0.976469 
1017 0.975794 
1018 0.975794 
1019 0.975794 
1020 0.975794 
1021 0.975794 
1022 0.975794 
1023 0.975794 
1024 0.975794 
1025 0.975629 
1026 0.975629 
1027 0.975629 
1028 0.975629 
1029 0.975629 
1030 0.975629 
1031 0.975629 
1032 0.975629 
1033 0.975810 
1034 0.975810 
1035 0.975810 
1036 0.975810 
1037 0.975810 
1038 0.975810 
1039 0.975810 
1040 0.975810 
1041 0.976862 
1042 0.976862 
1043 0.976862 
1044 0.976862 
1045 0.976862 
1046 0.976862 
1047 0.976862 
1048 0.976862 
1049 0.976536 
1050 0.976536 
1051 0.976536 
1052 0.976536 
1053 0.976536 
1054 0.976536 
1055 0.976536 
1056 0.976536 
1057 0.976607 
1058 0.976607 
1059 0.976607 
1060 0.976607 
1061 0.976607 
1062 0.976607 
1063 0.976607 
1064 0.976607 
1065 0.975987 
1066 0.975987 
1067 0.975987 
1068 0.975987 
1069 0.975987 
1070 0.975987 
1071 0.975987 
1072 0.975987 
1073 0.976034 
1074 0.976034 
1075 0.976034 
1076 0.976034 
1077 0.976034 
1078 0.976034 
1079 0.976034 
1080 0.976034 
1081 0.976316 
1082 0.976316 
1083 0.976316 
1084 0.976316 
1085 0.976316 
1086 0.976316 
1087 0.976316 
1088 0.976316 
1089 0.977353 
1090 0.977353 
1091 0.977353 
1092 0.977353 
1093 0.977353 
1094 0.977353 
1095 0.977353 
1096 0.977353 
1097 0.976717 
1098 0.976717 
1099 0.976717 
1100 0.976717 
1101 0.976717 
1102 0.976717 
1103 0.976717 
1104 0.976717 
1105 0.976587 
1106 0.976587 
1107 0.976587 
1108 0.976587 
1109 0.976587 
1110 0.976587 
1111 0.976587 
1112 0.976587 
1113 0.976316 
1114 0.976316 
1115 0.976316 
1116 0.976316 
1117 0.976316 
1118 0.976316 
1119 0.976316 
1120 0.976316 
1121 0.976230 
1122 0.976230 
1123 0.976230 
1124 0.976230 
1125 0.976230 
1126 0.976230 
1127 0.976230 
1128 0.976230 
1129 0.976744 
1130 0.976744 
1131 0.976744 
1132 0.976744 
1133 0.976744 
1134 0.976744 
1135 0.976744 
1136 0.976744 
1137 0.976776 
1138 0.976776 
1139 0.976776 
1140 0.976776 
1141 0.976776 
1142 0.976776 
1143 0.976776 
1144 0.976776 
1145 0.977200 
1146 0.977200 
1147 0.977200 
1148 0.977200 
1149 0.977200 
1150 0.977200 
1151 0.977200 
1152 0.977200 
1153 0.976984 
1154 0.976984 
1155 0.976984 
1156 0.976984 
1157 0.976984 
1158 0.976984 
1159 0.976984 
1160 0.976984 
1161 0.977325 
1162 0.977325 
1163 0.977325 
1164 0.977325 
1165 0.977325 
1166 0.977325 
1167 0.977325 
1168 0.977325 
1169 0.976968 
1170 0.976968 
1171 0.976968 
1172 0.976968 
1173 0.976968 
1174 0.976968 
1175 0.976968 
1176 0.976968 
1177 0.977168 
1178 0.977168 
1179 0.977168 
1180 0.977168 
1181 0.977168 
1182 0.977168 
1183 0.977168 
1184 0.977168 
1185 0.976159 
1186 0.976159 
1187 0.976159 
1188 0.976159 
1189 0.976159 
1190 0.976159 
1191 0.976159 
1192 0.976159 
1193 0.976517 
1194 0.976517 
1195 0.976517 
1196 0.976517 
1197 0.976517 
1198 0.976517 
1199 0.976517 
1200 0.976517 
1201 0.976748 
1202 0.976748 
1203 0.976748 
1204 0.976748 
1205 0.976748 
1206 0.976748 
1207 0.976748 
1208 0.976748 
1209 0.976909 
1210 0.976909 
1211 0.976909 
1212 0.976909 
1213 0.976909 
1214 0.976909 
1215 0.976909 
1216 0.976909 
1217 0.976752 
1218 0.976752 
1219 0.976752 
1220 0.976752 
1221 0.976752 
1222 0.976752 
1223 0.976752 
1224 0.976752 
1225 0.976462 
1226 0.976462 
1227 0.976462 
1228 0.976462 
1229 0.976462 
1230 0.976462 
1231 0.976462 
1232 0.976462 
1233 0.976438 
1234 0.976438 
1235 0.976438 
1236 0.976438 
1237 0.976438 
1238 0.976438 
1239 0.976438 
1240 0.976438 
1241 0.976399 
1242 0.976399 
1243 0.976399 
1244 0.976399 
1245 0.976399 
1246 0.976399 
1247 0.976399 
1248 0.976399 
1249 0.976454 
1250 0.976454 
1251 0.976454 
1252 0.976454 
1253 0.976454 
1254 0.976454 
1255 0.976454 
1256 0.976454 
1257 0.975794 
1258 0.975794 
1259 0.975794 
1260 0.975794 
1261 0.975794 
1262 0.975794 
1263 0.975794 
1264 0.975794 
1265 0.975861 
1266 0.975861 
1267 0.975861 
1268 0.975861 
1269 0.975861 
1270 0.975861 
1271 0.975861 
1272 0.975861 
1273 0.976324 
1274 0.976324 
1275 0.976324 
1276 0.976324 
1277 0.976324 
1278 0.976324 
1279 0.976324 
1280 0.976324 
1281 0.976568 
1282 0.976568 
1283 0.976568 
1284 0.976568 
1285 0.976568 
1286 0.976568 
1287 0.976568 
1288 0.976568 
1289 0.976226 
1290 0.976226 
1291 0.976226 
1292 0.976226 
1293 0.976226 
1294 0.976226 
1295 0.976226 
1296 0.976226 
1297 0.976462 
1298 0.976462 
1299 0.976462 
1300 0.976462 
1301 0.976462 
1302 0.976462 
1303 0.976462 
1304 0.976462 
1305 0.976705 
1306 0.976705 
1307 0.976705 
1308 0.976705 
1309 0.976705 
1310 0.976705 
1311 0.976705 
1312 0.976705 
1313 0.977039 
1314 0.977039 
1315 0.977039 
1316 0.977039 
1317 0.977039 
1318 0.977039 
1319 0.977039 
1320 0.977039 
1321 0.977102 
1322 0.977102 
1323 0.977102 
1324 0.977102 
1325 0.977102 
1326 0.977102 
1327 0.977102 
1328 0.977102 
1329 0.977227 
1330 0.977227 
1331 0.977227 
1332 0.977227 
1333 0.977227 
1334 0.977227 
1335 0.977227 
1336 0.977227 
1337 0.977561 
1338 0.977561 
1339 0.977561 
1340 0.977561 
1341 0.977561 
1342 0.977561 
1343 0.977561 
1344 0.977561 
1345 0.977133 
1346 0.977133 
1347 0.977133 
1348 0.977133 
1349 0.977133 
1350 0.977133 
1351 0.977133 
1352 0.977133 
1353 0.977247 
1354 0.977247 
1355 0.977247 
1356 0.977247 
1357 0.977247 
1358 0.977247 
1359 0.977247 
1360 0.977247 
1361 0.977447 
1362 0.977447 
1363 0.977447 
1364 0.977447 
1365 0.977447 
1366 0.977447 
1367 0.977447 
1368 0.977447 
1369 0.977667 
1370 0.977667 
1371 0.977667 
1372 0.977667 
1373 0.977667 
1374 0.977667 
1375 0.977667 
1376 0.977667 
1377 0.977423 
1378 0.977423 
1379 0.977423 
1380 0.977423 
1381 0.977423 
1382 0.977423 
1383 0.977423 
1384 0.977423 
1385 0.976964 
1386 0.976964 
1387 0.976964 
1388 0.976964 
1389 0.976964 
1390 0.976964 
1391 0.976964 
1392 0.976964 
1393 0.977266 
1394 0.977266 
1395 0.977266 
1396 0.977266 
1397 0.977266 
1398 0.977266 
1399 0.977266 
1400 0.977266 
1401 0.978130 
1402 0.978130 
1403 0.978130 
1404 0.978130 
1405 0.978130 
1406 0.978130 
1407 0.978130 
1408 0.978130 
1409 0.978256 
1410 0.978256 
1411 0.978256 
1412 0.978256 
1413 0.978256 
1414 0.978256 
1415 0.978256 
1416 0.978256 
1417 0.978279 
1418 0.978279 
1419 0.978279 
1420 0.978279 
1421 0.978279 
1422 0.978279 
1423 0.978279 
1424 0.978279 
1425 0.978699 
1426 0.978699 
1427 0.978699 
1428 0.978699 
1429 0.978699 
1430 0.978699 
1431 0.978699 
1432 0.978699 
1433 0.978279 
1434 0.978279 
1435 0.978279 
1436 0.978279 
1437 0.978279 
1438 0.978279 
1439 0.978279 
1440 0.978279 
1441 0.977133 
1442 0.977133 
1443 0.977133 
1444 0.977133 
1445 0.977133 
1446 0.977133 
1447 0.977133 
1448 0.977133 
1449 0.977211 
1450 0.977211 
1451 0.977211 
1452 0.977211 
1453 0.977211 
1454 0.977211 
1455 0.977211 
1456 0.977211 
1457 0.976831 
1458 0.976831 
1459 0.976831 
1460 0.976831 
1461 0.976831 
1462 0.976831 
1463 0.976831 
1464 0.976831 
1465 0.978036 
1466 0.978036 
1467 0.978036 
1468 0.978036 
1469 0.978036 
1470 0.978036 
1471 0.978036 
1472 0.978036 
1473 0.979221 
1474 0.979221 
1475 0.979221 
1476 0.979221 
1477 0.979221 
1478 0.979221 
1479 0.979221 
1480 0.979221 
1481 0.979457 
1482 0.979457 
1483 0.979457 
1484 0.979457 
1485 0.979457 
1486 0.979457 
1487 0.979457 
1488 0.979457 
1489 0.978534 
1490 0.978534 
1491 0.978534 
1492 0.978534 
1493 0.978534 
1494 0.978534 
1495 0.978534 
1496 0.978534 
1497 0.980042 
1498 0.980042 
1499 0.980042 
1500 0.980042 
1501 0.980042 
1502 0.980042 
1503 0.980042 
1504 0.980042 
1505 0.984081 
1506 0.984081 
1507 0.984081 
1508 0.984081 
1509 0.984081 
1510 0.984081 
1511 0.984081 
1512 0.984081 
1513 0.985106 
1514 0.985106 
1515 0.985106 
1516 0.985106 
1517 0.985106 
1518 0.985106 
1519 0.985106 
1520 0.985106 
1521 0.986971 
1522 0.986971 
1523 0.986971 
1524 0.986971 
1525 0.986971 
1526 0.986971 
1527 0.986971 
1528 0.986971 
1529 0.987756 
1530 0.987756 
1531 0.987756 
1532 0.987756 
1533 0.987756 
1534 0.987756 
1535 0.987756 
1536 0.987756 
1537 0.987795 
1538 0.987795 
1539 0.987795 
1540 0.987795 
1541 0.987795 
1542 0.987795 
1543 0.987795 
1544 0.987795 
1545 0.985432 
1546 0.985432 
1547 0.985432 
1548 0.985432 
1549 0.985432 
1550 0.985432 
1551 0.985432 
1552 0.985432 
1553 0.985738 
1554 0.985738 
1555 0.985738 
1556 0.985738 
1557 0.985738 
1558 0.985738 
1559 0.985738 
1560 0.985738 
1561 0.986154 
1562 0.986154 
1563 0.986154 
1564 0.986154 
1565 0.986154 
1566 0.986154 
1567 0.986154 
1568 0.986154 
1569 0.984317 
1570 0.984317 
1571 0.984317 
1572 0.984317 
1573 0.984317 
1574 0.984317 
1575 0.984317 
1576 0.984317 
1577 0.984313 
1578 0.984313 
1579 0.984313 
1580 0.984313 
1581 0.984313 
1582 0.984313 
1583 0.984313 
1584 0.984313 
1585 0.982802 
1586 0.982802 
1587 0.982802 
1588 0.982802 
1589 0.982802 
1590 0.982802 
1591 0.982802 
1592 0.982802 
1593 0.983862 
1594 0.983862 
1595 0.983862 
1596 0.983862 
1597 0.983862 
1598 0.983862 
1599 0.983862 
1600 0.983862 
1601 0.983457 
1602 0.983457 
1603 0.983457 
1604 0.983457 
1605 0.983457 
1606 0.983457 
1607 0.983457 
1608 0.983457 
1609 0.984486 
1610 0.984486 
1611 0.984486 
1612 0.984486 
1613 0.984486 
1614 0.984486 
1615 0.984486 
1616 0.984486 
1617 0.987666 
1618 0.987666 
1619 0.987666 
1620 0.987666 
1621 0.987666 
1622 0.987666 
1623 0.987666 
1624 0.987666 
1625 0.988466 
1626 0.988466 
1627 0.988466 
1628 0.988466 
1629 0.988466 
1630 0.988466 
1631 0.988466 
1632 0.988466 
1633 0.988914 
1634 0.988914 
1635 0.988914 
1636 0.988914 
1637 0.988914 
1638 0.988914 
1639 0.988914 
1640 0.988914 
1641 0.989585 
1642 0.989585 
1643 0.989585 
1644 0.989585 
1645 0.989585 
1646 0.989585 
1647 0.989585 
1648 0.989585 
1649 0.989208 
1650 0.989208 
1651 0.989208 
1652 0.989208 
1653 0.989208 
1654 0.989208 
1655 0.989208 
1656 0.989208 
1657 0.988824 
1658 0.988824 
1659 0.988824 
1660 0.988824 
1661 0.988824 
1662 0.988824 
1663 0.988824 
1664 0.988824 
1665 0.986692 
1666 0.986692 
1667 0.986692 
1668 0.986692 
1669 0.986692 
1670 0.986692 
1671 0.986692 
1672 0.986692 
1673 0.986072 
1674 0.986072 
1675 0.986072 
1676 0.986072 
1677 0.986072 
1678 0.986072 
1679 0.986072 
1680 0.986072 
1681 0.981769 
1682 0.981769 
1683 0.981769 
1684 0.981769 
1685 0.981769 
1686 0.981769 
1687 0.981769 
1688 0.981769 
1689 0.975940 
1690 0.975940 
1691 0.975940 
1692 0.975940 
1693 0.975940 
1694 0.975940 
1695 0.975940 
1696 0.975940 
1697 0.977600 
1698 0.977600 
1699 0.977600 
1700 0.977600 
1701 0.977600 
1702 0.977600 
1703 0.977600 
1704 0.977600 
1705 0.979312 
1706 0.979312 
1707 0.979312 
1708 0.979312 
1709 0.979312 
1710 0.979312 
1711 0.979312 
1712 0.979312 
1713 0.971959 
1714 0.971959 
1715 0.971959 
1716 0.971959 
1717 0.971959 
1718 0.971959 
1719 0.971959 
1720 0.971959 
1721 0.959746 
1722 0.959746 
1723 0.959746 
1724 0.959746 
1725 0.959746 
1726 0.959746 
1727 0.959746 
1728 0.959746 
1729 0.975476 
1730 0.975476 
1731 0.975476 
1732 0.975476 
1733 0.975476 
1734 0.975476 
1735 0.975476 
1736 0.975476 
1737 0.933852 
1738 0.933852 
1739 0.933852 
1740 0.933852 
1741 0.933852 
1742 0.933852 
1743 0.933852 
1744 0.933852 
1745 0.880228 
1746 0.880228 
1747 0.880228 
1748 0.880228 
1749 0.880228 
1750 0.880228 
1751 0.880228 
1752 0.880228 
1753 0.699061 
1754 0.699061 
1755 0.699061 
1756 0.699061 
1757 0.699061 
1758 0.699061 
1759 0.699061 
1760 0.699061 
1761 0.693306 
1762 0.693306 
1763 0.693306 
1764 0.693306 
1765 0.693306 
1766 0.693306 
1767 0.693306 
1768 0.693306 
1769 0.709037 
1770 0.709037 
1771 0.709037 
1772 0.709037 
1773 0.709037 
1774 0.709037 
1775 0.709037 
1776 0.709037 
1777 0.817476 
1778 0.817476 
1779 0.817476 
1780 0.817476 
1781 0.817476 
1782 0.817476 
1783 0.817476 
1784 0.817476 
1785 0.807740 
1786 0.807740 
1787 0.807740 
1788 0.807740 
1789 0.807740 
1790 0.807740 
1791 0.807740 
1792 0.807740 
1793 0.771376 
1794 0.771376 
1795 0.771376 
1796 0.771376 
1797 0.771376 
1798 0.771376 
1799 0.771376 
1800 0.771376 
1801 0.767988 
1802 0.767988 
1803 0.767988 
1804 0.767988 
1805 0.767988 
1806 0.767988 
1807 0.767988 
1808 0.767988 
1809 0.788249 
1810 0.788249 
1811 0.788249 
1812 0.788249 
1813 0.788249 
1814 0.788249 
1815 0.788249 
1816 0.788249 
1817 0.747182 
1818 0.747182 
1819 0.747182 
1820 0.747182 
1821 0.747182 
1822 0.747182 
1823 0.747182 
1824 0.747182 
1825 0.721057 
1826 0.721057 
1827 0.721057 
1828 0.721057 
1829 0.721057 
1830 0.721057 
1831 0.721057 
1832 0.721057 
1833 0.704161 
1834 0.704161 
1835 0.704161 
1836 0.704161 
1837 0.704161 
1838 0.704161 
1839 0.704161 
1840 0.704161 
1841 0.612567 
1842 0.612567 
1843 0.612567 
1844 0.612567 
1845 0.612567 
1846 0.612567 
1847 0.612567 
1848 0.612567 
1849 0.555786 
1850 0.555786 
1851 0.555786 
1852 0.555786 
1853 0.555786 
1854 0.555786 
1855 0.555786 
1856 0.555786 
1857 0.556795 
1858 0.556795 
1859 0.556795 
1860 0.556795 
1861 0.556795 
1862 0.556795 
1863 0.556795 
1864 0.556795 
1865 0.602808 
1866 0.602808 
1867 0.602808 
1868 0.602808 
1869 0.602808 
1870 0.602808 
1871 0.602808 
1872 0.602808 
1873 0.678836 
1874 0.678836 
1875 0.678836 
1876 0.678836 
1877 0.678836 
1878 0.678836 
1879 0.678836 
1880 0.678836 
1881 0.761912 
1882 0.761912 
1883 0.761912 
1884 0.761912 
1885 0.761912 
1886 0.761912 
1887 0.761912 
1888 0.761912 
1889 0.658014 
1890 0.658014 
1891 0.658014 
1892 0.658014 
1893 0.658014 
1894 0.658014 
1895 0.658014 
1896 0.658014 
1897 0.659243 
1898 0.659243 
1899 0.659243 
1900 0.659243 
1901 0.659243 
1902 0.659243 
1903 0.659243 
1904 0.659243 
1905 0.762367 
1906 0.762367 
1907 0.762367 
1908 0.762367 
1909 0.762367 
1910 0.762367 
1911 0.762367 
1912 0.762367 
1913 0.847287 
1914 0.847287 
1915 0.847287 
1916 0.847287 
1917 0.847287 
1918 0.847287 
1919 0.847287 
1920 0.847287 
1921 0.861427 
1922 0.861427 
1923 0.861427 
1924 0.861427 
1925 0.861427 
1926 0.861427 
1927 0.861427 
1928 0.861427 
1929 0.636529 
1930 0.636529 
1931 0.636529 
1932 0.636529 
1933 0.636529 
1934 0.636529 
1935 0.636529 
1936 0.636529 
1937 0.438836 
1938 0.438836 
1939 0.438836 
1940 0.438836 
1941 0.438836 
1942 0.438836 
1943 0.438836 
1944 0.438836 
1945 0.371381 
1946 0.371381 
1947 0.371381 
1948 0.371381 
1949 0.371381 
1950 0.371381 
1951 0.371381 
1952 0.371381 
1953 0.289095 
1954 0.289095 
1955 0.289095 
1956 0.289095 
1957 0.289095 
1958 0.289095 
1959 0.289095 
1960 0.289095 
1961 0.165581 
1962 0.165581 
1963 0.165581 
1964 0.165581 
1965 0.165581 
1966 0.165581 
1967 0.165581 
1968 0.165581 
1969 0.134258 
1970 0.134258 
1971 0.134258 
1972 0.134258 
1973 0.134258 
1974 0.134258 
1975 0.134258 
1976 0.134258 
1977 0.112683 
1978 0.112683 
1979 0.112683 
1980 0.112683 
1981 0.112683 
1982 0.112683 
1983 0.112683 
1984 0.112683 
1985 0.085615 
1986 0.085615 
1987 0.085615 
1988 0.085615 
1989 0.085615 
1990 0.085615 
1991 0.085615 
1992 0.085615 
1993 0.080421 
1994 0.080421 
1995 0.080421 
1996 0.080421 
1997 0.080421 
1998 0.080421 
1999 0.080421 
2000 0.080421 
2001 0.132535 
2002 0.132535 
2003 0.132535 
2004 0.132535 
2005 0.132535 
2006 0.132535 
2007 0.132535 
2008 0.132535 
2009 0.329710 
2010 0.329710 
2011 0.329710 
2012 0.329710 
2013 0.329710 
2014 0.329710 
2015 0.329710 
2016 0.329710 
2017 0.595423 
2018 0.595423 
2019 0.595423 
2020 0.595423 
2021 0.595423 
2022 0.595423 
2023 0.595423 
2024 0.595423 
2025 0.844202 
2026 0.844202 
2027 0.844202 
2028 0.844202 
2029 0.844202 
2030 0.844202 
2031 0.844202 
2032 0.844202 
2033 0.909203 
2034 0.909203 
2035 0.909203 
2036 0.909203 
2037 0.909203 
2038 0.909203 
2039 0.909203 
2040 0.909203 
2041 0.805808 
2042 0.805808 
2043 0.805808 
2044 0.805808 
2045 0.805808 
2046 0.805808 
2047 0.805808 
2048 0.805808 
2049 0.463650 
2050 0.463650 
2051 0.463650 
2052 0.463650 
2053 0.463650 
2054 0.463650 
2055 0.463650 
2056 0.463650 
2057 0.330990 
2058 0.330990 
2059 0.330990 
2060 0.330990 
2061 0.330990 
2062 0.330990 
2063 0.330990 
2064 0.330990 
2065 0.211127 
2066 0.211127 
2067 0.211127 
2068 0.211127 
2069 0.211127 
2070 0.211127 
2071 0.211127 
2072 0.211127 
2073 0.126328 
2074 0.126328 
2075 0.126328 
2076 0.126328 
2077 0.126328 
2078 0.126328 
2079 0.126328 
2080 0.126328 
2081 0.094468 
2082 0.094468 
2083 0.094468 
2084 0.094468 
2085 0.094468 
2086 0.094468 
2087 0.094468 
2088 0.094468 
2089 0.086942 
2090 0.086942 
2091 0.086942 
2092 0.086942 
2093 0.086942 
2094 0.086942 
2095 0.086942 
2096 0.086942 
2097 0.087209 
2098 0.087209 
2099 0.087209 
2100 0.087209 
2101 0.087209 
2102 0.087209 
2103 0.087209 
2104 0.087209 
2105 0.135412 
2106 0.135412 
2107 0.135412 
2108 0.135412 
2109 0.135412 
2110 0.135412 
2111 0.135412 
2112 0.135412 
2113 0.260567 
2114 0.260567 
2115 0.260567 
2116 0.260567 
2117 0.260567 
2118 0.260567 
2119 0.260567 
2120 0.260567 
2121 0.890713 
2122 0.890713 
2123 0.890713 
2124 0.890713 
2125 0.890713 
2126 0.890713 
2127 0.890713 
2128 0.890713 
2129 0.983673 
2130 0.983673 
2131 0.983673 
2132 0.983673 
2133 0.983673 
2134 0.983673 
2135 0.983673 
2136 0.983673 
2137 0.991203 
2138 0.991203 
2139 0.991203 
2140 0.991203 
2141 0.991203 
2142 0.991203 
2143 0.991203 
2144 0.991203 
2145 0.993370 
2146 0.993370 
2147 0.993370 
2148 0.993370 
2149 0.993370 
2150 0.993370 
2151 0.993370 
2152 0.993370 
2153 0.992718 
2154 0.992718 
2155 0.992718 
2156 0.992718 
2157 0.992718 
2158 0.992718 
2159 0.992718 
2160 0.992718 
2161 0.944726 
2162 0.944726 
2163 0.944726 
2164 0.944726 
2165 0.944726 
2166 0.944726 
2167 0.944726 
2168 0.944726 
2169 0.937809 
2170 0.937809 
2171 0.937809 
2172 0.937809 
2173 0.937809 
2174 0.937809 
2175 0.937809 
2176 0.937809 
2177 0.759407 
2178 0.759407 
2179 0.759407 
2180 0.759407 
2181 0.759407 
2182 0.759407 
2183 0.759407 
2184 0.759407 
2185 0.160611 
2186 0.160611 
2187 0.160611 
2188 0.160611 
2189 0.160611 
2190 0.160611 
2191 0.160611 
2192 0.160611 
2193 0.118379 
2194 0.118379 
2195 0.118379 
2196 0.118379 
2197 0.118379 
2198 0.118379 
2199 0.118379 
2200 0.118379 
2201 0.096438 
2202 0.096438 
2203 0.096438 
2204 0.096438 
2205 0.096438 
2206 0.096438 
2207 0.096438 
2208 0.096438 
2209 0.095861 
2210 0.095861 
2211 0.095861 
2212 0.095861 
2213 0.095861 
2214 0.095861 
2215 0.095861 
2216 0.095861 
2217 0.114320 
2218 0.114320 
2219 0.114320 
2220 0.114320 
2221 0.114320 
2222 0.114320 
2223 0.114320 
2224 0.114320 
2225 0.114689 
2226 0.114689 
2227 0.114689 
2228 0.114689 
2229 0.114689 
2230 0.114689 
2231 0.114689 
2232 0.114689 
2233 0.117790 
2234 0.117790 
2235 0.117790 
2236 0.117790 
2237 0.117790 
2238 0.117790 
2239 0.117790 
2240 0.117790 
2241 0.111101 
2242 0.111101 
2243 0.111101 
2244 0.111101 
2245 0.111101 
2246 0.111101 
2247 0.111101 
2248 0.111101 
2249 0.115305 
2250 0.115305 
2251 0.115305 
2252 0.115305 
2253 0.115305 
2254 0.115305 
2255 0.115305 
2256 0.115305 
2257 0.121064 
2258 0.121064 
2259 0.121064 
2260 0.121064 
2261 0.121064 
2262 0.121064 
2263 0.121064 
2264 0.121064 
2265 0.123702 
2266 0.123702 
2267 0.123702 
2268 0.123702 
2269 0.123702 
2270 0.123702 
2271 0.123702 
2272 0.123702 
2273 0.211037 
2274 0.211037 
2275 0.211037 
2276 0.211037 
2277 0.211037 
2278 0.211037 
2279 0.211037 
2280 0.211037 
2281 0.282727 
2282 0.282727 
2283 0.282727 
2284 0.282727 
2285 0.282727 
2286 0.282727 
2287 0.282727 
2288 0.282727 
2289 0.339104 
2290 0.339104 
2291 0.339104 
2292 0.339104 
2293 0.339104 
2294 0.339104 
2295 0.339104 
2296 0.339104 
2297 0.309658 
2298 0.309658 
2299 0.309658 
2300 0.309658 
2301 0.309658 
2302 0.309658 
2303 0.309658 
2304 0.309658 
2305 0.280235 
2306 0.280235 
2307 0.280235 
2308 0.280235 
2309 0.280235 
2310 0.280235 
2311 0.280235 
2312 0.280235 
2313 0.258243 
2314 0.258243 
2315 0.258243 
2316 0.258243 
2317 0.258243 
2318 0.258243 
2319 0.258243 
2320 0.258243 
2321 0.215512 
2322 0.215512 
2323 0.215512 
2324 0.215512 
2325 0.215512 
2326 0.215512 
2327 0.215512 
2328 0.215512 
2329 0.173020 
2330 0.173020 
2331 0.173020 
2332 0.173020 
2333 0.173020 
2334 0.173020 
2335 0.173020 
2336 0.173020 
2337 0.174363 
2338 0.174363 
2339 0.174363 
2340 0.174363 
2341 0.174363 
2342 0.174363 
2343 0.174363 
2344 0.174363 
2345 0.150051 
2346 0.150051 
2347 0.150051 
2348 0.150051 
2349 0.150051 
2350 0.150051 
2351 0.150051 
2352 0.150051 
2353 0.170830 
2354 0.170830 
2355 0.170830 
2356 0.170830 
2357 0.170830 
2358 0.170830 
2359 0.170830 
2360 0.170830 
2361 0.155567 
2362 0.155567 
2363 0.155567 
2364 0.155567 
2365 0.155567 
2366 0.155567 
2367 0.155567 
2368 0.155567 
2369 0.144516 
2370 0.144516 
2371 0.144516 
2372 0.144516 
2373 0.144516 
2374 0.144516 
2375 0.144516 
2376 0.144516 
2377 0.130117 
2378 0.130117 
2379 0.130117 
2380 0.130117 
2381 0.130117 
2382 0.130117 
2383 0.130117 
2384 0.130117 
2385 0.231234 
2386 0.231234 
2387 0.231234 
2388 0.231234 
2389 0.231234 
2390 0.231234 
2391 0.231234 
2392 0.231234 
2393 0.312908 
2394 0.312908 
2395 0.312908 
2396 0.312908 
2397 0.312908 
2398 0.312908 
2399 0.312908 
2400 0.312908 
2401 0.597696 
2402 0.597696 
2403 0.597696 
2404 0.597696 
2405 0.597696 
2406 0.597696 
2407 0.597696 
2408 0.597696 
2409 0.593056 
2410 0.593056 
2411 0.593056 
2412 0.593056 
2413 0.593056 
2414 0.593056 
2415 0.593056 
2416 0.593056 
2417 0.153569 
2418 0.153569 
2419 0.153569 
2420 0.153569 
2421 0.153569 
2422 0.153569 
2423 0.153569 
2424 0.153569 
2425 0.087653 
2426 0.087653 
2427 0.087653 
2428 0.087653 
2429 0.087653 
2430 0.087653 
2431 0.087653 
2432 0.087653 
2433 0.125975 
2434 0.125975 
2435 0.125975 
2436 0.125975 
2437 0.125975 
2438 0.125975 
2439 0.125975 
2440 0.125975 
2441 0.252445 
2442 0.252445 
2443 0.252445 
2444 0.252445 
2445 0.252445 
2446 0.252445 
2447 0.252445 
2448 0.252445 
2449 0.239871 
2450 0.239871 
2451 0.239871 
2452 0.239871 
2453 0.239871 
2454 0.239871 
2455 0.239871 
2456 0.239871 
2457 0.194038 
2458 0.194038 
2459 0.194038 
2460 0.194038 
2461 0.194038 
2462 0.194038 
2463 0.194038 
2464 0.194038 
2465 0.152999 
2466 0.152999 
2467 0.152999 
2468 0.152999 
2469 0.152999 
2470 0.152999 
2471 0.152999 
2472 0.152999 
2473 0.136822 
2474 0.136822 
2475 0.136822 
2476 0.136822 
2477 0.136822 
2478 0.136822 
2479 0.136822 
2480 0.136822 
2481 0.174803 
2482 0.174803 
2483 0.174803 
2484 0.174803 
2485 0.174803 
2486 0.174803 
2487 0.174803 
2488 0.174803 
2489 0.162193 
2490 0.162193 
2491 0.162193 
2492 0.162193 
2493 0.162193 
2494 0.162193 
2495 0.162193 
2496 0.162193 
2497 0.157227 
2498 0.157227 
2499 0.157227 
2500 0.157227 
2501 0.157227 
2502 0.157227 
2503 0.157227 
2504 0.157227 
2505 0.147904 
2506 0.147904 
2507 0.147904 
2508 0.147904 
2509 0.147904 
2510 0.147904 
2511 0.147904 
2512 0.147904 
2513 0.254023 
2514 0.254023 
2515 0.254023 
2516 0.254023 
2517 0.254023 
2518 0.254023 
2519 0.254023 
2520 0.254023 
2521 0.293225 
2522 0.293225 
2523 0.293225 
2524 0.293225 
2525 0.293225 
2526 0.293225 
2527 0.293225 
2528 0.293225 
2529 0.324744 
2530 0.324744 
2531 0.324744 
2532 0.324744 
2533 0.324744 
2534 0.324744 
2535 0.324744 
2536 0.324744 
2537 0.298670 
2538 0.298670 
2539 0.298670 
2540 0.298670 
2541 0.298670 
2542 0.298670 
2543 0.298670 
2544 0.298670 
2545 0.177252 
2546 0.177252 
2547 0.177252 
2548 0.177252 
2549 0.177252 
2550 0.177252 
2551 0.177252 
2552 0.177252 
2553 0.140296 
2554 0.140296 
2555 0.140296 
2556 0.140296 
2557 0.140296 
2558 0.140296 
2559 0.140296 
2560 0.140296 
2561 0.179616 
2562 0.179616 
2563 0.179616 
2564 0.179616 
2565 0.179616 
2566 0.179616 
2567 0.179616 
2568 0.179616 
2569 0.183423 
2570 0.183423 
2571 0.183423 
2572 0.183423 
2573 0.183423 
2574 0.183423 
2575 0.183423 
2576 0.183423 
2577 0.189335 
2578 0.189335 
2579 0.189335 
2580 0.189335 
2581 0.189335 
2582 0.189335 
2583 0.189335 
2584 0.189335 
2585 0.195829 
2586 0.195829 
2587 0.195829 
2588 0.195829 
2589 0.195829 
2590 0.195829 
2591 0.195829 
2592 0.195829 
2593 0.196417 
2594 0.196417 
2595 0.196417 
2596 0.196417 
2597 0.196417 
2598 0.196417 
2599 0.196417 
2600 0.196417 
2601 0.203590 
2602 0.203590 
2603 0.203590 
2604 0.203590 
2605 0.203590 
2606 0.203590 
2607 0.203590 
2608 0.203590 
2609 0.213039 
2610 0.213039 
2611 0.213039 
2612 0.213039 
2613 0.213039 
2614 0.213039 
2615 0.213039 
2616 0.213039 
2617 0.233401 
2618 0.233401 
2619 0.233401 
2620 0.233401 
2621 0.233401 
2622 0.233401 
2623 0.233401 
2624 0.233401 
2625 0.264991 
2626 0.264991 
2627 0.264991 
2628 0.264991 
2629 0.264991 
2630 0.264991 
2631 0.264991 
2632 0.264991 
2633 0.324756 
2634 0.324756 
2635 0.324756 
2636 0.324756 
2637 0.324756 
2638 0.324756 
2639 0.324756 
2640 0.324756 
2641 0.360389 
2642 0.360389 
2643 0.360389 
2644 0.360389 
2645 0.360389 
2646 0.360389 
2647 0.360389 
2648 0.360389 
2649 0.513204 
2650 0.513204 
2651 0.513204 
2652 0.513204 
2653 0.513204 
2654 0.513204 
2655 0.513204 
2656 0.513204 
2657 0.710442 
2658 0.710442 
2659 0.710442 
2660 0.710442 
2661 0.710442 
2662 0.710442 
2663 0.710442 
2664 0.710442 
2665 0.743696 
2666 0.743696 
2667 0.743696 
2668 0.743696 
2669 0.743696 
2670 0.743696 
2671 0.743696 
2672 0.743696 
2673 0.672626 
2674 0.672626 
2675 0.672626 
2676 0.672626 
2677 0.672626 
2678 0.672626 
2679 0.672626 
2680 0.672626 
2681 0.438659 
2682 0.438659 
2683 0.438659 
2684 0.438659 
2685 0.438659 
2686 0.438659 
2687 0.438659 
2688 0.438659 
2689 0.265085 
2690 0.265085 
2691 0.265085 
2692 0.265085 
2693 0.265085 
2694 0.265085 
2695 0.265085 
2696 0.265085 
2697 0.241822 
2698 0.241822 
2699 0.241822 
2700 0.241822 
2701 0.241822 
2702 0.241822 
2703 0.241822 
2704 0.241822 
2705 0.225130 
2706 0.225130 
2707 0.225130 
2708 0.225130 
2709 0.225130 
2710 0.225130 
2711 0.225130 
2712 0.225130 
2713 0.217439 
2714 0.217439 
2715 0.217439 
2716 0.217439 
2717 0.217439 
2718 0.217439 
2719 0.217439 
2720 0.217439 
2721 0.181512 
2722 0.181512 
2723 0.181512 
2724 0.181512 
2725 0.181512 
2726 0.181512 
2727 0.181512 
2728 0.181512 
2729 0.198741 
2730 0.198741 
2731 0.198741 
2732 0.198741 
2733 0.198741 
2734 0.198741 
2735 0.198741 
2736 0.198741 
2737 0.265439 
2738 0.265439 
2739 0.265439 
2740 0.265439 
2741 0.265439 
2742 0.265439 
2743 0.265439 
2744 0.265439 
2745 0.283783 
2746 0.283783 
2747 0.283783 
2748 0.283783 
2749 0.283783 
2750 0.283783 
2751 0.283783 
2752 0.283783 
2753 0.317529 
2754 0.317529 
2755 0.317529 
2756 0.317529 
2757 0.317529 
2758 0.317529 
2759 0.317529 
2760 0.317529 
2761 0.372586 
2762 0.372586 
2763 0.372586 
2764 0.372586 
2765 0.372586 
2766 0.372586 
2767 0.372586 
2768 0.372586 
2769 0.368967 
2770 0.368967 
2771 0.368967 
2772 0.368967 
2773 0.368967 
2774 0.368967 
2775 0.368967 
2776 0.368967 
2777 0.371181 
2778 0.371181 
2779 0.371181 
2780 0.371181 
2781 0.371181 
2782 0.371181 
2783 0.371181 
2784 0.371181 
2785 0.425226 
2786 0.425226 
2787 0.425226 
2788 0.425226 
2789 0.425226 
2790 0.425226 
2791 0.425226 
2792 0.425226 
2793 0.428178 
2794 0.428178 
2795 0.428178 
2796 0.428178 
2797 0.428178 
2798 0.428178 
2799 0.428178 
2800 0.428178 
2801 0.436214 
2802 0.436214 
2803 0.436214 
2804 0.436214 
2805 0.436214 
2806 0.436214 
2807 0.436214 
2808 0.436214 
2809 0.446471 
2810 0.446471 
2811 0.446471 
2812 0.446471 
2813 0.446471 
2814 0.446471 
2815 0.446471 
2816 0.446471 
2817 0.466406 
2818 0.466406 
2819 0.466406 
2820 0.466406 
2821 0.466406 
2822 0.466406 
2823 0.466406 
2824 0.466406 
2825 0.474006 
2826 0.474006 
2827 0.474006 
2828 0.474006 
2829 0.474006 
2830 0.474006 
2831 0.474006 
2832 0.474006 
2833 0.482168 
2834 0.482168 
2835 0.482168 
2836 0.482168 
2837 0.482168 
2838 0.482168 
2839 0.482168 
2840 0.482168 
2841 0.463737 
2842 0.463737 
2843 0.463737 
2844 0.463737 
2845 0.463737 
2846 0.463737 
2847 0.463737 
2848 0.463737 
2849 0.467521 
2850 0.467521 
2851 0.467521 
2852 0.467521 
2853 0.467521 
2854 0.467521 
2855 0.467521 
2856 0.467521 
2857 0.482882 
2858 0.482882 
2859 0.482882 
2860 0.482882 
2861 0.482882 
2862 0.482882 
2863 0.482882 
2864 0.482882 
2865 0.503044 
2866 0.503044 
2867 0.503044 
2868 0.503044 
2869 0.503044 
2870 0.503044 
2871 0.503044 
2872 0.503044 
2873 0.506047 
2874 0.506047 
2875 0.506047 
2876 0.506047 
2877 0.506047 
2878 0.506047 
2879 0.506047 
2880 0.506047 
2881 0.513149 
2882 0.513149 
2883 0.513149 
2884 0.513149 
2885 0.513149 
2886 0.513149 
2887 0.513149 
2888 0.513149 
2889 0.499315 
2890 0.499315 
2891 0.499315 
2892 0.499315 
2893 0.499315 
2894 0.499315 
2895 0.499315 
2896 0.499315 
2897 0.486596 
2898 0.486596 
2899 0.486596 
2900 0.486596 
2901 0.486596 
2902 0.486596 
2903 0.486596 
2904 0.486596 
2905 0.481229 
2906 0.481229 
2907 0.481229 
2908 0.481229 
2909 0.481229 
2910 0.481229 
2911 0.481229 
2912 0.481229 
2913 0.489261 
2914 0.489261 
2915 0.489261 
2916 0.489261 
2917 0.489261 
2918 0.489261 
2919 0.489261 
2920 0.489261 
2921 0.500767 
2922 0.500767 
2923 0.500767 
2924 0.500767 
2925 0.500767 
2926 0.500767 
2927 0.500767 
2928 0.500767 
2929 0.514833 
2930 0.514833 
2931 0.514833 
2932 0.514833 
2933 0.514833 
2934 0.514833 
2935 0.514833 
2936 0.514833 
2937 0.543349 
2938 0.543349 
2939 0.543349 
2940 0.543349 
2941 0.543349 
2942 0.543349 
2943 0.543349 
2944 0.543349 
2945 0.547350 
2946 0.547350 
2947 0.547350 
2948 0.547350 
2949 0.547350 
2950 0.547350 
2951 0.547350 
2952 0.547350 
2953 0.569777 
2954 0.569777 
2955 0.569777 
2956 0.569777 
2957 0.569777 
2958 0.569777 
2959 0.569777 
2960 0.569777 
2961 0.491935 
2962 0.491935 
2963 0.491935 
2964 0.491935 
2965 0.491935 
2966 0.491935 
2967 0.491935 
2968 0.491935 
2969 0.847020 
2970 0.847020 
2971 0.847020 
2972 0.847020 
2973 0.847020 
2974 0.847020 
2975 0.847020 
2976 0.847020 
2977 0.952892 
2978 0.952892 
2979 0.952892 
2980 0.952892 
2981 0.952892 
2982 0.952892 
2983 0.952892 
2984 0.952892 
2985 0.985809 
2986 0.985809 
2987 0.985809 
2988 0.985809 
2989 0.985809 
2990 0.985809 
2991 0.985809 
2992 0.985809 
2993 0.986971 
2994 0.986971 
2995 0.986971 
2996 0.986971 
2997 0.986971 
2998 0.986971 
2999 0.986971 
3000 0.986971 
3001 0.989766 
3002 0.989766 
3003 0.989766 
3004 0.989766 
3005 0.989766 
3006 0.989766 
3007 0.989766 
3008 0.989766 
3009 0.990241 
3010 0.990241 
3011 0.990241 
3012 0.990241 
3013 0.990241 
3014 0.990241 
3015 0.990241 
3016 0.990241 
3017 0.989263 
3018 0.989263 
3019 0.989263 
3020 0.989263 
3021 0.989263 
3022 0.989263 
3023 0.989263 
3024 0.989263 
3025 0.987226 
3026 0.987226 
3027 0.987226 
3028 0.987226 
3029 0.987226 
3030 0.987226 
3031 0.987226 
3032 0.987226 
3033 0.985656 
3034 0.985656 
3035 0.985656 
3036 0.985656 
3037 0.985656 
3038 0.985656 
3039 0.985656 
3040 0.985656 
3041 0.985879 
3042 0.985879 
3043 0.985879 
3044 0.985879 
3045 0.985879 
3046 0.985879 
3047 0.985879 
3048 0.985879 
3049 0.985334 
3050 0.985334 
3051 0.985334 
3052 0.985334 
3053 0.985334 
3054 0.985334 
3055 0.985334 
3056 0.985334 
3057 0.984187 
3058 0.984187 
3059 0.984187 
3060 0.984187 
3061 0.984187 
3062 0.984187 
3063 0.984187 
3064 0.984187 
3065 0.981019 
3066 0.981019 
3067 0.981019 
3068 0.981019 
3069 0.981019 
3070 0.981019 
3071 0.981019 
3072 0.981019 
3073 0.980658 
3074 0.980658 
3075 0.980658 
3076 0.980658 
3077 0.980658 
3078 0.980658 
3079 0.980658 
3080 0.980658 
3081 0.979245 
3082 0.979245 
3083 0.979245 
3084 0.979245 
3085 0.979245 
3086 0.979245 
3087 0.979245 
3088 0.979245 
3089 0.977785 
3090 0.977785 
3091 0.977785 
3092 0.977785 
3093 0.977785 
3094 0.977785 
3095 0.977785 
3096 0.977785 
3097 0.976144 
3098 0.976144 
3099 0.976144 
3100 0.976144 
3101 0.976144 
3102 0.976144 
3103 0.976144 
3104 0.976144 
3105 0.977910 
3106 0.977910 
3107 0.977910 
3108 0.977910 
3109 0.977910 
3110 0.977910 
3111 0.977910 
3112 0.977910 
3113 0.977043 
3114 0.977043 
3115 0.977043 
3116 0.977043 
3117 0.977043 
3118 0.977043 
3119 0.977043 
3120 0.977043 
3121 0.975453 
3122 0.975453 
3123 0.975453 
3124 0.975453 
3125 0.975453 
3126 0.975453 
3127 0.975453 
3128 0.975453 
3129 0.973019 
3130 0.973019 
3131 0.973019 
3132 0.973019 
3133 0.973019 
3134 0.973019 
3135 0.973019 
3136 0.973019 
3137 0.970954 
3138 0.970954 
3139 0.970954 
3140 0.970954 
3141 0.970954 
3142 0.970954 
3143 0.970954 
3144 0.970954 
3145 0.965540 
3146 0.965540 
3147 0.965540 
3148 0.965540 
3149 0.965540 
3150 0.965540 
3151 0.965540 
3152 0.965540 
3153 0.963884 
3154 0.963884 
3155 0.963884 
3156 0.963884 
3157 0.963884 
3158 0.963884 
3159 0.963884 
3160 0.963884 
3161 0.963766 
3162 0.963766 
3163 0.963766 
3164 0.963766 
3165 0.963766 
3166 0.963766 
3167 0.963766 
3168 0.963766 
3169 0.962482 
3170 0.962482 
3171 0.962482 
3172 0.962482 
3173 0.962482 
3174 0.962482 
3175 0.962482 
3176 0.962482 
3177 0.961878 
3178 0.961878 
3179 0.961878 
3180 0.961878 
3181 0.961878 
3182 0.961878 
3183 0.961878 
3184 0.961878 
3185 0.962388 
3186 0.962388 
3187 0.962388 
3188 0.962388 
3189 0.962388 
3190 0.962388 
3191 0.962388 
3192 0.962388 
3193 0.961081 
3194 0.961081 
3195 0.961081 
3196 0.961081 
3197 0.961081 
3198 0.961081 
3199 0.961081 
3200 0.961081 
3201 0.961509 
3202 0.961509 
3203 0.961509 
3204 0.961509 
3205 0.961509 
3206 0.961509 
3207 0.961509 
3208 0.961509 
3209 0.960449 
3210 0.960449 
3211 0.960449 
3212 0.960449 
3213 0.960449 
3214 0.960449 
3215 0.960449 
3216 0.960449 
3217 0.961151 
3218 0.961151 
3219 0.961151 
3220 0.961151 
3221 0.961151 
3222 0.961151 
3223 0.961151 
3224 0.961151 
3225 0.961104 
3226 0.961104 
3227 0.961104 
3228 0.961104 
3229 0.961104 
3230 0.961104 
3231 0.961104 
3232 0.961104 
3233 0.961140 
3234 0.961140 
3235 0.961140 
3236 0.961140 
3237 0.961140 
3238 0.961140 
3239 0.961140 
3240 0.961140 
3241 0.961265 
3242 0.961265 
3243 0.961265 
3244 0.961265 
3245 0.961265 
3246 0.961265 
3247 0.961265 
3248 0.961265 
3249 0.961148 
3250 0.961148 
3251 0.961148 
3252 0.961148 
3253 0.961148 
3254 0.961148 
3255 0.961148 
3256 0.961148 
3257 0.960857 
3258 0.960857 
3259 0.960857 
3260 0.960857 
3261 0.960857 
3262 0.960857 
3263 0.960857 
3264 0.960857 
3265 0.961136 
3266 0.961136 
3267 0.961136 
3268 0.961136 
3269 0.961136 
3270 0.961136 
3271 0.961136 
3272 0.961136 
3273 0.961002 
3274 0.961002 
3275 0.961002 
3276 0.961002 
3277 0.961002 
3278 0.961002 
3279 0.961002 
3280 0.961002 
3281 0.960374 
3282 0.960374 
3283 0.960374 
3284 0.960374 
3285 0.960374 
3286 0.960374 
3287 0.960374 
3288 0.960374 
3289 0.959989 
3290 0.959989 
3291 0.959989 
3292 0.959989 
3293 0.959989 
3294 0.959989 
3295 0.959989 
3296 0.959989 
3297 0.959997 
3298 0.959997 
3299 0.959997 
3300 0.959997 
3301 0.959997 
3302 0.959997 
3303 0.959997 
3304 0.959997 
3305 0.959844 
3306 0.959844 
3307 0.959844 
3308 0.959844 
3309 0.959844 
3310 0.959844 
3311 0.959844 
3312 0.959844 
3313 0.960519 
3314 0.960519 
3315 0.960519 
3316 0.960519 
3317 0.960519 
3318 0.960519 
3319 0.960519 
3320 0.960519 
3321 0.960139 
3322 0.960139 
3323 0.960139 
3324 0.960139 
3325 0.960139 
3326 0.960139 
3327 0.960139 
3328 0.960139 
3329 0.959695 
3330 0.959695 
3331 0.959695 
3332 0.959695 
3333 0.959695 
3334 0.959695 
3335 0.959695 
3336 0.959695 
3337 0.960064 
3338 0.960064 
3339 0.960064 
3340 0.960064 
3341 0.960064 
3342 0.960064 
3343 0.960064 
3344 0.960064 
3345 0.959730 
3346 0.959730 
3347 0.959730 
3348 0.959730 
3349 0.959730 
3350 0.959730 
3351 0.959730 
3352 0.959730 
3353 0.958431 
3354 0.958431 
3355 0.958431 
3356 0.958431 
3357 0.958431 
3358 0.958431 
3359 0.958431 
3360 0.958431 
3361 0.959361 
3362 0.959361 
3363 0.959361 
3364 0.959361 
3365 0.959361 
3366 0.959361 
3367 0.959361 
3368 0.959361 
3369 0.960143 
3370 0.960143 
3371 0.960143 
3372 0.960143 
3373 0.960143 
3374 0.960143 
3375 0.960143 
3376 0.960143 
3377 0.960366 
3378 0.960366 
3379 0.960366 
3380 0.960366 
3381 0.960366 
3382 0.960366 
3383 0.960366 
3384 0.960366 
3385 0.959954 
3386 0.959954 
3387 0.959954 
3388 0.959954 
3389 0.959954 
3390 0.959954 
3391 0.959954 
3392 0.959954 
3393 0.959562 
3394 0.959562 
3395 0.959562 
3396 0.959562 
3397 0.959562 
3398 0.959562 
3399 0.959562 
3400 0.959562 
3401 0.958965 
3402 0.958965 
3403 0.958965 
3404 0.958965 
3405 0.958965 
3406 0.958965 
3407 0.958965 
3408 0.958965 
3409 0.958926 
3410 0.958926 
3411 0.958926 
3412 0.958926 
3413 0.958926 
3414 0.958926 
3415 0.958926 
3416 0.958926 
3417 0.959483 
3418 0.959483 
3419 0.959483 
3420 0.959483 
3421 0.959483 
3422 0.959483 
3423 0.959483 
3424 0.959483 
3425 0.959342 
3426 0.959342 
3427 0.959342 
3428 0.959342 
3429 0.959342 
3430 0.959342 
3431 0.959342 
3432 0.959342 
3433 0.960099 
3434 0.960099 
3435 0.960099 
3436 0.960099 
3437 0.960099 
3438 0.960099 
3439 0.960099 
3440 0.960099 
3441 0.961615 
3442 0.961615 
3443 0.961615 
3444 0.961615 
3445 0.961615 
3446 0.961615 
3447 0.961615 
3448 0.961615 
3449 0.961265 
3450 0.961265 
3451 0.961265 
3452 0.961265 
3453 0.961265 
3454 0.961265 
3455 0.961265 
3456 0.961265 
3457 0.961144 
3458 0.961144 
3459 0.961144 
3460 0.961144 
3461 0.961144 
3462 0.961144 
3463 0.961144 
3464 0.961144 
3465 0.961328 
3466 0.961328 
3467 0.961328 
3468 0.961328 
3469 0.961328 
3470 0.961328 
3471 0.961328 
3472 0.961328 
3473 0.961014 
3474 0.961014 
3475 0.961014 
3476 0.961014 
3477 0.961014 
3478 0.961014 
3479 0.961014 
3480 0.961014 
3481 0.960987 
3482 0.960987 
3483 0.960987 
3484 0.960987 
3485 0.960987 
3486 0.960987 
3487 0.960987 
3488 0.960987 
3489 0.960877 
3490 0.960877 
3491 0.960877 
3492 0.960877 
3493 0.960877 
3494 0.960877 
3495 0.960877 
3496 0.960877 
3497 0.961018 
3498 0.961018 
3499 0.961018 
3500 0.961018 
3501 0.961018 
3502 0.961018 
3503 0.961018 
3504 0.961018 
3505 0.960987 
3506 0.960987 
3507 0.960987 
3508 0.960987 
3509 0.960987 
3510 0.960987 
3511 0.960987 
3512 0.960987 
3513 0.962694 
3514 0.962694 
3515 0.962694 
3516 0.962694 
3517 0.962694 
3518 0.962694 
3519 0.962694 
3520 0.962694 
3521 0.961599 
3522 0.961599 
3523 0.961599 
3524 0.961599 
3525 0.961599 
3526 0.961599 
3527 0.961599 
3528 0.961599 
3529 0.961897 
3530 0.961897 
3531 0.961897 
3532 0.961897 
3533 0.961897 
3534 0.961897 
3535 0.961897 
3536 0.961897 
3537 0.961611 
3538 0.961611 
3539 0.961611 
3540 0.961611 
3541 0.961611 
3542 0.961611 
3543 0.961611 
3544 0.961611 
3545 0.961509 
3546 0.961509 
3547 0.961509 
3548 0.961509 
3549 0.961509 
3550 0.961509 
3551 0.961509 
3552 0.961509 
3553 0.960751 
3554 0.960751 
3555 0.960751 
3556 0.960751 
3557 0.960751 
3558 0.960751 
3559 0.960751 
3560 0.960751 
3561 0.960217 
3562 0.960217 
3563 0.960217 
3564 0.960217 
3565 0.960217 
3566 0.960217 
3567 0.960217 
3568 0.960217 
3569 0.960790 
3570 0.960790 
3571 0.960790 
3572 0.960790 
3573 0.960790 
3574 0.960790 
3575 0.960790 
3576 0.960790 
3577 0.961022 
3578 0.961022 
3579 0.961022 
3580 0.961022 
3581 0.961022 
3582 0.961022 
3583 0.961022 
3584 0.961022 
3585 0.960771 
3586 0.960771 
3587 0.960771 
3588 0.960771 
3589 0.960771 
3590 0.960771 
3591 0.960771 
3592 0.960771 
3593 0.960720 
3594 0.960720 
3595 0.960720 
3596 0.960720 
3597 0.960720 
3598 0.960720 
3599 0.960720 
3600 0.960720 
3601 0.959742 
3602 0.959742 
3603 0.959742 
3604 0.959742 
3605 0.959742 
3606 0.959742 
3607 0.959742 
3608 0.959742 
3609 0.959942 
3610 0.959942 
3611 0.959942 
3612 0.959942 
3613 0.959942 
3614 0.959942 
3615 0.959942 
3616 0.959942 
3617 0.960095 
3618 0.960095 
3619 0.960095 
3620 0.960095 
3621 0.960095 
3622 0.960095 
3623 0.960095 
3624 0.960095 
3625 0.960500 
3626 0.960500 
3627 0.960500 
3628 0.960500 
3629 0.960500 
3630 0.960500 
3631 0.960500 
3632 0.960500 
3633 0.960500 
3634 0.960500 
3635 0.960500 
3636 0.960500 
3637 0.960500 
3638 0.960500 
3639 0.960500 
3640 0.960500 
3641 0.960594 
3642 0.960594 
3643 0.960594 
3644 0.960594 
3645 0.960594 
3646 0.960594 
3647 0.960594 
3648 0.960594 
3649 0.963059 
3650 0.963059 
3651 0.963059 
3652 0.963059 
3653 0.963059 
3654 0.963059 
3655 0.963059 
3656 0.963059 
3657 0.962569 
3658 0.962569 
3659 0.962569 
3660 0.962569 
3661 0.962569 
3662 0.962569 
3663 0.962569 
3664 0.962569 
3665 0.961556 
3666 0.961556 
3667 0.961556 
3668 0.961556 
3669 0.961556 
3670 0.961556 
3671 0.961556 
3672 0.961556 
3673 0.962380 
3674 0.962380 
3675 0.962380 
3676 0.962380 
3677 0.962380 
3678 0.962380 
3679 0.962380 
3680 0.962380 
3681 0.961367 
3682 0.961367 
3683 0.961367 
3684 0.961367 
3685 0.961367 
3686 0.961367 
3687 0.961367 
3688 0.961367 
3689 0.960351 
3690 0.960351 
3691 0.960351 
3692 0.960351 
3693 0.960351 
3694 0.960351 
3695 0.960351 
3696 0.960351 
3697 0.959931 
3698 0.959931 
3699 0.959931 
3700 0.959931 
3701 0.959931 
3702 0.959931 
3703 0.959931 
3704 0.959931 
3705 0.960657 
3706 0.960657 
3707 0.960657 
3708 0.960657 
3709 0.960657 
3710 0.960657 
3711 0.960657 
3712 0.960657 
3713 0.961528 
3714 0.961528 
3715 0.961528 
3716 0.961528 
3717 0.961528 
3718 0.961528 
3719 0.961528 
3720 0.961528 
3721 0.961097 
3722 0.961097 
3723 0.961097 
3724 0.961097 
3725 0.961097 
3726 0.961097 
3727 0.961097 
3728 0.961097 
3729 0.961006 
3730 0.961006 
3731 0.961006 
3732 0.961006 
3733 0.961006 
3734 0.961006 
3735 0.961006 
3736 0.961006 
3737 0.960457 
3738 0.960457 
3739 0.960457 
3740 0.960457 
3741 0.960457 
3742 0.960457 
3743 0.960457 
3744 0.960457 
3745 0.959675 
3746 0.959675 
3747 0.959675 
3748 0.959675 
3749 0.959675 
3750 0.959675 
3751 0.959675 
3752 0.959675 
3753 0.960213 
3754 0.960213 
3755 0.960213 
3756 0.960213 
3757 0.960213 
3758 0.960213 
3759 0.960213 
3760 0.960213 
3761 0.960005 
3762 0.960005 
3763 0.960005 
3764 0.960005 
3765 0.960005 
3766 0.960005 
3767 0.960005 
3768 0.960005 
3769 0.960841 
3770 0.960841 
3771 0.960841 
3772 0.960841 
3773 0.960841 
3774 0.960841 
3775 0.960841 
3776 0.960841 
3777 0.961026 
3778 0.961026 
3779 0.961026 
3780 0.961026 
3781 0.961026 
3782 0.961026 
3783 0.961026 
3784 0.961026 
3785 0.961171 
3786 0.961171 
3787 0.961171 
3788 0.961171 
3789 0.961171 
3790 0.961171 
3791 0.961171 
3792 0.961171 
3793 0.961226 
3794 0.961226 
3795 0.961226 
3796 0.961226 
3797 0.961226 
3798 0.961226 
3799 0.961226 
3800 0.961226 
3801 0.959695 
3802 0.959695 
3803 0.959695 
3804 0.959695 
3805 0.959695 
3806 0.959695 
3807 0.959695 
3808 0.959695 
3809 0.958973 
3810 0.958973 
3811 0.958973 
3812 0.958973 
3813 0.958973 
3814 0.958973 
3815 0.958973 
3816 0.958973 
3817 0.959675 
3818 0.959675 
3819 0.959675 
3820 0.959675 
3821 0.959675 
3822 0.959675 
3823 0.959675 
3824 0.959675 
3825 0.962643 
3826 0.962643 
3827 0.962643 
3828 0.962643 
3829 0.962643 
3830 0.962643 
3831 0.962643 
3832 0.962643 
3833 0.962812 
3834 0.962812 
3835 0.962812 
3836 0.962812 
3837 0.962812 
3838 0.962812 
3839 0.962812 
3840 0.962812 
3841 0.963181 
3842 0.963181 
3843 0.963181 
3844 0.963181 
3845 0.963181 
3846 0.963181 
3847 0.963181 
3848 0.963181 
3849 0.963118 
3850 0.963118 
3851 0.963118 
3852 0.963118 
3853 0.963118 
3854 0.963118 
3855 0.963118 
3856 0.963118 
3857 0.963440 
3858 0.963440 
3859 0.963440 
3860 0.963440 
3861 0.963440 
3862 0.963440 
3863 0.963440 
3864 0.963440 
3865 0.963648 
3866 0.963648 
3867 0.963648 
3868 0.963648 
3869 0.963648 
3870 0.963648 
3871 0.963648 
3872 0.963648 
3873 0.963935 
3874 0.963935 
3875 0.963935 
3876 0.963935 
3877 0.963935 
3878 0.963935 
3879 0.963935 
3880 0.963935 
3881 0.964131 
3882 0.964131 
3883 0.964131 
3884 0.964131 
3885 0.964131 
3886 0.964131 
3887 0.964131 
3888 0.964131 
3889 0.964166 
3890 0.964166 
3891 0.964166 
3892 0.964166 
3893 0.964166 
3894 0.964166 
3895 0.964166 
3896 0.964166 
3897 0.963774 
3898 0.963774 
3899 0.963774 
3900 0.963774 
3901 0.963774 
3902 0.963774 
3903 0.963774 
3904 0.963774 
3905 0.964029 
3906 0.964029 
3907 0.964029 
3908 0.964029 
3909 0.964029 
3910 0.964029 
3911 0.964029 
3912 0.964029 
3913 0.963582 
3914 0.963582 
3915 0.963582 
3916 0.963582 
3917 0.963582 
3918 0.963582 
3919 0.963582 
3920 0.963582 
3921 0.966094 
3922 0.966094 
3923 0.966094 
3924 0.966094 
3925 0.966094 
3926 0.966094 
3927 0.966094 
3928 0.966094 
3929 0.965902 
3930 0.965902 
3931 0.965902 
3932 0.965902 
3933 0.965902 
3934 0.965902 
3935 0.965902 
3936 0.965902 
3937 0.965332 
3938 0.965332 
3939 0.965332 
3940 0.965332 
3941 0.965332 
3942 0.965332 
3943 0.965332 
3944 0.965332 
3945 0.964096 
3946 0.964096 
3947 0.964096 
3948 0.964096 
3949 0.964096 
3950 0.964096 
3951 0.964096 
3952 0.964096 
3953 0.963833 
3954 0.963833 
3955 0.963833 
3956 0.963833 
3957 0.963833 
3958 0.963833 
3959 0.963833 
3960 0.963833 
3961 0.963899 
3962 0.963899 
3963 0.963899 
3964 0.963899 
3965 0.963899 
3966 0.963899 
3967 0.963899 
3968 0.963899 
3969 0.964732 
3970 0.964732 
3971 0.964732 
3972 0.964732 
3973 0.964732 
3974 0.964732 
3975 0.964732 
3976 0.964732 
3977 0.963892 
3978 0.963892 
3979 0.963892 
3980 0.963892 
3981 0.963892 
3982 0.963892 
3983 0.963892 
3984 0.963892 
3985 0.963739 
3986 0.963739 
3987 0.963739 
3988 0.963739 
3989 0.963739 
3990 0.963739 
3991 0.963739 
3992 0.963739 
3993 0.964037 
3994 0.964037 
3995 0.964037 
3996 0.964037 
3997 0.964037 
3998 0.964037 
3999 0.964037 
4000 0.964037 
4001 0.964410 
4002 0.964410 
4003 0.964410 
4004 0.964410 
4005 0.964410 
4006 0.964410 
4007 0.964410 
4008 0.964410 
4009 0.964268 
4010 0.964268 
4011 0.964268 
4012 0.964268 
4013 0.964268 
4014 0.964268 
4015 0.964268 
4016 0.964268 
4017 0.964512 
4018 0.964512 
4019 0.964512 
4020 0.964512 
4021 0.964512 
4022 0.964512 
4023 0.964512 
4024 0.964512 
4025 0.964198 
4026 0.964198 
4027 0.964198 
4028 0.964198 
4029 0.964198 
4030 0.964198 
4031 0.964198 
4032 0.964198 
4033 0.964296 
4034 0.964296 
4035 0.964296 
4036 0.964296 
4037 0.964296 
4038 0.964296 
4039 0.964296 
4040 0.964296 
4041 0.964272 
4042 0.964272 
4043 0.964272 
4044 0.964272 
4045 0.964272 
4046 0.964272 
4047 0.964272 
4048 0.964272 
4049 0.963735 
4050 0.963735 
4051 0.963735 
4052 0.963735 
4053 0.963735 
4054 0.963735 
4055 0.963735 
4056 0.963735 
4057 0.963947 
4058 0.963947 
4059 0.963947 
4060 0.963947 
4061 0.963947 
4062 0.963947 
4063 0.963947 
4064 0.963947 
4065 0.963915 
4066 0.963915 
4067 0.963915 
4068 0.963915 
4069 0.963915 
4070 0.963915 
4071 0.963915 
4072 0.963915 
4073 0.962977 
4074 0.962977 
4075 0.962977 
4076 0.962977 
4077 0.962977 
4078 0.962977 
4079 0.962977 
4080 0.962977 
4081 0.963126 
4082 0.963126 
4083 0.963126 
4084 0.963126 
4085 0.963126 
4086 0.963126 
4087 0.963126 
4088 0.963126 
4089 0.963424 
4090 0.963424 
4091 0.963424 
4092 0.963424 
4093 0.963424 
4094 0.963424 
4095 0.963424 
4096 0.963424 
4097 0.966125 
4098 0.966125 
4099 0.966125 
4100 0.966125 
4101 0.966125 
4102 0.966125 
4103 0.966125 
4104 0.966125 
4105 0.965701 
4106 0.965701 
4107 0.965701 
4108 0.965701 
4109 0.965701 
4110 0.965701 
4111 0.965701 
4112 0.965701 
4113 0.965560 
4114 0.965560 
4115 0.965560 
4116 0.965560 
4117 0.965560 
4118 0.965560 
4119 0.965560 
4120 0.965560 
4121 0.966698 
4122 0.966698 
4123 0.966698 
4124 0.966698 
4125 0.966698 
4126 0.966698 
4127 0.966698 
4128 0.966698 
4129 0.966373 
4130 0.966373 
4131 0.966373 
4132 0.966373 
4133 0.966373 
4134 0.966373 
4135 0.966373 
4136 0.966373 
4137 0.966695 
4138 0.966695 
4139 0.966695 
4140 0.966695 
4141 0.966695 
4142 0.966695 
4143 0.966695 
4144 0.966695 
4145 0.968602 
4146 0.968602 
4147 0.968602 
4148 0.968602 
4149 0.968602 
4150 0.968602 
4151 0.968602 
4152 0.968602 
4153 0.968010 
4154 0.968010 
4155 0.968010 
4156 0.968010 
4157 0.968010 
4158 0.968010 
4159 0.968010 
4160 0.968010 
4161 0.968033 
4162 0.968033 
4163 0.968033 
4164 0.968033 
4165 0.968033 
4166 0.968033 
4167 0.968033 
4168 0.968033 
4169 0.966004 
4170 0.966004 
4171 0.966004 
4172 0.966004 
4173 0.966004 
4174 0.966004 
4175 0.966004 
4176 0.966004 
4177 0.964700 
4178 0.964700 
4179 0.964700 
4180 0.964700 
4181 0.964700 
4182 0.964700 
4183 0.964700 
4184 0.964700 
4185 0.962478 
4186 0.962478 
4187 0.962478 
4188 0.962478 
4189 0.962478 
4190 0.962478 
4191 0.962478 
4192 0.962478 
4193 0.968002 
4194 0.968002 
4195 0.968002 
4196 0.968002 
4197 0.968002 
4198 0.968002 
4199 0.968002 
4200 0.968002 
4201 0.971295 
4202 0.971295 
4203 0.971295 
4204 0.971295 
4205 0.971295 
4206 0.971295 
4207 0.971295 
4208 0.971295 
4209 0.974938 
4210 0.974938 
4211 0.974938 
4212 0.974938 
4213 0.974938 
4214 0.974938 
4215 0.974938 
4216 0.974938 
4217 0.975343 
4218 0.975343 
4219 0.975343 
4220 0.975343 
4221 0.975343 
4222 0.975343 
4223 0.975343 
4224 0.975343 
4225 0.977679 
4226 0.977679 
4227 0.977679 
4228 0.977679 
4229 0.977679 
4230 0.977679 
4231 0.977679 
4232 0.977679 
4233 0.977153 
4234 0.977153 
4235 0.977153 
4236 0.977153 
4237 0.977153 
4238 0.977153 
4239 0.977153 
4240 0.977153 
4241 0.978581 
4242 0.978581 
4243 0.978581 
4244 0.978581 
4245 0.978581 
4246 0.978581 
4247 0.978581 
4248 0.978581 
4249 0.976014 
4250 0.976014 
4251 0.976014 
4252 0.976014 
4253 0.976014 
4254 0.976014 
4255 0.976014 
4256 0.976014 
4257 0.978892 
4258 0.978892 
4259 0.978892 
4260 0.978892 
4261 0.978892 
4262 0.978892 
4263 0.978892 
4264 0.978892 
4265 0.981494 
4266 0.981494 
4267 0.981494 
4268 0.981494 
4269 0.981494 
4270 0.981494 
4271 0.981494 
4272 0.981494 
4273 0.983139 
4274 0.983139 
4275 0.983139 
4276 0.983139 
4277 0.983139 
4278 0.983139 
4279 0.983139 
4280 0.983139 
4281 0.985396 
4282 0.985396 
4283 0.985396 
4284 0.985396 
4285 0.985396 
4286 0.985396 
4287 0.985396 
4288 0.985396 
4289 0.984988 
4290 0.984988 
4291 0.984988 
4292 0.984988 
4293 0.984988 
4294 0.984988 
4295 0.984988 
4296 0.984988 
4297 0.984643 
4298 0.984643 
4299 0.984643 
4300 0.984643 
4301 0.984643 
4302 0.984643 
4303 0.984643 
4304 0.984643 
4305 0.988612 
4306 0.988612 
4307 0.988612 
4308 0.988612 
4309 0.988612 
4310 0.988612 
4311 0.988612 
4312 0.988612 
4313 0.988282 
4314 0.988282 
4315 0.988282 
4316 0.988282 
4317 0.988282 
4318 0.988282 
4319 0.988282 
4320 0.988282 
4321 0.987289 
4322 0.987289 
4323 0.987289 
4324 0.987289 
4325 0.987289 
4326 0.987289 
4327 0.987289 
4328 0.987289 
4329 0.985985 
4330 0.985985 
4331 0.985985 
4332 0.985985 
4333 0.985985 
4334 0.985985 
4335 0.985985 
4336 0.985985 
4337 0.985094 
4338 0.985094 
4339 0.985094 
4340 0.985094 
4341 0.985094 
4342 0.985094 
4343 0.985094 
4344 0.985094 
4345 0.984097 
4346 0.984097 
4347 0.984097 
4348 0.984097 
4349 0.984097 
4350 0.984097 
4351 0.984097 
4352 0.984097 
4353 0.986162 
4354 0.986162 
4355 0.986162 
4356 0.986162 
4357 0.986162 
4358 0.986162 
4359 0.986162 
4360 0.986162 
4361 0.987528 
4362 0.987528 
4363 0.987528 
4364 0.987528 
4365 0.987528 
4366 0.987528 
4367 0.987528 
4368 0.987528 
4369 0.985860 
4370 0.985860 
4371 0.985860 
4372 0.985860 
4373 0.985860 
4374 0.985860 
4375 0.985860 
4376 0.985860 
4377 0.983928 
4378 0.983928 
4379 0.983928 
4380 0.983928 
4381 0.983928 
4382 0.983928 
4383 0.983928 
4384 0.983928 
4385 0.974051 
4386 0.974051 
4387 0.974051 
4388 0.974051 
4389 0.974051 
4390 0.974051 
4391 0.974051 
4392 0.974051 
4393 0.956083 
4394 0.956083 
4395 0.956083 
4396 0.956083 
4397 0.956083 
4398 0.956083 
4399 0.956083 
4400 0.956083 
4401 0.900154 
4402 0.900154 
4403 0.900154 
4404 0.900154 
4405 0.900154 
4406 0.900154 
4407 0.900154 
4408 0.900154 
4409 0.861973 
4410 0.861973 
4411 0.861973 
4412 0.861973 
4413 0.861973 
4414 0.861973 
4415 0.861973 
4416 0.861973 
4417 0.935878 
4418 0.935878 
4419 0.935878 
4420 0.935878 
4421 0.935878 
4422 0.935878 
4423 0.935878 
4424 0.935878 
4425 0.984588 
4426 0.984588 
4427 0.984588 
4428 0.984588 
4429 0.984588 
4430 0.984588 
4431 0.984588 
4432 0.984588 
4433 0.980097 
4434 0.980097 
4435 0.980097 
4436 0.980097 
4437 0.980097 
4438 0.980097 
4439 0.980097 
4440 0.980097 
4441 0.976662 
4442 0.976662 
4443 0.976662 
4444 0.976662 
4445 0.976662 
4446 0.976662 
4447 0.976662 
4448 0.976662 
4449 0.971488 
4450 0.971488 
4451 0.971488 
4452 0.971488 
4453 0.971488 
4454 0.971488 
4455 0.971488 
4456 0.971488 
4457 0.964677 
4458 0.964677 
4459 0.964677 
4460 0.964677 
4461 0.964677 
4462 0.964677 
4463 0.964677 
4464 0.964677 
4465 0.950854 
4466 0.950854 
4467 0.950854 
4468 0.950854 
4469 0.950854 
4470 0.950854 
4471 0.950854 
4472 0.950854 
4473 0.957296 
4474 0.957296 
4475 0.957296 
4476 0.957296 
4477 0.957296 
4478 0.957296 
4479 0.957296 
4480 0.957296 
4481 0.966070 
4482 0.966070 
4483 0.966070 
4484 0.966070 
4485 0.966070 
4486 0.966070 
4487 0.966070 
4488 0.966070 
4489 0.927728 
4490 0.927728 
4491 0.927728 
4492 0.927728 
4493 0.927728 
4494 0.927728 
4495 0.927728 
4496 0.927728 
4497 0.929173 
4498 0.929173 
4499 0.929173 
4500 0.929173 
4501 0.929173 
4502 0.929173 
4503 0.929173 
4504 0.929173 
4505 0.957775 
4506 0.957775 
4507 0.957775 
4508 0.957775 
4509 0.957775 
4510 0.957775 
4511 0.957775 
4512 0.957775 
4513 0.979755 
4514 0.979755 
4515 0.979755 
4516 0.979755 
4517 0.979755 
4518 0.979755 
4519 0.979755 
4520 0.979755 
4521 0.981891 
4522 0.981891 
4523 0.981891 
4524 0.981891 
4525 0.981891 
4526 0.981891 
4527 0.981891 
4528 0.981891 
4529 0.984556 
4530 0.984556 
4531 0.984556 
4532 0.984556 
4533 0.984556 
4534 0.984556 
4535 0.984556 
4536 0.984556 
4537 0.984819 
4538 0.984819 
4539 0.984819 
4540 0.984819 
4541 0.984819 
4542 0.984819 
4543 0.984819 
4544 0.984819 
4545 0.984831 
4546 0.984831 
4547 0.984831 
4548 0.984831 
4549 0.984831 
4550 0.984831 
4551 0.984831 
4552 0.984831 
4553 0.980097 
4554 0.980097 
4555 0.980097 
4556 0.980097 
4557 0.980097 
4558 0.980097 
4559 0.980097 
4560 0.980097 
4561 0.981349 
4562 0.981349 
4563 0.981349 
4564 0.981349 
4565 0.981349 
4566 0.981349 
4567 0.981349 
4568 0.981349 
4569 0.982947 
4570 0.982947 
4571 0.982947 
4572 0.982947 
4573 0.982947 
4574 0.982947 
4575 0.982947 
4576 0.982947 
4577 0.981742 
4578 0.981742 
4579 0.981742 
4580 0.981742 
4581 0.981742 
4582 0.981742 
4583 0.981742 
4584 0.981742 
4585 0.983226 
4586 0.983226 
4587 0.983226 
4588 0.983226 
4589 0.983226 
4590 0.983226 
4591 0.983226 
4592 0.983226 
4593 0.980607 
4594 0.980607 
4595 0.980607 
4596 0.980607 
4597 0.980607 
4598 0.980607 
4599 0.980607 
4600 0.980607 
4601 0.978483 
4602 0.978483 
4603 0.978483 
4604 0.978483 
4605 0.978483 
4606 0.978483 
4607 0.978483 
4608 0.978483 
4609 0.978311 
4610 0.978311 
4611 0.978311 
4612 0.978311 
4613 0.978311 
4614 0.978311 
4615 0.978311 
4616 0.978311 
4617 0.981738 
4618 0.981738 
4619 0.981738 
4620 0.981738 
4621 0.981738 
4622 0.981738 
4623 0.981738 
4624 0.981738 
4625 0.978931 
4626 0.978931 
4627 0.978931 
4628 0.978931 
4629 0.978931 
4630 0.978931 
4631 0.978931 
4632 0.978931 
4633 0.981188 
4634 0.981188 
4635 0.981188 
4636 0.981188 
4637 0.981188 
4638 0.981188 
4639 0.981188 
4640 0.981188 
4641 0.981753 
4642 0.981753 
4643 0.981753 
4644 0.981753 
4645 0.981753 
4646 0.981753 
4647 0.981753 
4648 0.981753 
4649 0.983241 
4650 0.983241 
4651 0.983241 
4652 0.983241 
4653 0.983241 
4654 0.983241 
4655 0.983241 
4656 0.983241 
4657 0.984199 
4658 0.984199 
4659 0.984199 
4660 0.984199 
4661 0.984199 
4662 0.984199 
4663 0.984199 
4664 0.984199 
4665 0.987571 
4666 0.987571 
4667 0.987571 
4668 0.987571 
4669 0.987571 
4670 0.987571 
4671 0.987571 
4672 0.987571 
4673 0.986166 
4674 0.986166 
4675 0.986166 
4676 0.986166 
4677 0.986166 
4678 0.986166 
4679 0.986166 
4680 0.986166 
4681 0.978001 
4682 0.978001 
4683 0.978001 
4684 0.978001 
4685 0.978001 
4686 0.978001 
4687 0.978001 
4688 0.978001 
4689 0.963252 
4690 0.963252 
4691 0.963252 
4692 0.963252 
4693 0.963252 
4694 0.963252 
4695 0.963252 
4696 0.963252 
4697 0.954961 
4698 0.954961 
4699 0.954961 
4700 0.954961 
4701 0.954961 
4702 0.954961 
4703 0.954961 
4704 0.954961 
4705 0.963377 
4706 0.963377 
4707 0.963377 
4708 0.963377 
4709 0.963377 
4710 0.963377 
4711 0.963377 
4712 0.963377 
4713 0.979163 
4714 0.979163 
4715 0.979163 
4716 0.979163 
4717 0.979163 
4718 0.979163 
4719 0.979163 
4720 0.979163 
4721 0.987206 
4722 0.987206 
4723 0.987206 
4724 0.987206 
4725 0.987206 
4726 0.987206 
4727 0.987206 
4728 0.987206 
4729 0.984957 
4730 0.984957 
4731 0.984957 
4732 0.984957 
4733 0.984957 
4734 0.984957 
4735 0.984957 
4736 0.984957 
4737 0.981985 
4738 0.981985 
4739 0.981985 
4740 0.981985 
4741 0.981985 
4742 0.981985 
4743 0.981985 
4744 0.981985 
4745 0.985090 
4746 0.985090 
4747 0.985090 
4748 0.985090 
4749 0.985090 
4750 0.985090 
4751 0.985090 
4752 0.985090 
4753 0.832864 
4754 0.832864 
4755 0.832864 
4756 0.832864 
4757 0.832864 
4758 0.832864 
4759 0.832864 
4760 0.832864 
4761 0.358642 
4762 0.358642 
4763 0.358642 
4764 0.358642 
4765 0.358642 
4766 0.358642 
4767 0.358642 
4768 0.358642 
4769 0.204230 
4770 0.204230 
4771 0.204230 
4772 0.204230 
4773 0.204230 
4774 0.204230 
4775 0.204230 
4776 0.204230 
4777 0.137042 
4778 0.137042 
4779 0.137042 
4780 0.137042 
4781 0.137042 
4782 0.137042 
4783 0.137042 
4784 0.137042 
4785 0.082231 
4786 0.082231 
4787 0.082231 
4788 0.082231 
4789 0.082231 
4790 0.082231 
4791 0.082231 
4792 0.082231 
4793 0.073712 
4794 0.073712 
4795 0.073712 
4796 0.073712 
4797 0.073712 
4798 0.073712 
4799 0.073712 
4800 0.073712 
4801 0.064707 
4802 0.064707 
4803 0.064707 
4804 0.064707 
4805 0.064707 
4806 0.064707 
4807 0.064707 
4808 0.064707 
4809 0.062564 
4810 0.062564 
4811 0.062564 
4812 0.062564 
4813 0.062564 
4814 0.062564 
4815 0.062564 
4816 0.062564 
4817 0.074733 
4818 0.074733 
4819 0.074733 
4820 0.074733 
4821 0.074733 
4822 0.074733 
4823 0.074733 
4824 0.074733 
4825 0.099461 
4826 0.099461 
4827 0.099461 
4828 0.099461 
4829 0.099461 
4830 0.099461 
4831 0.099461 
4832 0.099461 
4833 0.102095 
4834 0.102095 
4835 0.102095 
4836 0.102095 
4837 0.102095 
4838 0.102095 
4839 0.102095 
4840 0.102095 
4841 0.106688 
4842 0.106688 
4843 0.106688 
4844 0.106688 
4845 0.106688 
4846 0.106688 
4847 0.106688 
4848 0.106688 
4849 0.114037 
4850 0.114037 
4851 0.114037 
4852 0.114037 
4853 0.114037 
4854 0.114037 
4855 0.114037 
4856 0.114037 
4857 0.121814 
4858 0.121814 
4859 0.121814 
4860 0.121814 
4861 0.121814 
4862 0.121814 
4863 0.121814 
4864 0.121814 
4865 0.115568 
4866 0.115568 
4867 0.115568 
4868 0.115568 
4869 0.115568 
4870 0.115568 
4871 0.115568 
4872 0.115568 
4873 0.123824 
4874 0.123824 
4875 0.123824 
4876 0.123824 
4877 0.123824 
4878 0.123824 
4879 0.123824 
4880 0.123824 
4881 0.128354 
4882 0.128354 
4883 0.128354 
4884 0.128354 
4885 0.128354 
4886 0.128354 
4887 0.128354 
4888 0.128354 
4889 0.113020 
4890 0.113020 
4891 0.113020 
4892 0.113020 
4893 0.113020 
4894 0.113020 
4895 0.113020 
4896 0.113020 
4897 0.120895 
4898 0.120895 
4899 0.120895 
4900 0.120895 
4901 0.120895 
4902 0.120895 
4903 0.120895 
4904 0.120895 
4905 0.124550 
4906 0.124550 
4907 0.124550 
4908 0.124550 
4909 0.124550 
4910 0.124550 
4911 0.124550 
4912 0.124550 
4913 0.105671 
4914 0.105671 
4915 0.105671 
4916 0.105671 
4917 0.105671 
4918 0.105671 
4919 0.105671 
4920 0.105671 
4921 0.192162 
4922 0.192162 
4923 0.192162 
4924 0.192162 
4925 0.192162 
4926 0.192162 
4927 0.192162 
4928 0.192162 
4929 0.256284 
4930 0.256284 
4931 0.256284 
4932 0.256284 
4933 0.256284 
4934 0.256284 
4935 0.256284 
4936 0.256284 
4937 0.377819 
4938 0.377819 
4939 0.377819 
4940 0.377819 
4941 0.377819 
4942 0.377819 
4943 0.377819 
4944 0.377819 
4945 0.673721 
4946 0.673721 
4947 0.673721 
4948 0.673721 
4949 0.673721 
4950 0.673721 
4951 0.673721 
4952 0.673721 
4953 0.715769 
4954 0.715769 
4955 0.715769 
4956 0.715769 
4957 0.715769 
4958 0.715769 
4959 0.715769 
4960 0.715769 
4961 0.190352 
4962 0.190352 
4963 0.190352 
4964 0.190352 
4965 0.190352 
4966 0.190352 
4967 0.190352 
4968 0.190352 
4969 0.150389 
4970 0.150389 
4971 0.150389 
4972 0.150389 
4973 0.150389 
4974 0.150389 
4975 0.150389 
4976 0.150389 
4977 0.298579 
4978 0.298579 
4979 0.298579 
4980 0.298579 
4981 0.298579 
4982 0.298579 
4983 0.298579 
4984 0.298579 
4985 0.305897 
4986 0.305897 
4987 0.305897 
4988 0.305897 
4989 0.305897 
4990 0.305897 
4991 0.305897 
4992 0.305897 
4993 0.272827 
4994 0.272827 
4995 0.272827 
4996 0.272827 
4997 0.272827 
4998 0.272827 
4999 0.272827 
5000 0.272827 
5001 0.205505 
5002 0.205505 
5003 0.205505 
5004 0.205505 
5005 0.205505 
5006 0.205505 
5007 0.205505 
5008 0.205505 
5009 0.143118 
5010 0.143118 
5011 0.143118 
5012 0.143118 
5013 0.143118 
5014 0.143118 
5015 0.143118 
5016 0.143118 
5017 0.111120 
5018 0.111120 
5019 0.111120 
5020 0.111120 
5021 0.111120 
5022 0.111120 
5023 0.111120 
5024 0.111120 
5025 0.133991 
5026 0.133991 
5027 0.133991 
5028 0.133991 
5029 0.133991 
5030 0.133991 
5031 0.133991 
5032 0.133991 
5033 0.120836 
5034 0.120836 
5035 0.120836 
5036 0.120836 
5037 0.120836 
5038 0.120836 
5039 0.120836 
5040 0.120836 
5041 0.115466 
5042 0.115466 
5043 0.115466 
5044 0.115466 
5045 0.115466 
5046 0.115466 
5047 0.115466 
5048 0.115466 
5049 0.128664 
5050 0.128664 
5051 0.128664 
5052 0.128664 
5053 0.128664 
5054 0.128664 
5055 0.128664 
5056 0.128664 
5057 0.226885 
5058 0.226885 
5059 0.226885 
5060 0.226885 
5061 0.226885 
5062 0.226885 
5063 0.226885 
5064 0.226885 
5065 0.391893 
5066 0.391893 
5067 0.391893 
5068 0.391893 
5069 0.391893 
5070 0.391893 
5071 0.391893 
5072 0.391893 
5073 0.589606 
5074 0.589606 
5075 0.589606 
5076 0.589606 
5077 0.589606 
5078 0.589606 
5079 0.589606 
5080 0.589606 
5081 0.679606 
5082 0.679606 
5083 0.679606 
5084 0.679606 
5085 0.679606 
5086 0.679606 
5087 0.679606 
5088 0.679606 
5089 0.453019 
5090 0.453019 
5091 0.453019 
5092 0.453019 
5093 0.453019 
5094 0.453019 
5095 0.453019 
5096 0.453019 
5097 0.320940 
5098 0.320940 
5099 0.320940 
5100 0.320940 
5101 0.320940 
5102 0.320940 
5103 0.320940 
5104 0.320940 
5105 0.306317 
5106 0.306317 
5107 0.306317 
5108 0.306317 
5109 0.306317 
5110 0.306317 
5111 0.306317 
5112 0.306317 
5113 0.359482 
5114 0.359482 
5115 0.359482 
5116 0.359482 
5117 0.359482 
5118 0.359482 
5119 0.359482 
5120 0.359482 
5121 0.319582 
5122 0.319582 
5123 0.319582 
5124 0.319582 
5125 0.319582 
5126 0.319582 
5127 0.319582 
5128 0.319582 
5129 0.331971 
5130 0.331971 
5131 0.331971 
5132 0.331971 
5133 0.331971 
5134 0.331971 
5135 0.331971 
5136 0.331971 
5137 0.418736 
5138 0.418736 
5139 0.418736 
5140 0.418736 
5141 0.418736 
5142 0.418736 
5143 0.418736 
5144 0.418736 
5145 0.416570 
5146 0.416570 
5147 0.416570 
5148 0.416570 
5149 0.416570 
5150 0.416570 
5151 0.416570 
5152 0.416570 
5153 0.414316 
5154 0.414316 
5155 0.414316 
5156 0.414316 
5157 0.414316 
5158 0.414316 
5159 0.414316 
5160 0.414316 
5161 0.391775 
5162 0.391775 
5163 0.391775 
5164 0.391775 
5165 0.391775 
5166 0.391775 
5167 0.391775 
5168 0.391775 
5169 0.394597 
5170 0.394597 
5171 0.394597 
5172 0.394597 
5173 0.394597 
5174 0.394597 
5175 0.394597 
5176 0.394597 
5177 0.402924 
5178 0.402924 
5179 0.402924 
5180 0.402924 
5181 0.402924 
5182 0.402924 
5183 0.402924 
5184 0.402924 
5185 0.344207 
5186 0.344207 
5187 0.344207 
5188 0.344207 
5189 0.344207 
5190 0.344207 
5191 0.344207 
5192 0.344207 
5193 0.353378 
5194 0.353378 
5195 0.353378 
5196 0.353378 
5197 0.353378 
5198 0.353378 
5199 0.353378 
5200 0.353378 
5201 0.331249 
5202 0.331249 
5203 0.331249 
5204 0.331249 
5205 0.331249 
5206 0.331249 
5207 0.331249 
5208 0.331249 
5209 0.340741 
5210 0.340741 
5211 0.340741 
5212 0.340741 
5213 0.340741 
5214 0.340741 
5215 0.340741 
5216 0.340741 
5217 0.345275 
5218 0.345275 
5219 0.345275 
5220 0.345275 
5221 0.345275 
5222 0.345275 
5223 0.345275 
5224 0.345275 
5225 0.102684 
5226 0.102684 
5227 0.102684 
5228 0.102684 
5229 0.102684 
5230 0.102684 
5231 0.102684 
5232 0.102684 
5233 0.191581 
5234 0.191581 
5235 0.191581 
5236 0.191581 
5237 0.191581 
5238 0.191581 
5239 0.191581 
5240 0.191581 
5241 0.239804 
5242 0.239804 
5243 0.239804 
5244 0.239804 
5245 0.239804 
5246 0.239804 
5247 0.239804 
5248 0.239804 
5249 0.343414 
5250 0.343414 
5251 0.343414 
5252 0.343414 
5253 0.343414 
5254 0.343414 
5255 0.343414 
5256 0.343414 
5257 0.376901 
5258 0.376901 
5259 0.376901 
5260 0.376901 
5261 0.376901 
5262 0.376901 
5263 0.376901 
5264 0.376901 
5265 0.447441 
5266 0.447441 
5267 0.447441 
5268 0.447441 
5269 0.447441 
5270 0.447441 
5271 0.447441 
5272 0.447441 
5273 0.222425 
5274 0.222425 
5275 0.222425 
5276 0.222425 
5277 0.222425 
5278 0.222425 
5279 0.222425 
5280 0.222425 
5281 0.234300 
5282 0.234300 
5283 0.234300 
5284 0.234300 
5285 0.234300 
5286 0.234300 
5287 0.234300 
5288 0.234300 
5289 0.251978 
5290 0.251978 
5291 0.251978 
5292 0.251978 
5293 0.251978 
5294 0.251978 
5295 0.251978 
5296 0.251978 
5297 0.455010 
5298 0.455010 
5299 0.455010 
5300 0.455010 
5301 0.455010 
5302 0.455010 
5303 0.455010 
5304 0.455010 
5305 0.707878 
5306 0.707878 
5307 0.707878 
5308 0.707878 
5309 0.707878 
5310 0.707878 
5311 0.707878 
5312 0.707878 
5313 0.820695 
5314 0.820695 
5315 0.820695 
5316 0.820695 
5317 0.820695 
5318 0.820695 
5319 0.820695 
5320 0.820695 
5321 0.911543 
5322 0.911543 
5323 0.911543 
5324 0.911543 
5325 0.911543 
5326 0.911543 
5327 0.911543 
5328 0.911543 
5329 0.924105 
5330 0.924105 
5331 0.924105 
5332 0.924105 
5333 0.924105 
5334 0.924105 
5335 0.924105 
5336 0.924105 
5337 0.934712 
5338 0.934712 
5339 0.934712 
5340 0.934712 
5341 0.934712 
5342 0.934712 
5343 0.934712 
5344 0.934712 
5345 0.887447 
5346 0.887447 
5347 0.887447 
5348 0.887447 
5349 0.887447 
5350 0.887447 
5351 0.887447 
5352 0.887447 
5353 0.910341 
5354 0.910341 
5355 0.910341 
5356 0.910341 
5357 0.910341 
5358 0.910341 
5359 0.910341 
5360 0.910341 
5361 0.922244 
5362 0.922244 
5363 0.922244 
5364 0.922244 
5365 0.922244 
5366 0.922244 
5367 0.922244 
5368 0.922244 
5369 0.624454 
5370 0.624454 
5371 0.624454 
5372 0.624454 
5373 0.624454 
5374 0.624454 
5375 0.624454 
5376 0.624454 
5377 0.611633 
5378 0.611633 
5379 0.611633 
5380 0.611633 
5381 0.611633 
5382 0.611633 
5383 0.611633 
5384 0.611633 
5385 0.555287 
5386 0.555287 
5387 0.555287 
5388 0.555287 
5389 0.555287 
5390 0.555287 
5391 0.555287 
5392 0.555287 
5393 0.577719 
5394 0.577719 
5395 0.577719 
5396 0.577719 
5397 0.577719 
5398 0.577719 
5399 0.577719 
5400 0.577719 
5401 0.591113 
5402 0.591113 
5403 0.591113 
5404 0.591113 
5405 0.591113 
5406 0.591113 
5407 0.591113 
5408 0.591113 
5409 0.569663 
5410 0.569663 
5411 0.569663 
5412 0.569663 
5413 0.569663 
5414 0.569663 
5415 0.569663 
5416 0.569663 
5417 0.564772 
5418 0.564772 
5419 0.564772 
5420 0.564772 
5421 0.564772 
5422 0.564772 
5423 0.564772 
5424 0.564772 
5425 0.621027 
5426 0.621027 
5427 0.621027 
5428 0.621027 
5429 0.621027 
5430 0.621027 
5431 0.621027 
5432 0.621027 
5433 0.654344 
5434 0.654344 
5435 0.654344 
5436 0.654344 
5437 0.654344 
5438 0.654344 
5439 0.654344 
5440 0.654344 
5441 0.699540 
5442 0.699540 
5443 0.699540 
5444 0.699540 
5445 0.699540 
5446 0.699540 
5447 0.699540 
5448 0.699540 
5449 0.726196 
5450 0.726196 
5451 0.726196 
5452 0.726196 
5453 0.726196 
5454 0.726196 
5455 0.726196 
5456 0.726196 
5457 0.736292 
5458 0.736292 
5459 0.736292 
5460 0.736292 
5461 0.736292 
5462 0.736292 
5463 0.736292 
5464 0.736292 
5465 0.764844 
5466 0.764844 
5467 0.764844 
5468 0.764844 
5469 0.764844 
5470 0.764844 
5471 0.764844 
5472 0.764844 
5473 0.828475 
5474 0.828475 
5475 0.828475 
5476 0.828475 
5477 0.828475 
5478 0.828475 
5479 0.828475 
5480 0.828475 
5481 0.835412 
5482 0.835412 
5483 0.835412 
5484 0.835412 
5485 0.835412 
5486 0.835412 
5487 0.835412 
5488 0.835412 
5489 0.844924 
5490 0.844924 
5491 0.844924 
5492 0.844924 
5493 0.844924 
5494 0.844924 
5495 0.844924 
5496 0.844924 
5497 0.917694 
5498 0.917694 
5499 0.917694 
5500 0.917694 
5501 0.917694 
5502 0.917694 
5503 0.917694 
5504 0.917694 
5505 0.971759 
5506 0.971759 
5507 0.971759 
5508 0.971759 
5509 0.971759 
5510 0.971759 
5511 0.971759 
5512 0.971759 
5513 0.977533 
5514 0.977533 
5515 0.977533 
5516 0.977533 
5517 0.977533 
5518 0.977533 
5519 0.977533 
5520 0.977533 
5521 0.980646 
5522 0.980646 
5523 0.980646 
5524 0.980646 
5525 0.980646 
5526 0.980646 
5527 0.980646 
5528 0.980646 
5529 0.980395 
5530 0.980395 
5531 0.980395 
5532 0.980395 
5533 0.980395 
5534 0.980395 
5535 0.980395 
5536 0.980395 
5537 0.979638 
5538 0.979638 
5539 0.979638 
5540 0.979638 
5541 0.979638 
5542 0.979638 
5543 0.979638 
5544 0.979638 
5545 0.979374 
5546 0.979374 
5547 0.979374 
5548 0.979374 
5549 0.979374 
5550 0.979374 
5551 0.979374 
5552 0.979374 
5553 0.977973 
5554 0.977973 
5555 0.977973 
5556 0.977973 
5557 0.977973 
5558 0.977973 
5559 0.977973 
5560 0.977973 
5561 0.977282 
5562 0.977282 
5563 0.977282 
5564 0.977282 
5565 0.977282 
5566 0.977282 
5567 0.977282 
5568 0.977282 
5569 0.973404 
5570 0.973404 
5571 0.973404 
5572 0.973404 
5573 0.973404 
5574 0.973404 
5575 0.973404 
5576 0.973404 
5577 0.973192 
5578 0.973192 
5579 0.973192 
5580 0.973192 
5581 0.973192 
5582 0.973192 
5583 0.973192 
5584 0.973192 
5585 0.972815 
5586 0.972815 
5587 0.972815 
5588 0.972815 
5589 0.972815 
5590 0.972815 
5591 0.972815 
5592 0.972815 
5593 0.973490 
5594 0.973490 
5595 0.973490 
5596 0.973490 
5597 0.973490 
5598 0.973490 
5599 0.973490 
5600 0.973490 
5601 0.973447 
5602 0.973447 
5603 0.973447 
5604 0.973447 
5605 0.973447 
5606 0.973447 
5607 0.973447 
5608 0.973447 
5609 0.972654 
5610 0.972654 
5611 0.972654 
5612 0.972654 
5613 0.972654 
5614 0.972654 
5615 0.972654 
5616 0.972654 
5617 0.971374 
5618 0.971374 
5619 0.971374 
5620 0.971374 
5621 0.971374 
5622 0.971374 
5623 0.971374 
5624 0.971374 
5625 0.969859 
5626 0.969859 
5627 0.969859 
5628 0.969859 
5629 0.969859 
5630 0.969859 
5631 0.969859 
5632 0.969859 
5633 0.970553 
5634 0.970553 
5635 0.970553 
5636 0.970553 
5637 0.970553 
5638 0.970553 
5639 0.970553 
5640 0.970553 
5641 0.972167 
5642 0.972167 
5643 0.972167 
5644 0.972167 
5645 0.972167 
5646 0.972167 
5647 0.972167 
5648 0.972167 
5649 0.972088 
5650 0.972088 
5651 0.972088 
5652 0.972088 
5653 0.972088 
5654 0.972088 
5655 0.972088 
5656 0.972088 
5657 0.972269 
5658 0.972269 
5659 0.972269 
5660 0.972269 
5661 0.972269 
5662 0.972269 
5663 0.972269 
5664 0.972269 
5665 0.972634 
5666 0.972634 
5667 0.972634 
5668 0.972634 
5669 0.972634 
5670 0.972634 
5671 0.972634 
5672 0.972634 
5673 0.974279 
5674 0.974279 
5675 0.974279 
5676 0.974279 
5677 0.974279 
5678 0.974279 
5679 0.974279 
5680 0.974279 
5681 0.974730 
5682 0.974730 
5683 0.974730 
5684 0.974730 
5685 0.974730 
5686 0.974730 
5687 0.974730 
5688 0.974730 
5689 0.974271 
5690 0.974271 
5691 0.974271 
5692 0.974271 
5693 0.974271 
5694 0.974271 
5695 0.974271 
5696 0.974271 
5697 0.974801 
5698 0.974801 
5699 0.974801 
5700 0.974801 
5701 0.974801 
5702 0.974801 
5703 0.974801 
5704 0.974801 
5705 0.974707 
5706 0.974707 
5707 0.974707 
5708 0.974707 
5709 0.974707 
5710 0.974707 
5711 0.974707 
5712 0.974707 
5713 0.974864 
5714 0.974864 
5715 0.974864 
5716 0.974864 
5717 0.974864 
5718 0.974864 
5719 0.974864 
5720 0.974864 
5721 0.974770 
5722 0.974770 
5723 0.974770 
5724 0.974770 
5725 0.974770 
5726 0.974770 
5727 0.974770 
5728 0.974770 
5729 0.974911 
5730 0.974911 
5731 0.974911 
5732 0.974911 
5733 0.974911 
5734 0.974911 
5735 0.974911 
5736 0.974911 
Time taken: 226.219687
