1 0.164042 
2 0.164042 
3 0.164042 
4 0.164042 
5 0.164042 
6 0.164042 
7 0.164042 
8 0.164042 
9 0.164042 
10 0.164042 
11 0.164042 
12 0.164042 
13 0.280308 
14 0.280308 
15 0.280308 
16 0.280308 
17 0.280308 
18 0.280308 
19 0.280308 
20 0.280308 
21 0.280308 
22 0.280308 
23 0.280308 
24 0.280308 
25 0.276596 
26 0.276596 
27 0.276596 
28 0.276596 
29 0.276596 
30 0.276596 
31 0.276596 
32 0.276596 
33 0.276596 
34 0.276596 
35 0.276596 
36 0.276596 
37 0.288941 
38 0.288941 
39 0.288941 
40 0.288941 
41 0.288941 
42 0.288941 
43 0.288941 
44 0.288941 
45 0.288941 
46 0.288941 
47 0.288941 
48 0.288941 
49 0.276271 
50 0.276271 
51 0.276271 
52 0.276271 
53 0.276271 
54 0.276271 
55 0.276271 
56 0.276271 
57 0.276271 
58 0.276271 
59 0.276271 
60 0.276271 
61 0.259781 
62 0.259781 
63 0.259781 
64 0.259781 
65 0.259781 
66 0.259781 
67 0.259781 
68 0.259781 
69 0.259781 
70 0.259781 
71 0.259781 
72 0.259781 
73 0.261980 
74 0.261980 
75 0.261980 
76 0.261980 
77 0.261980 
78 0.261980 
79 0.261980 
80 0.261980 
81 0.261980 
82 0.261980 
83 0.261980 
84 0.261980 
85 0.302464 
86 0.302464 
87 0.302464 
88 0.302464 
89 0.302464 
90 0.302464 
91 0.302464 
92 0.302464 
93 0.302464 
94 0.302464 
95 0.302464 
96 0.302464 
97 0.411107 
98 0.411107 
99 0.411107 
100 0.411107 
101 0.411107 
102 0.411107 
103 0.411107 
104 0.411107 
105 0.411107 
106 0.411107 
107 0.411107 
108 0.411107 
109 0.438103 
110 0.438103 
111 0.438103 
112 0.438103 
113 0.438103 
114 0.438103 
115 0.438103 
116 0.438103 
117 0.438103 
118 0.438103 
119 0.438103 
120 0.438103 
121 0.484074 
122 0.484074 
123 0.484074 
124 0.484074 
125 0.484074 
126 0.484074 
127 0.484074 
128 0.484074 
129 0.484074 
130 0.484074 
131 0.484074 
132 0.484074 
133 0.461671 
134 0.461671 
135 0.461671 
136 0.461671 
137 0.461671 
138 0.461671 
139 0.461671 
140 0.461671 
141 0.461671 
142 0.461671 
143 0.461671 
144 0.461671 
145 0.427785 
146 0.427785 
147 0.427785 
148 0.427785 
149 0.427785 
150 0.427785 
151 0.427785 
152 0.427785 
153 0.427785 
154 0.427785 
155 0.427785 
156 0.427785 
157 0.400056 
158 0.400056 
159 0.400056 
160 0.400056 
161 0.400056 
162 0.400056 
163 0.400056 
164 0.400056 
165 0.400056 
166 0.400056 
167 0.400056 
168 0.400056 
169 0.389370 
170 0.389370 
171 0.389370 
172 0.389370 
173 0.389370 
174 0.389370 
175 0.389370 
176 0.389370 
177 0.389370 
178 0.389370 
179 0.389370 
180 0.389370 
181 0.372978 
182 0.372978 
183 0.372978 
184 0.372978 
185 0.372978 
186 0.372978 
187 0.372978 
188 0.372978 
189 0.372978 
190 0.372978 
191 0.372978 
192 0.372978 
193 0.359462 
194 0.359462 
195 0.359462 
196 0.359462 
197 0.359462 
198 0.359462 
199 0.359462 
200 0.359462 
201 0.359462 
202 0.359462 
203 0.359462 
204 0.359462 
205 0.356915 
206 0.356915 
207 0.356915 
208 0.356915 
209 0.356915 
210 0.356915 
211 0.356915 
212 0.356915 
213 0.356915 
214 0.356915 
215 0.356915 
216 0.356915 
217 0.357828 
218 0.357828 
219 0.357828 
220 0.357828 
221 0.357828 
222 0.357828 
223 0.357828 
224 0.357828 
225 0.357828 
226 0.357828 
227 0.357828 
228 0.357828 
229 0.366308 
230 0.366308 
231 0.366308 
232 0.366308 
233 0.366308 
234 0.366308 
235 0.366308 
236 0.366308 
237 0.366308 
238 0.366308 
239 0.366308 
240 0.366308 
241 0.363765 
242 0.363765 
243 0.363765 
244 0.363765 
245 0.363765 
246 0.363765 
247 0.363765 
248 0.363765 
249 0.363765 
250 0.363765 
251 0.363765 
252 0.363765 
253 0.357922 
254 0.357922 
255 0.357922 
256 0.357922 
257 0.357922 
258 0.357922 
259 0.357922 
260 0.357922 
261 0.357922 
262 0.357922 
263 0.357922 
264 0.357922 
265 0.355673 
266 0.355673 
267 0.355673 
268 0.355673 
269 0.355673 
270 0.355673 
271 0.355673 
272 0.355673 
273 0.355673 
274 0.355673 
275 0.355673 
276 0.355673 
277 0.352996 
278 0.352996 
279 0.352996 
280 0.352996 
281 0.352996 
282 0.352996 
283 0.352996 
284 0.352996 
285 0.352996 
286 0.352996 
287 0.352996 
288 0.352996 
289 0.352671 
290 0.352671 
291 0.352671 
292 0.352671 
293 0.352671 
294 0.352671 
295 0.352671 
296 0.352671 
297 0.352671 
298 0.352671 
299 0.352671 
300 0.352671 
301 0.351268 
302 0.351268 
303 0.351268 
304 0.351268 
305 0.351268 
306 0.351268 
307 0.351268 
308 0.351268 
309 0.351268 
310 0.351268 
311 0.351268 
312 0.351268 
313 0.351303 
314 0.351303 
315 0.351303 
316 0.351303 
317 0.351303 
318 0.351303 
319 0.351303 
320 0.351303 
321 0.351303 
322 0.351303 
323 0.351303 
324 0.351303 
325 0.355105 
326 0.355105 
327 0.355105 
328 0.355105 
329 0.355105 
330 0.355105 
331 0.355105 
332 0.355105 
333 0.355105 
334 0.355105 
335 0.355105 
336 0.355105 
337 0.354415 
338 0.354415 
339 0.354415 
340 0.354415 
341 0.354415 
342 0.354415 
343 0.354415 
344 0.354415 
345 0.354415 
346 0.354415 
347 0.354415 
348 0.354415 
349 0.405014 
350 0.405014 
351 0.405014 
352 0.405014 
353 0.405014 
354 0.405014 
355 0.405014 
356 0.405014 
357 0.405014 
358 0.405014 
359 0.405014 
360 0.405014 
361 0.405958 
362 0.405958 
363 0.405958 
364 0.405958 
365 0.405958 
366 0.405958 
367 0.405958 
368 0.405958 
369 0.405958 
370 0.405958 
371 0.405958 
372 0.405958 
373 0.396961 
374 0.396961 
375 0.396961 
376 0.396961 
377 0.396961 
378 0.396961 
379 0.396961 
380 0.396961 
381 0.396961 
382 0.396961 
383 0.396961 
384 0.396961 
385 0.388625 
386 0.388625 
387 0.388625 
388 0.388625 
389 0.388625 
390 0.388625 
391 0.388625 
392 0.388625 
393 0.388625 
394 0.388625 
395 0.388625 
396 0.388625 
397 0.410700 
398 0.410700 
399 0.410700 
400 0.410700 
401 0.410700 
402 0.410700 
403 0.410700 
404 0.410700 
405 0.410700 
406 0.410700 
407 0.410700 
408 0.410700 
409 0.430540 
410 0.430540 
411 0.430540 
412 0.430540 
413 0.430540 
414 0.430540 
415 0.430540 
416 0.430540 
417 0.430540 
418 0.430540 
419 0.430540 
420 0.430540 
421 0.518563 
422 0.518563 
423 0.518563 
424 0.518563 
425 0.518563 
426 0.518563 
427 0.518563 
428 0.518563 
429 0.518563 
430 0.518563 
431 0.518563 
432 0.518563 
433 0.604015 
434 0.604015 
435 0.604015 
436 0.604015 
437 0.604015 
438 0.604015 
439 0.604015 
440 0.604015 
441 0.604015 
442 0.604015 
443 0.604015 
444 0.604015 
445 0.664995 
446 0.664995 
447 0.664995 
448 0.664995 
449 0.664995 
450 0.664995 
451 0.664995 
452 0.664995 
453 0.664995 
454 0.664995 
455 0.664995 
456 0.664995 
457 0.699773 
458 0.699773 
459 0.699773 
460 0.699773 
461 0.699773 
462 0.699773 
463 0.699773 
464 0.699773 
465 0.699773 
466 0.699773 
467 0.699773 
468 0.699773 
469 0.729599 
470 0.729599 
471 0.729599 
472 0.729599 
473 0.729599 
474 0.729599 
475 0.729599 
476 0.729599 
477 0.729599 
478 0.729599 
479 0.729599 
480 0.729599 
481 0.729681 
482 0.729681 
483 0.729681 
484 0.729681 
485 0.729681 
486 0.729681 
487 0.729681 
488 0.729681 
489 0.729681 
490 0.729681 
491 0.729681 
492 0.729681 
493 0.727710 
494 0.727710 
495 0.727710 
496 0.727710 
497 0.727710 
498 0.727710 
499 0.727710 
500 0.727710 
501 0.727710 
502 0.727710 
503 0.727710 
504 0.727710 
505 0.749181 
506 0.749181 
507 0.749181 
508 0.749181 
509 0.749181 
510 0.749181 
511 0.749181 
512 0.749181 
513 0.749181 
514 0.749181 
515 0.749181 
516 0.749181 
517 0.790543 
518 0.790543 
519 0.790543 
520 0.790543 
521 0.790543 
522 0.790543 
523 0.790543 
524 0.790543 
525 0.790543 
526 0.790543 
527 0.790543 
528 0.790543 
529 0.900523 
530 0.900523 
531 0.900523 
532 0.900523 
533 0.900523 
534 0.900523 
535 0.900523 
536 0.900523 
537 0.900523 
538 0.900523 
539 0.900523 
540 0.900523 
541 0.923690 
542 0.923690 
543 0.923690 
544 0.923690 
545 0.923690 
546 0.923690 
547 0.923690 
548 0.923690 
549 0.923690 
550 0.923690 
551 0.923690 
552 0.923690 
553 0.953069 
554 0.953069 
555 0.953069 
556 0.953069 
557 0.953069 
558 0.953069 
559 0.953069 
560 0.953069 
561 0.953069 
562 0.953069 
563 0.953069 
564 0.953069 
565 0.952564 
566 0.952564 
567 0.952564 
568 0.952564 
569 0.952564 
570 0.952564 
571 0.952564 
572 0.952564 
573 0.952564 
574 0.952564 
575 0.952564 
576 0.952564 
577 0.946011 
578 0.946011 
579 0.946011 
580 0.946011 
581 0.946011 
582 0.946011 
583 0.946011 
584 0.946011 
585 0.946011 
586 0.946011 
587 0.946011 
588 0.946011 
589 0.951431 
590 0.951431 
591 0.951431 
592 0.951431 
593 0.951431 
594 0.951431 
595 0.951431 
596 0.951431 
597 0.951431 
598 0.951431 
599 0.951431 
600 0.951431 
601 0.971863 
602 0.971863 
603 0.971863 
604 0.971863 
605 0.971863 
606 0.971863 
607 0.971863 
608 0.971863 
609 0.971863 
610 0.971863 
611 0.971863 
612 0.971863 
613 0.977213 
614 0.977213 
615 0.977213 
616 0.977213 
617 0.977213 
618 0.977213 
619 0.977213 
620 0.977213 
621 0.977213 
622 0.977213 
623 0.977213 
624 0.977213 
625 0.980367 
626 0.980367 
627 0.980367 
628 0.980367 
629 0.980367 
630 0.980367 
631 0.980367 
632 0.980367 
633 0.980367 
634 0.980367 
635 0.980367 
636 0.980367 
637 0.981868 
638 0.981868 
639 0.981868 
640 0.981868 
641 0.981868 
642 0.981868 
643 0.981868 
644 0.981868 
645 0.981868 
646 0.981868 
647 0.981868 
648 0.981868 
649 0.981739 
650 0.981739 
651 0.981739 
652 0.981739 
653 0.981739 
654 0.981739 
655 0.981739 
656 0.981739 
657 0.981739 
658 0.981739 
659 0.981739 
660 0.981739 
661 0.980218 
662 0.980218 
663 0.980218 
664 0.980218 
665 0.980218 
666 0.980218 
667 0.980218 
668 0.980218 
669 0.980218 
670 0.980218 
671 0.980218 
672 0.980218 
673 0.980904 
674 0.980904 
675 0.980904 
676 0.980904 
677 0.980904 
678 0.980904 
679 0.980904 
680 0.980904 
681 0.980904 
682 0.980904 
683 0.980904 
684 0.980904 
685 0.981163 
686 0.981163 
687 0.981163 
688 0.981163 
689 0.981163 
690 0.981163 
691 0.981163 
692 0.981163 
693 0.981163 
694 0.981163 
695 0.981163 
696 0.981163 
697 0.981025 
698 0.981025 
699 0.981025 
700 0.981025 
701 0.981025 
702 0.981025 
703 0.981025 
704 0.981025 
705 0.981025 
706 0.981025 
707 0.981025 
708 0.981025 
709 0.980626 
710 0.980626 
711 0.980626 
712 0.980626 
713 0.980626 
714 0.980626 
715 0.980626 
716 0.980626 
717 0.980626 
718 0.980626 
719 0.980626 
720 0.980626 
721 0.980645 
722 0.980645 
723 0.980645 
724 0.980645 
725 0.980645 
726 0.980645 
727 0.980645 
728 0.980645 
729 0.980645 
730 0.980645 
731 0.980645 
732 0.980645 
733 0.980677 
734 0.980677 
735 0.980677 
736 0.980677 
737 0.980677 
738 0.980677 
739 0.980677 
740 0.980677 
741 0.980677 
742 0.980677 
743 0.980677 
744 0.980677 
745 0.980312 
746 0.980312 
747 0.980312 
748 0.980312 
749 0.980312 
750 0.980312 
751 0.980312 
752 0.980312 
753 0.980312 
754 0.980312 
755 0.980312 
756 0.980312 
757 0.980273 
758 0.980273 
759 0.980273 
760 0.980273 
761 0.980273 
762 0.980273 
763 0.980273 
764 0.980273 
765 0.980273 
766 0.980273 
767 0.980273 
768 0.980273 
769 0.980011 
770 0.980011 
771 0.980011 
772 0.980011 
773 0.980011 
774 0.980011 
775 0.980011 
776 0.980011 
777 0.980011 
778 0.980011 
779 0.980011 
780 0.980011 
781 0.980128 
782 0.980128 
783 0.980128 
784 0.980128 
785 0.980128 
786 0.980128 
787 0.980128 
788 0.980128 
789 0.980128 
790 0.980128 
791 0.980128 
792 0.980128 
793 0.979474 
794 0.979474 
795 0.979474 
796 0.979474 
797 0.979474 
798 0.979474 
799 0.979474 
800 0.979474 
801 0.979474 
802 0.979474 
803 0.979474 
804 0.979474 
805 0.977651 
806 0.977651 
807 0.977651 
808 0.977651 
809 0.977651 
810 0.977651 
811 0.977651 
812 0.977651 
813 0.977651 
814 0.977651 
815 0.977651 
816 0.977651 
817 0.976966 
818 0.976966 
819 0.976966 
820 0.976966 
821 0.976966 
822 0.976966 
823 0.976966 
824 0.976966 
825 0.976966 
826 0.976966 
827 0.976966 
828 0.976966 
829 0.975700 
830 0.975700 
831 0.975700 
832 0.975700 
833 0.975700 
834 0.975700 
835 0.975700 
836 0.975700 
837 0.975700 
838 0.975700 
839 0.975700 
840 0.975700 
841 0.976303 
842 0.976303 
843 0.976303 
844 0.976303 
845 0.976303 
846 0.976303 
847 0.976303 
848 0.976303 
849 0.976303 
850 0.976303 
851 0.976303 
852 0.976303 
853 0.976542 
854 0.976542 
855 0.976542 
856 0.976542 
857 0.976542 
858 0.976542 
859 0.976542 
860 0.976542 
861 0.976542 
862 0.976542 
863 0.976542 
864 0.976542 
865 0.976131 
866 0.976131 
867 0.976131 
868 0.976131 
869 0.976131 
870 0.976131 
871 0.976131 
872 0.976131 
873 0.976131 
874 0.976131 
875 0.976131 
876 0.976131 
877 0.975723 
878 0.975723 
879 0.975723 
880 0.975723 
881 0.975723 
882 0.975723 
883 0.975723 
884 0.975723 
885 0.975723 
886 0.975723 
887 0.975723 
888 0.975723 
889 0.976468 
890 0.976468 
891 0.976468 
892 0.976468 
893 0.976468 
894 0.976468 
895 0.976468 
896 0.976468 
897 0.976468 
898 0.976468 
899 0.976468 
900 0.976468 
901 0.976331 
902 0.976331 
903 0.976331 
904 0.976331 
905 0.976331 
906 0.976331 
907 0.976331 
908 0.976331 
909 0.976331 
910 0.976331 
911 0.976331 
912 0.976331 
913 0.975880 
914 0.975880 
915 0.975880 
916 0.975880 
917 0.975880 
918 0.975880 
919 0.975880 
920 0.975880 
921 0.975880 
922 0.975880 
923 0.975880 
924 0.975880 
925 0.976037 
926 0.976037 
927 0.976037 
928 0.976037 
929 0.976037 
930 0.976037 
931 0.976037 
932 0.976037 
933 0.976037 
934 0.976037 
935 0.976037 
936 0.976037 
937 0.976131 
938 0.976131 
939 0.976131 
940 0.976131 
941 0.976131 
942 0.976131 
943 0.976131 
944 0.976131 
945 0.976131 
946 0.976131 
947 0.976131 
948 0.976131 
949 0.976315 
950 0.976315 
951 0.976315 
952 0.976315 
953 0.976315 
954 0.976315 
955 0.976315 
956 0.976315 
957 0.976315 
958 0.976315 
959 0.976315 
960 0.976315 
961 0.976605 
962 0.976605 
963 0.976605 
964 0.976605 
965 0.976605 
966 0.976605 
967 0.976605 
968 0.976605 
969 0.976605 
970 0.976605 
971 0.976605 
972 0.976605 
973 0.976394 
974 0.976394 
975 0.976394 
976 0.976394 
977 0.976394 
978 0.976394 
979 0.976394 
980 0.976394 
981 0.976394 
982 0.976394 
983 0.976394 
984 0.976394 
985 0.976268 
986 0.976268 
987 0.976268 
988 0.976268 
989 0.976268 
990 0.976268 
991 0.976268 
992 0.976268 
993 0.976268 
994 0.976268 
995 0.976268 
996 0.976268 
997 0.976382 
998 0.976382 
999 0.976382 
1000 0.976382 
1001 0.976382 
1002 0.976382 
1003 0.976382 
1004 0.976382 
1005 0.976382 
1006 0.976382 
1007 0.976382 
1008 0.976382 
1009 0.976636 
1010 0.976636 
1011 0.976636 
1012 0.976636 
1013 0.976636 
1014 0.976636 
1015 0.976636 
1016 0.976636 
1017 0.976636 
1018 0.976636 
1019 0.976636 
1020 0.976636 
1021 0.975817 
1022 0.975817 
1023 0.975817 
1024 0.975817 
1025 0.975817 
1026 0.975817 
1027 0.975817 
1028 0.975817 
1029 0.975817 
1030 0.975817 
1031 0.975817 
1032 0.975817 
1033 0.975994 
1034 0.975994 
1035 0.975994 
1036 0.975994 
1037 0.975994 
1038 0.975994 
1039 0.975994 
1040 0.975994 
1041 0.975994 
1042 0.975994 
1043 0.975994 
1044 0.975994 
1045 0.976707 
1046 0.976707 
1047 0.976707 
1048 0.976707 
1049 0.976707 
1050 0.976707 
1051 0.976707 
1052 0.976707 
1053 0.976707 
1054 0.976707 
1055 0.976707 
1056 0.976707 
1057 0.976785 
1058 0.976785 
1059 0.976785 
1060 0.976785 
1061 0.976785 
1062 0.976785 
1063 0.976785 
1064 0.976785 
1065 0.976785 
1066 0.976785 
1067 0.976785 
1068 0.976785 
1069 0.976209 
1070 0.976209 
1071 0.976209 
1072 0.976209 
1073 0.976209 
1074 0.976209 
1075 0.976209 
1076 0.976209 
1077 0.976209 
1078 0.976209 
1079 0.976209 
1080 0.976209 
1081 0.976123 
1082 0.976123 
1083 0.976123 
1084 0.976123 
1085 0.976123 
1086 0.976123 
1087 0.976123 
1088 0.976123 
1089 0.976123 
1090 0.976123 
1091 0.976123 
1092 0.976123 
1093 0.976832 
1094 0.976832 
1095 0.976832 
1096 0.976832 
1097 0.976832 
1098 0.976832 
1099 0.976832 
1100 0.976832 
1101 0.976832 
1102 0.976832 
1103 0.976832 
1104 0.976832 
1105 0.976433 
1106 0.976433 
1107 0.976433 
1108 0.976433 
1109 0.976433 
1110 0.976433 
1111 0.976433 
1112 0.976433 
1113 0.976433 
1114 0.976433 
1115 0.976433 
1116 0.976433 
1117 0.976429 
1118 0.976429 
1119 0.976429 
1120 0.976429 
1121 0.976429 
1122 0.976429 
1123 0.976429 
1124 0.976429 
1125 0.976429 
1126 0.976429 
1127 0.976429 
1128 0.976429 
1129 0.976887 
1130 0.976887 
1131 0.976887 
1132 0.976887 
1133 0.976887 
1134 0.976887 
1135 0.976887 
1136 0.976887 
1137 0.976887 
1138 0.976887 
1139 0.976887 
1140 0.976887 
1141 0.976570 
1142 0.976570 
1143 0.976570 
1144 0.976570 
1145 0.976570 
1146 0.976570 
1147 0.976570 
1148 0.976570 
1149 0.976570 
1150 0.976570 
1151 0.976570 
1152 0.976570 
1153 0.976766 
1154 0.976766 
1155 0.976766 
1156 0.976766 
1157 0.976766 
1158 0.976766 
1159 0.976766 
1160 0.976766 
1161 0.976766 
1162 0.976766 
1163 0.976766 
1164 0.976766 
1165 0.976609 
1166 0.976609 
1167 0.976609 
1168 0.976609 
1169 0.976609 
1170 0.976609 
1171 0.976609 
1172 0.976609 
1173 0.976609 
1174 0.976609 
1175 0.976609 
1176 0.976609 
1177 0.976836 
1178 0.976836 
1179 0.976836 
1180 0.976836 
1181 0.976836 
1182 0.976836 
1183 0.976836 
1184 0.976836 
1185 0.976836 
1186 0.976836 
1187 0.976836 
1188 0.976836 
1189 0.975645 
1190 0.975645 
1191 0.975645 
1192 0.975645 
1193 0.975645 
1194 0.975645 
1195 0.975645 
1196 0.975645 
1197 0.975645 
1198 0.975645 
1199 0.975645 
1200 0.975645 
1201 0.976550 
1202 0.976550 
1203 0.976550 
1204 0.976550 
1205 0.976550 
1206 0.976550 
1207 0.976550 
1208 0.976550 
1209 0.976550 
1210 0.976550 
1211 0.976550 
1212 0.976550 
1213 0.976233 
1214 0.976233 
1215 0.976233 
1216 0.976233 
1217 0.976233 
1218 0.976233 
1219 0.976233 
1220 0.976233 
1221 0.976233 
1222 0.976233 
1223 0.976233 
1224 0.976233 
1225 0.976386 
1226 0.976386 
1227 0.976386 
1228 0.976386 
1229 0.976386 
1230 0.976386 
1231 0.976386 
1232 0.976386 
1233 0.976386 
1234 0.976386 
1235 0.976386 
1236 0.976386 
1237 0.976104 
1238 0.976104 
1239 0.976104 
1240 0.976104 
1241 0.976104 
1242 0.976104 
1243 0.976104 
1244 0.976104 
1245 0.976104 
1246 0.976104 
1247 0.976104 
1248 0.976104 
1249 0.975974 
1250 0.975974 
1251 0.975974 
1252 0.975974 
1253 0.975974 
1254 0.975974 
1255 0.975974 
1256 0.975974 
1257 0.975974 
1258 0.975974 
1259 0.975974 
1260 0.975974 
1261 0.975841 
1262 0.975841 
1263 0.975841 
1264 0.975841 
1265 0.975841 
1266 0.975841 
1267 0.975841 
1268 0.975841 
1269 0.975841 
1270 0.975841 
1271 0.975841 
1272 0.975841 
1273 0.976323 
1274 0.976323 
1275 0.976323 
1276 0.976323 
1277 0.976323 
1278 0.976323 
1279 0.976323 
1280 0.976323 
1281 0.976323 
1282 0.976323 
1283 0.976323 
1284 0.976323 
1285 0.975974 
1286 0.975974 
1287 0.975974 
1288 0.975974 
1289 0.975974 
1290 0.975974 
1291 0.975974 
1292 0.975974 
1293 0.975974 
1294 0.975974 
1295 0.975974 
1296 0.975974 
1297 0.976343 
1298 0.976343 
1299 0.976343 
1300 0.976343 
1301 0.976343 
1302 0.976343 
1303 0.976343 
1304 0.976343 
1305 0.976343 
1306 0.976343 
1307 0.976343 
1308 0.976343 
1309 0.976962 
1310 0.976962 
1311 0.976962 
1312 0.976962 
1313 0.976962 
1314 0.976962 
1315 0.976962 
1316 0.976962 
1317 0.976962 
1318 0.976962 
1319 0.976962 
1320 0.976962 
1321 0.977118 
1322 0.977118 
1323 0.977118 
1324 0.977118 
1325 0.977118 
1326 0.977118 
1327 0.977118 
1328 0.977118 
1329 0.977118 
1330 0.977118 
1331 0.977118 
1332 0.977118 
1333 0.977326 
1334 0.977326 
1335 0.977326 
1336 0.977326 
1337 0.977326 
1338 0.977326 
1339 0.977326 
1340 0.977326 
1341 0.977326 
1342 0.977326 
1343 0.977326 
1344 0.977326 
1345 0.977213 
1346 0.977213 
1347 0.977213 
1348 0.977213 
1349 0.977213 
1350 0.977213 
1351 0.977213 
1352 0.977213 
1353 0.977213 
1354 0.977213 
1355 0.977213 
1356 0.977213 
1357 0.977401 
1358 0.977401 
1359 0.977401 
1360 0.977401 
1361 0.977401 
1362 0.977401 
1363 0.977401 
1364 0.977401 
1365 0.977401 
1366 0.977401 
1367 0.977401 
1368 0.977401 
1369 0.977373 
1370 0.977373 
1371 0.977373 
1372 0.977373 
1373 0.977373 
1374 0.977373 
1375 0.977373 
1376 0.977373 
1377 0.977373 
1378 0.977373 
1379 0.977373 
1380 0.977373 
1381 0.977600 
1382 0.977600 
1383 0.977600 
1384 0.977600 
1385 0.977600 
1386 0.977600 
1387 0.977600 
1388 0.977600 
1389 0.977600 
1390 0.977600 
1391 0.977600 
1392 0.977600 
1393 0.977107 
1394 0.977107 
1395 0.977107 
1396 0.977107 
1397 0.977107 
1398 0.977107 
1399 0.977107 
1400 0.977107 
1401 0.977107 
1402 0.977107 
1403 0.977107 
1404 0.977107 
1405 0.977898 
1406 0.977898 
1407 0.977898 
1408 0.977898 
1409 0.977898 
1410 0.977898 
1411 0.977898 
1412 0.977898 
1413 0.977898 
1414 0.977898 
1415 0.977898 
1416 0.977898 
1417 0.977863 
1418 0.977863 
1419 0.977863 
1420 0.977863 
1421 0.977863 
1422 0.977863 
1423 0.977863 
1424 0.977863 
1425 0.977863 
1426 0.977863 
1427 0.977863 
1428 0.977863 
1429 0.978345 
1430 0.978345 
1431 0.978345 
1432 0.978345 
1433 0.978345 
1434 0.978345 
1435 0.978345 
1436 0.978345 
1437 0.978345 
1438 0.978345 
1439 0.978345 
1440 0.978345 
1441 0.976742 
1442 0.976742 
1443 0.976742 
1444 0.976742 
1445 0.976742 
1446 0.976742 
1447 0.976742 
1448 0.976742 
1449 0.976742 
1450 0.976742 
1451 0.976742 
1452 0.976742 
1453 0.977354 
1454 0.977354 
1455 0.977354 
1456 0.977354 
1457 0.977354 
1458 0.977354 
1459 0.977354 
1460 0.977354 
1461 0.977354 
1462 0.977354 
1463 0.977354 
1464 0.977354 
1465 0.977722 
1466 0.977722 
1467 0.977722 
1468 0.977722 
1469 0.977722 
1470 0.977722 
1471 0.977722 
1472 0.977722 
1473 0.977722 
1474 0.977722 
1475 0.977722 
1476 0.977722 
1477 0.978666 
1478 0.978666 
1479 0.978666 
1480 0.978666 
1481 0.978666 
1482 0.978666 
1483 0.978666 
1484 0.978666 
1485 0.978666 
1486 0.978666 
1487 0.978666 
1488 0.978666 
1489 0.978941 
1490 0.978941 
1491 0.978941 
1492 0.978941 
1493 0.978941 
1494 0.978941 
1495 0.978941 
1496 0.978941 
1497 0.978941 
1498 0.978941 
1499 0.978941 
1500 0.978941 
1501 0.982566 
1502 0.982566 
1503 0.982566 
1504 0.982566 
1505 0.982566 
1506 0.982566 
1507 0.982566 
1508 0.982566 
1509 0.982566 
1510 0.982566 
1511 0.982566 
1512 0.982566 
1513 0.984925 
1514 0.984925 
1515 0.984925 
1516 0.984925 
1517 0.984925 
1518 0.984925 
1519 0.984925 
1520 0.984925 
1521 0.984925 
1522 0.984925 
1523 0.984925 
1524 0.984925 
1525 0.987950 
1526 0.987950 
1527 0.987950 
1528 0.987950 
1529 0.987950 
1530 0.987950 
1531 0.987950 
1532 0.987950 
1533 0.987950 
1534 0.987950 
1535 0.987950 
1536 0.987950 
1537 0.987781 
1538 0.987781 
1539 0.987781 
1540 0.987781 
1541 0.987781 
1542 0.987781 
1543 0.987781 
1544 0.987781 
1545 0.987781 
1546 0.987781 
1547 0.987781 
1548 0.987781 
1549 0.985869 
1550 0.985869 
1551 0.985869 
1552 0.985869 
1553 0.985869 
1554 0.985869 
1555 0.985869 
1556 0.985869 
1557 0.985869 
1558 0.985869 
1559 0.985869 
1560 0.985869 
1561 0.986719 
1562 0.986719 
1563 0.986719 
1564 0.986719 
1565 0.986719 
1566 0.986719 
1567 0.986719 
1568 0.986719 
1569 0.986719 
1570 0.986719 
1571 0.986719 
1572 0.986719 
1573 0.984458 
1574 0.984458 
1575 0.984458 
1576 0.984458 
1577 0.984458 
1578 0.984458 
1579 0.984458 
1580 0.984458 
1581 0.984458 
1582 0.984458 
1583 0.984458 
1584 0.984458 
1585 0.983341 
1586 0.983341 
1587 0.983341 
1588 0.983341 
1589 0.983341 
1590 0.983341 
1591 0.983341 
1592 0.983341 
1593 0.983341 
1594 0.983341 
1595 0.983341 
1596 0.983341 
1597 0.984388 
1598 0.984388 
1599 0.984388 
1600 0.984388 
1601 0.984388 
1602 0.984388 
1603 0.984388 
1604 0.984388 
1605 0.984388 
1606 0.984388 
1607 0.984388 
1608 0.984388 
1609 0.986563 
1610 0.986563 
1611 0.986563 
1612 0.986563 
1613 0.986563 
1614 0.986563 
1615 0.986563 
1616 0.986563 
1617 0.986563 
1618 0.986563 
1619 0.986563 
1620 0.986563 
1621 0.988890 
1622 0.988890 
1623 0.988890 
1624 0.988890 
1625 0.988890 
1626 0.988890 
1627 0.988890 
1628 0.988890 
1629 0.988890 
1630 0.988890 
1631 0.988890 
1632 0.988890 
1633 0.990125 
1634 0.990125 
1635 0.990125 
1636 0.990125 
1637 0.990125 
1638 0.990125 
1639 0.990125 
1640 0.990125 
1641 0.990125 
1642 0.990125 
1643 0.990125 
1644 0.990125 
1645 0.990560 
1646 0.990560 
1647 0.990560 
1648 0.990560 
1649 0.990560 
1650 0.990560 
1651 0.990560 
1652 0.990560 
1653 0.990560 
1654 0.990560 
1655 0.990560 
1656 0.990560 
1657 0.989314 
1658 0.989314 
1659 0.989314 
1660 0.989314 
1661 0.989314 
1662 0.989314 
1663 0.989314 
1664 0.989314 
1665 0.989314 
1666 0.989314 
1667 0.989314 
1668 0.989314 
1669 0.986841 
1670 0.986841 
1671 0.986841 
1672 0.986841 
1673 0.986841 
1674 0.986841 
1675 0.986841 
1676 0.986841 
1677 0.986841 
1678 0.986841 
1679 0.986841 
1680 0.986841 
1681 0.981445 
1682 0.981445 
1683 0.981445 
1684 0.981445 
1685 0.981445 
1686 0.981445 
1687 0.981445 
1688 0.981445 
1689 0.981445 
1690 0.981445 
1691 0.981445 
1692 0.981445 
1693 0.972710 
1694 0.972710 
1695 0.972710 
1696 0.972710 
1697 0.972710 
1698 0.972710 
1699 0.972710 
1700 0.972710 
1701 0.972710 
1702 0.972710 
1703 0.972710 
1704 0.972710 
1705 0.977879 
1706 0.977879 
1707 0.977879 
1708 0.977879 
1709 0.977879 
1710 0.977879 
1711 0.977879 
1712 0.977879 
1713 0.977879 
1714 0.977879 
1715 0.977879 
1716 0.977879 
1717 0.967953 
1718 0.967953 
1719 0.967953 
1720 0.967953 
1721 0.967953 
1722 0.967953 
1723 0.967953 
1724 0.967953 
1725 0.967953 
1726 0.967953 
1727 0.967953 
1728 0.967953 
1729 0.976523 
1730 0.976523 
1731 0.976523 
1732 0.976523 
1733 0.976523 
1734 0.976523 
1735 0.976523 
1736 0.976523 
1737 0.976523 
1738 0.976523 
1739 0.976523 
1740 0.976523 
1741 0.930826 
1742 0.930826 
1743 0.930826 
1744 0.930826 
1745 0.930826 
1746 0.930826 
1747 0.930826 
1748 0.930826 
1749 0.930826 
1750 0.930826 
1751 0.930826 
1752 0.930826 
1753 0.703328 
1754 0.703328 
1755 0.703328 
1756 0.703328 
1757 0.703328 
1758 0.703328 
1759 0.703328 
1760 0.703328 
1761 0.703328 
1762 0.703328 
1763 0.703328 
1764 0.703328 
1765 0.682543 
1766 0.682543 
1767 0.682543 
1768 0.682543 
1769 0.682543 
1770 0.682543 
1771 0.682543 
1772 0.682543 
1773 0.682543 
1774 0.682543 
1775 0.682543 
1776 0.682543 
1777 0.833783 
1778 0.833783 
1779 0.833783 
1780 0.833783 
1781 0.833783 
1782 0.833783 
1783 0.833783 
1784 0.833783 
1785 0.833783 
1786 0.833783 
1787 0.833783 
1788 0.833783 
1789 0.797131 
1790 0.797131 
1791 0.797131 
1792 0.797131 
1793 0.797131 
1794 0.797131 
1795 0.797131 
1796 0.797131 
1797 0.797131 
1798 0.797131 
1799 0.797131 
1800 0.797131 
1801 0.745533 
1802 0.745533 
1803 0.745533 
1804 0.745533 
1805 0.745533 
1806 0.745533 
1807 0.745533 
1808 0.745533 
1809 0.745533 
1810 0.745533 
1811 0.745533 
1812 0.745533 
1813 0.742617 
1814 0.742617 
1815 0.742617 
1816 0.742617 
1817 0.742617 
1818 0.742617 
1819 0.742617 
1820 0.742617 
1821 0.742617 
1822 0.742617 
1823 0.742617 
1824 0.742617 
1825 0.720562 
1826 0.720562 
1827 0.720562 
1828 0.720562 
1829 0.720562 
1830 0.720562 
1831 0.720562 
1832 0.720562 
1833 0.720562 
1834 0.720562 
1835 0.720562 
1836 0.720562 
1837 0.647697 
1838 0.647697 
1839 0.647697 
1840 0.647697 
1841 0.647697 
1842 0.647697 
1843 0.647697 
1844 0.647697 
1845 0.647697 
1846 0.647697 
1847 0.647697 
1848 0.647697 
1849 0.553350 
1850 0.553350 
1851 0.553350 
1852 0.553350 
1853 0.553350 
1854 0.553350 
1855 0.553350 
1856 0.553350 
1857 0.553350 
1858 0.553350 
1859 0.553350 
1860 0.553350 
1861 0.601335 
1862 0.601335 
1863 0.601335 
1864 0.601335 
1865 0.601335 
1866 0.601335 
1867 0.601335 
1868 0.601335 
1869 0.601335 
1870 0.601335 
1871 0.601335 
1872 0.601335 
1873 0.692363 
1874 0.692363 
1875 0.692363 
1876 0.692363 
1877 0.692363 
1878 0.692363 
1879 0.692363 
1880 0.692363 
1881 0.692363 
1882 0.692363 
1883 0.692363 
1884 0.692363 
1885 0.643743 
1886 0.643743 
1887 0.643743 
1888 0.643743 
1889 0.643743 
1890 0.643743 
1891 0.643743 
1892 0.643743 
1893 0.643743 
1894 0.643743 
1895 0.643743 
1896 0.643743 
1897 0.654120 
1898 0.654120 
1899 0.654120 
1900 0.654120 
1901 0.654120 
1902 0.654120 
1903 0.654120 
1904 0.654120 
1905 0.654120 
1906 0.654120 
1907 0.654120 
1908 0.654120 
1909 0.799380 
1910 0.799380 
1911 0.799380 
1912 0.799380 
1913 0.799380 
1914 0.799380 
1915 0.799380 
1916 0.799380 
1917 0.799380 
1918 0.799380 
1919 0.799380 
1920 0.799380 
1921 0.865854 
1922 0.865854 
1923 0.865854 
1924 0.865854 
1925 0.865854 
1926 0.865854 
1927 0.865854 
1928 0.865854 
1929 0.865854 
1930 0.865854 
1931 0.865854 
1932 0.865854 
1933 0.475896 
1934 0.475896 
1935 0.475896 
1936 0.475896 
1937 0.475896 
1938 0.475896 
1939 0.475896 
1940 0.475896 
1941 0.475896 
1942 0.475896 
1943 0.475896 
1944 0.475896 
1945 0.341122 
1946 0.341122 
1947 0.341122 
1948 0.341122 
1949 0.341122 
1950 0.341122 
1951 0.341122 
1952 0.341122 
1953 0.341122 
1954 0.341122 
1955 0.341122 
1956 0.341122 
1957 0.204966 
1958 0.204966 
1959 0.204966 
1960 0.204966 
1961 0.204966 
1962 0.204966 
1963 0.204966 
1964 0.204966 
1965 0.204966 
1966 0.204966 
1967 0.204966 
1968 0.204966 
1969 0.111308 
1970 0.111308 
1971 0.111308 
1972 0.111308 
1973 0.111308 
1974 0.111308 
1975 0.111308 
1976 0.111308 
1977 0.111308 
1978 0.111308 
1979 0.111308 
1980 0.111308 
1981 0.095245 
1982 0.095245 
1983 0.095245 
1984 0.095245 
1985 0.095245 
1986 0.095245 
1987 0.095245 
1988 0.095245 
1989 0.095245 
1990 0.095245 
1991 0.095245 
1992 0.095245 
1993 0.075044 
1994 0.075044 
1995 0.075044 
1996 0.075044 
1997 0.075044 
1998 0.075044 
1999 0.075044 
2000 0.075044 
2001 0.075044 
2002 0.075044 
2003 0.075044 
2004 0.075044 
2005 0.203579 
2006 0.203579 
2007 0.203579 
2008 0.203579 
2009 0.203579 
2010 0.203579 
2011 0.203579 
2012 0.203579 
2013 0.203579 
2014 0.203579 
2015 0.203579 
2016 0.203579 
2017 0.605743 
2018 0.605743 
2019 0.605743 
2020 0.605743 
2021 0.605743 
2022 0.605743 
2023 0.605743 
2024 0.605743 
2025 0.605743 
2026 0.605743 
2027 0.605743 
2028 0.605743 
2029 0.889527 
2030 0.889527 
2031 0.889527 
2032 0.889527 
2033 0.889527 
2034 0.889527 
2035 0.889527 
2036 0.889527 
2037 0.889527 
2038 0.889527 
2039 0.889527 
2040 0.889527 
2041 0.805591 
2042 0.805591 
2043 0.805591 
2044 0.805591 
2045 0.805591 
2046 0.805591 
2047 0.805591 
2048 0.805591 
2049 0.805591 
2050 0.805591 
2051 0.805591 
2052 0.805591 
2053 0.377104 
2054 0.377104 
2055 0.377104 
2056 0.377104 
2057 0.377104 
2058 0.377104 
2059 0.377104 
2060 0.377104 
2061 0.377104 
2062 0.377104 
2063 0.377104 
2064 0.377104 
2065 0.184216 
2066 0.184216 
2067 0.184216 
2068 0.184216 
2069 0.184216 
2070 0.184216 
2071 0.184216 
2072 0.184216 
2073 0.184216 
2074 0.184216 
2075 0.184216 
2076 0.184216 
2077 0.091652 
2078 0.091652 
2079 0.091652 
2080 0.091652 
2081 0.091652 
2082 0.091652 
2083 0.091652 
2084 0.091652 
2085 0.091652 
2086 0.091652 
2087 0.091652 
2088 0.091652 
2089 0.079539 
2090 0.079539 
2091 0.079539 
2092 0.079539 
2093 0.079539 
2094 0.079539 
2095 0.079539 
2096 0.079539 
2097 0.079539 
2098 0.079539 
2099 0.079539 
2100 0.079539 
2101 0.087545 
2102 0.087545 
2103 0.087545 
2104 0.087545 
2105 0.087545 
2106 0.087545 
2107 0.087545 
2108 0.087545 
2109 0.087545 
2110 0.087545 
2111 0.087545 
2112 0.087545 
2113 0.243601 
2114 0.243601 
2115 0.243601 
2116 0.243601 
2117 0.243601 
2118 0.243601 
2119 0.243601 
2120 0.243601 
2121 0.243601 
2122 0.243601 
2123 0.243601 
2124 0.243601 
2125 0.956565 
2126 0.956565 
2127 0.956565 
2128 0.956565 
2129 0.956565 
2130 0.956565 
2131 0.956565 
2132 0.956565 
2133 0.956565 
2134 0.956565 
2135 0.956565 
2136 0.956565 
2137 0.992194 
2138 0.992194 
2139 0.992194 
2140 0.992194 
2141 0.992194 
2142 0.992194 
2143 0.992194 
2144 0.992194 
2145 0.992194 
2146 0.992194 
2147 0.992194 
2148 0.992194 
2149 0.993985 
2150 0.993985 
2151 0.993985 
2152 0.993985 
2153 0.993985 
2154 0.993985 
2155 0.993985 
2156 0.993985 
2157 0.993985 
2158 0.993985 
2159 0.993985 
2160 0.993985 
2161 0.945647 
2162 0.945647 
2163 0.945647 
2164 0.945647 
2165 0.945647 
2166 0.945647 
2167 0.945647 
2168 0.945647 
2169 0.945647 
2170 0.945647 
2171 0.945647 
2172 0.945647 
2173 0.939432 
2174 0.939432 
2175 0.939432 
2176 0.939432 
2177 0.939432 
2178 0.939432 
2179 0.939432 
2180 0.939432 
2181 0.939432 
2182 0.939432 
2183 0.939432 
2184 0.939432 
2185 0.145064 
2186 0.145064 
2187 0.145064 
2188 0.145064 
2189 0.145064 
2190 0.145064 
2191 0.145064 
2192 0.145064 
2193 0.145064 
2194 0.145064 
2195 0.145064 
2196 0.145064 
2197 0.095214 
2198 0.095214 
2199 0.095214 
2200 0.095214 
2201 0.095214 
2202 0.095214 
2203 0.095214 
2204 0.095214 
2205 0.095214 
2206 0.095214 
2207 0.095214 
2208 0.095214 
2209 0.089535 
2210 0.089535 
2211 0.089535 
2212 0.089535 
2213 0.089535 
2214 0.089535 
2215 0.089535 
2216 0.089535 
2217 0.089535 
2218 0.089535 
2219 0.089535 
2220 0.089535 
2221 0.105011 
2222 0.105011 
2223 0.105011 
2224 0.105011 
2225 0.105011 
2226 0.105011 
2227 0.105011 
2228 0.105011 
2229 0.105011 
2230 0.105011 
2231 0.105011 
2232 0.105011 
2233 0.109384 
2234 0.109384 
2235 0.109384 
2236 0.109384 
2237 0.109384 
2238 0.109384 
2239 0.109384 
2240 0.109384 
2241 0.109384 
2242 0.109384 
2243 0.109384 
2244 0.109384 
2245 0.104336 
2246 0.104336 
2247 0.104336 
2248 0.104336 
2249 0.104336 
2250 0.104336 
2251 0.104336 
2252 0.104336 
2253 0.104336 
2254 0.104336 
2255 0.104336 
2256 0.104336 
2257 0.112111 
2258 0.112111 
2259 0.112111 
2260 0.112111 
2261 0.112111 
2262 0.112111 
2263 0.112111 
2264 0.112111 
2265 0.112111 
2266 0.112111 
2267 0.112111 
2268 0.112111 
2269 0.139974 
2270 0.139974 
2271 0.139974 
2272 0.139974 
2273 0.139974 
2274 0.139974 
2275 0.139974 
2276 0.139974 
2277 0.139974 
2278 0.139974 
2279 0.139974 
2280 0.139974 
2281 0.270354 
2282 0.270354 
2283 0.270354 
2284 0.270354 
2285 0.270354 
2286 0.270354 
2287 0.270354 
2288 0.270354 
2289 0.270354 
2290 0.270354 
2291 0.270354 
2292 0.270354 
2293 0.328567 
2294 0.328567 
2295 0.328567 
2296 0.328567 
2297 0.328567 
2298 0.328567 
2299 0.328567 
2300 0.328567 
2301 0.328567 
2302 0.328567 
2303 0.328567 
2304 0.328567 
2305 0.275593 
2306 0.275593 
2307 0.275593 
2308 0.275593 
2309 0.275593 
2310 0.275593 
2311 0.275593 
2312 0.275593 
2313 0.275593 
2314 0.275593 
2315 0.275593 
2316 0.275593 
2317 0.234846 
2318 0.234846 
2319 0.234846 
2320 0.234846 
2321 0.234846 
2322 0.234846 
2323 0.234846 
2324 0.234846 
2325 0.234846 
2326 0.234846 
2327 0.234846 
2328 0.234846 
2329 0.165543 
2330 0.165543 
2331 0.165543 
2332 0.165543 
2333 0.165543 
2334 0.165543 
2335 0.165543 
2336 0.165543 
2337 0.165543 
2338 0.165543 
2339 0.165543 
2340 0.165543 
2341 0.149375 
2342 0.149375 
2343 0.149375 
2344 0.149375 
2345 0.149375 
2346 0.149375 
2347 0.149375 
2348 0.149375 
2349 0.149375 
2350 0.149375 
2351 0.149375 
2352 0.149375 
2353 0.173412 
2354 0.173412 
2355 0.173412 
2356 0.173412 
2357 0.173412 
2358 0.173412 
2359 0.173412 
2360 0.173412 
2361 0.173412 
2362 0.173412 
2363 0.173412 
2364 0.173412 
2365 0.145048 
2366 0.145048 
2367 0.145048 
2368 0.145048 
2369 0.145048 
2370 0.145048 
2371 0.145048 
2372 0.145048 
2373 0.145048 
2374 0.145048 
2375 0.145048 
2376 0.145048 
2377 0.120243 
2378 0.120243 
2379 0.120243 
2380 0.120243 
2381 0.120243 
2382 0.120243 
2383 0.120243 
2384 0.120243 
2385 0.120243 
2386 0.120243 
2387 0.120243 
2388 0.120243 
2389 0.303510 
2390 0.303510 
2391 0.303510 
2392 0.303510 
2393 0.303510 
2394 0.303510 
2395 0.303510 
2396 0.303510 
2397 0.303510 
2398 0.303510 
2399 0.303510 
2400 0.303510 
2401 0.623860 
2402 0.623860 
2403 0.623860 
2404 0.623860 
2405 0.623860 
2406 0.623860 
2407 0.623860 
2408 0.623860 
2409 0.623860 
2410 0.623860 
2411 0.623860 
2412 0.623860 
2413 0.311391 
2414 0.311391 
2415 0.311391 
2416 0.311391 
2417 0.311391 
2418 0.311391 
2419 0.311391 
2420 0.311391 
2421 0.311391 
2422 0.311391 
2423 0.311391 
2424 0.311391 
2425 0.082634 
2426 0.082634 
2427 0.082634 
2428 0.082634 
2429 0.082634 
2430 0.082634 
2431 0.082634 
2432 0.082634 
2433 0.082634 
2434 0.082634 
2435 0.082634 
2436 0.082634 
2437 0.244349 
2438 0.244349 
2439 0.244349 
2440 0.244349 
2441 0.244349 
2442 0.244349 
2443 0.244349 
2444 0.244349 
2445 0.244349 
2446 0.244349 
2447 0.244349 
2448 0.244349 
2449 0.235030 
2450 0.235030 
2451 0.235030 
2452 0.235030 
2453 0.235030 
2454 0.235030 
2455 0.235030 
2456 0.235030 
2457 0.235030 
2458 0.235030 
2459 0.235030 
2460 0.235030 
2461 0.151263 
2462 0.151263 
2463 0.151263 
2464 0.151263 
2465 0.151263 
2466 0.151263 
2467 0.151263 
2468 0.151263 
2469 0.151263 
2470 0.151263 
2471 0.151263 
2472 0.151263 
2473 0.127257 
2474 0.127257 
2475 0.127257 
2476 0.127257 
2477 0.127257 
2478 0.127257 
2479 0.127257 
2480 0.127257 
2481 0.127257 
2482 0.127257 
2483 0.127257 
2484 0.127257 
2485 0.172797 
2486 0.172797 
2487 0.172797 
2488 0.172797 
2489 0.172797 
2490 0.172797 
2491 0.172797 
2492 0.172797 
2493 0.172797 
2494 0.172797 
2495 0.172797 
2496 0.172797 
2497 0.147333 
2498 0.147333 
2499 0.147333 
2500 0.147333 
2501 0.147333 
2502 0.147333 
2503 0.147333 
2504 0.147333 
2505 0.147333 
2506 0.147333 
2507 0.147333 
2508 0.147333 
2509 0.172048 
2510 0.172048 
2511 0.172048 
2512 0.172048 
2513 0.172048 
2514 0.172048 
2515 0.172048 
2516 0.172048 
2517 0.172048 
2518 0.172048 
2519 0.172048 
2520 0.172048 
2521 0.290563 
2522 0.290563 
2523 0.290563 
2524 0.290563 
2525 0.290563 
2526 0.290563 
2527 0.290563 
2528 0.290563 
2529 0.290563 
2530 0.290563 
2531 0.290563 
2532 0.290563 
2533 0.320867 
2534 0.320867 
2535 0.320867 
2536 0.320867 
2537 0.320867 
2538 0.320867 
2539 0.320867 
2540 0.320867 
2541 0.320867 
2542 0.320867 
2543 0.320867 
2544 0.320867 
2545 0.162318 
2546 0.162318 
2547 0.162318 
2548 0.162318 
2549 0.162318 
2550 0.162318 
2551 0.162318 
2552 0.162318 
2553 0.162318 
2554 0.162318 
2555 0.162318 
2556 0.162318 
2557 0.125772 
2558 0.125772 
2559 0.125772 
2560 0.125772 
2561 0.125772 
2562 0.125772 
2563 0.125772 
2564 0.125772 
2565 0.125772 
2566 0.125772 
2567 0.125772 
2568 0.125772 
2569 0.172660 
2570 0.172660 
2571 0.172660 
2572 0.172660 
2573 0.172660 
2574 0.172660 
2575 0.172660 
2576 0.172660 
2577 0.172660 
2578 0.172660 
2579 0.172660 
2580 0.172660 
2581 0.181493 
2582 0.181493 
2583 0.181493 
2584 0.181493 
2585 0.181493 
2586 0.181493 
2587 0.181493 
2588 0.181493 
2589 0.181493 
2590 0.181493 
2591 0.181493 
2592 0.181493 
2593 0.187277 
2594 0.187277 
2595 0.187277 
2596 0.187277 
2597 0.187277 
2598 0.187277 
2599 0.187277 
2600 0.187277 
2601 0.187277 
2602 0.187277 
2603 0.187277 
2604 0.187277 
2605 0.200828 
2606 0.200828 
2607 0.200828 
2608 0.200828 
2609 0.200828 
2610 0.200828 
2611 0.200828 
2612 0.200828 
2613 0.200828 
2614 0.200828 
2615 0.200828 
2616 0.200828 
2617 0.222271 
2618 0.222271 
2619 0.222271 
2620 0.222271 
2621 0.222271 
2622 0.222271 
2623 0.222271 
2624 0.222271 
2625 0.222271 
2626 0.222271 
2627 0.222271 
2628 0.222271 
2629 0.303761 
2630 0.303761 
2631 0.303761 
2632 0.303761 
2633 0.303761 
2634 0.303761 
2635 0.303761 
2636 0.303761 
2637 0.303761 
2638 0.303761 
2639 0.303761 
2640 0.303761 
2641 0.371222 
2642 0.371222 
2643 0.371222 
2644 0.371222 
2645 0.371222 
2646 0.371222 
2647 0.371222 
2648 0.371222 
2649 0.371222 
2650 0.371222 
2651 0.371222 
2652 0.371222 
2653 0.661754 
2654 0.661754 
2655 0.661754 
2656 0.661754 
2657 0.661754 
2658 0.661754 
2659 0.661754 
2660 0.661754 
2661 0.661754 
2662 0.661754 
2663 0.661754 
2664 0.661754 
2665 0.748977 
2666 0.748977 
2667 0.748977 
2668 0.748977 
2669 0.748977 
2670 0.748977 
2671 0.748977 
2672 0.748977 
2673 0.748977 
2674 0.748977 
2675 0.748977 
2676 0.748977 
2677 0.637066 
2678 0.637066 
2679 0.637066 
2680 0.637066 
2681 0.637066 
2682 0.637066 
2683 0.637066 
2684 0.637066 
2685 0.637066 
2686 0.637066 
2687 0.637066 
2688 0.637066 
2689 0.260032 
2690 0.260032 
2691 0.260032 
2692 0.260032 
2693 0.260032 
2694 0.260032 
2695 0.260032 
2696 0.260032 
2697 0.260032 
2698 0.260032 
2699 0.260032 
2700 0.260032 
2701 0.239216 
2702 0.239216 
2703 0.239216 
2704 0.239216 
2705 0.239216 
2706 0.239216 
2707 0.239216 
2708 0.239216 
2709 0.239216 
2710 0.239216 
2711 0.239216 
2712 0.239216 
2713 0.220386 
2714 0.220386 
2715 0.220386 
2716 0.220386 
2717 0.220386 
2718 0.220386 
2719 0.220386 
2720 0.220386 
2721 0.220386 
2722 0.220386 
2723 0.220386 
2724 0.220386 
2725 0.176751 
2726 0.176751 
2727 0.176751 
2728 0.176751 
2729 0.176751 
2730 0.176751 
2731 0.176751 
2732 0.176751 
2733 0.176751 
2734 0.176751 
2735 0.176751 
2736 0.176751 
2737 0.275295 
2738 0.275295 
2739 0.275295 
2740 0.275295 
2741 0.275295 
2742 0.275295 
2743 0.275295 
2744 0.275295 
2745 0.275295 
2746 0.275295 
2747 0.275295 
2748 0.275295 
2749 0.305666 
2750 0.305666 
2751 0.305666 
2752 0.305666 
2753 0.305666 
2754 0.305666 
2755 0.305666 
2756 0.305666 
2757 0.305666 
2758 0.305666 
2759 0.305666 
2760 0.305666 
2761 0.362421 
2762 0.362421 
2763 0.362421 
2764 0.362421 
2765 0.362421 
2766 0.362421 
2767 0.362421 
2768 0.362421 
2769 0.362421 
2770 0.362421 
2771 0.362421 
2772 0.362421 
2773 0.362554 
2774 0.362554 
2775 0.362554 
2776 0.362554 
2777 0.362554 
2778 0.362554 
2779 0.362554 
2780 0.362554 
2781 0.362554 
2782 0.362554 
2783 0.362554 
2784 0.362554 
2785 0.414818 
2786 0.414818 
2787 0.414818 
2788 0.414818 
2789 0.414818 
2790 0.414818 
2791 0.414818 
2792 0.414818 
2793 0.414818 
2794 0.414818 
2795 0.414818 
2796 0.414818 
2797 0.420461 
2798 0.420461 
2799 0.420461 
2800 0.420461 
2801 0.420461 
2802 0.420461 
2803 0.420461 
2804 0.420461 
2805 0.420461 
2806 0.420461 
2807 0.420461 
2808 0.420461 
2809 0.435929 
2810 0.435929 
2811 0.435929 
2812 0.435929 
2813 0.435929 
2814 0.435929 
2815 0.435929 
2816 0.435929 
2817 0.435929 
2818 0.435929 
2819 0.435929 
2820 0.435929 
2821 0.458371 
2822 0.458371 
2823 0.458371 
2824 0.458371 
2825 0.458371 
2826 0.458371 
2827 0.458371 
2828 0.458371 
2829 0.458371 
2830 0.458371 
2831 0.458371 
2832 0.458371 
2833 0.471068 
2834 0.471068 
2835 0.471068 
2836 0.471068 
2837 0.471068 
2838 0.471068 
2839 0.471068 
2840 0.471068 
2841 0.471068 
2842 0.471068 
2843 0.471068 
2844 0.471068 
2845 0.453253 
2846 0.453253 
2847 0.453253 
2848 0.453253 
2849 0.453253 
2850 0.453253 
2851 0.453253 
2852 0.453253 
2853 0.453253 
2854 0.453253 
2855 0.453253 
2856 0.453253 
2857 0.474658 
2858 0.474658 
2859 0.474658 
2860 0.474658 
2861 0.474658 
2862 0.474658 
2863 0.474658 
2864 0.474658 
2865 0.474658 
2866 0.474658 
2867 0.474658 
2868 0.474658 
2869 0.493130 
2870 0.493130 
2871 0.493130 
2872 0.493130 
2873 0.493130 
2874 0.493130 
2875 0.493130 
2876 0.493130 
2877 0.493130 
2878 0.493130 
2879 0.493130 
2880 0.493130 
2881 0.498907 
2882 0.498907 
2883 0.498907 
2884 0.498907 
2885 0.498907 
2886 0.498907 
2887 0.498907 
2888 0.498907 
2889 0.498907 
2890 0.498907 
2891 0.498907 
2892 0.498907 
2893 0.484070 
2894 0.484070 
2895 0.484070 
2896 0.484070 
2897 0.484070 
2898 0.484070 
2899 0.484070 
2900 0.484070 
2901 0.484070 
2902 0.484070 
2903 0.484070 
2904 0.484070 
2905 0.474030 
2906 0.474030 
2907 0.474030 
2908 0.474030 
2909 0.474030 
2910 0.474030 
2911 0.474030 
2912 0.474030 
2913 0.474030 
2914 0.474030 
2915 0.474030 
2916 0.474030 
2917 0.481919 
2918 0.481919 
2919 0.481919 
2920 0.481919 
2921 0.481919 
2922 0.481919 
2923 0.481919 
2924 0.481919 
2925 0.481919 
2926 0.481919 
2927 0.481919 
2928 0.481919 
2929 0.504103 
2930 0.504103 
2931 0.504103 
2932 0.504103 
2933 0.504103 
2934 0.504103 
2935 0.504103 
2936 0.504103 
2937 0.504103 
2938 0.504103 
2939 0.504103 
2940 0.504103 
2941 0.529297 
2942 0.529297 
2943 0.529297 
2944 0.529297 
2945 0.529297 
2946 0.529297 
2947 0.529297 
2948 0.529297 
2949 0.529297 
2950 0.529297 
2951 0.529297 
2952 0.529297 
2953 0.545352 
2954 0.545352 
2955 0.545352 
2956 0.545352 
2957 0.545352 
2958 0.545352 
2959 0.545352 
2960 0.545352 
2961 0.545352 
2962 0.545352 
2963 0.545352 
2964 0.545352 
2965 0.610344 
2966 0.610344 
2967 0.610344 
2968 0.610344 
2969 0.610344 
2970 0.610344 
2971 0.610344 
2972 0.610344 
2973 0.610344 
2974 0.610344 
2975 0.610344 
2976 0.610344 
2977 0.960715 
2978 0.960715 
2979 0.960715 
2980 0.960715 
2981 0.960715 
2982 0.960715 
2983 0.960715 
2984 0.960715 
2985 0.960715 
2986 0.960715 
2987 0.960715 
2988 0.960715 
2989 0.988005 
2990 0.988005 
2991 0.988005 
2992 0.988005 
2993 0.988005 
2994 0.988005 
2995 0.988005 
2996 0.988005 
2997 0.988005 
2998 0.988005 
2999 0.988005 
3000 0.988005 
3001 0.990238 
3002 0.990238 
3003 0.990238 
3004 0.990238 
3005 0.990238 
3006 0.990238 
3007 0.990238 
3008 0.990238 
3009 0.990238 
3010 0.990238 
3011 0.990238 
3012 0.990238 
3013 0.990611 
3014 0.990611 
3015 0.990611 
3016 0.990611 
3017 0.990611 
3018 0.990611 
3019 0.990611 
3020 0.990611 
3021 0.990611 
3022 0.990611 
3023 0.990611 
3024 0.990611 
3025 0.986911 
3026 0.986911 
3027 0.986911 
3028 0.986911 
3029 0.986911 
3030 0.986911 
3031 0.986911 
3032 0.986911 
3033 0.986911 
3034 0.986911 
3035 0.986911 
3036 0.986911 
3037 0.985121 
3038 0.985121 
3039 0.985121 
3040 0.985121 
3041 0.985121 
3042 0.985121 
3043 0.985121 
3044 0.985121 
3045 0.985121 
3046 0.985121 
3047 0.985121 
3048 0.985121 
3049 0.985865 
3050 0.985865 
3051 0.985865 
3052 0.985865 
3053 0.985865 
3054 0.985865 
3055 0.985865 
3056 0.985865 
3057 0.985865 
3058 0.985865 
3059 0.985865 
3060 0.985865 
3061 0.982385 
3062 0.982385 
3063 0.982385 
3064 0.982385 
3065 0.982385 
3066 0.982385 
3067 0.982385 
3068 0.982385 
3069 0.982385 
3070 0.982385 
3071 0.982385 
3072 0.982385 
3073 0.980677 
3074 0.980677 
3075 0.980677 
3076 0.980677 
3077 0.980677 
3078 0.980677 
3079 0.980677 
3080 0.980677 
3081 0.980677 
3082 0.980677 
3083 0.980677 
3084 0.980677 
3085 0.977812 
3086 0.977812 
3087 0.977812 
3088 0.977812 
3089 0.977812 
3090 0.977812 
3091 0.977812 
3092 0.977812 
3093 0.977812 
3094 0.977812 
3095 0.977812 
3096 0.977812 
3097 0.975763 
3098 0.975763 
3099 0.975763 
3100 0.975763 
3101 0.975763 
3102 0.975763 
3103 0.975763 
3104 0.975763 
3105 0.975763 
3106 0.975763 
3107 0.975763 
3108 0.975763 
3109 0.978290 
3110 0.978290 
3111 0.978290 
3112 0.978290 
3113 0.978290 
3114 0.978290 
3115 0.978290 
3116 0.978290 
3117 0.978290 
3118 0.978290 
3119 0.978290 
3120 0.978290 
3121 0.976774 
3122 0.976774 
3123 0.976774 
3124 0.976774 
3125 0.976774 
3126 0.976774 
3127 0.976774 
3128 0.976774 
3129 0.976774 
3130 0.976774 
3131 0.976774 
3132 0.976774 
3133 0.973552 
3134 0.973552 
3135 0.973552 
3136 0.973552 
3137 0.973552 
3138 0.973552 
3139 0.973552 
3140 0.973552 
3141 0.973552 
3142 0.973552 
3143 0.973552 
3144 0.973552 
3145 0.964140 
3146 0.964140 
3147 0.964140 
3148 0.964140 
3149 0.964140 
3150 0.964140 
3151 0.964140 
3152 0.964140 
3153 0.964140 
3154 0.964140 
3155 0.964140 
3156 0.964140 
3157 0.960648 
3158 0.960648 
3159 0.960648 
3160 0.960648 
3161 0.960648 
3162 0.960648 
3163 0.960648 
3164 0.960648 
3165 0.960648 
3166 0.960648 
3167 0.960648 
3168 0.960648 
3169 0.960656 
3170 0.960656 
3171 0.960656 
3172 0.960656 
3173 0.960656 
3174 0.960656 
3175 0.960656 
3176 0.960656 
3177 0.960656 
3178 0.960656 
3179 0.960656 
3180 0.960656 
3181 0.959096 
3182 0.959096 
3183 0.959096 
3184 0.959096 
3185 0.959096 
3186 0.959096 
3187 0.959096 
3188 0.959096 
3189 0.959096 
3190 0.959096 
3191 0.959096 
3192 0.959096 
3193 0.958563 
3194 0.958563 
3195 0.958563 
3196 0.958563 
3197 0.958563 
3198 0.958563 
3199 0.958563 
3200 0.958563 
3201 0.958563 
3202 0.958563 
3203 0.958563 
3204 0.958563 
3205 0.957870 
3206 0.957870 
3207 0.957870 
3208 0.957870 
3209 0.957870 
3210 0.957870 
3211 0.957870 
3212 0.957870 
3213 0.957870 
3214 0.957870 
3215 0.957870 
3216 0.957870 
3217 0.959911 
3218 0.959911 
3219 0.959911 
3220 0.959911 
3221 0.959911 
3222 0.959911 
3223 0.959911 
3224 0.959911 
3225 0.959911 
3226 0.959911 
3227 0.959911 
3228 0.959911 
3229 0.959774 
3230 0.959774 
3231 0.959774 
3232 0.959774 
3233 0.959774 
3234 0.959774 
3235 0.959774 
3236 0.959774 
3237 0.959774 
3238 0.959774 
3239 0.959774 
3240 0.959774 
3241 0.959367 
3242 0.959367 
3243 0.959367 
3244 0.959367 
3245 0.959367 
3246 0.959367 
3247 0.959367 
3248 0.959367 
3249 0.959367 
3250 0.959367 
3251 0.959367 
3252 0.959367 
3253 0.959586 
3254 0.959586 
3255 0.959586 
3256 0.959586 
3257 0.959586 
3258 0.959586 
3259 0.959586 
3260 0.959586 
3261 0.959586 
3262 0.959586 
3263 0.959586 
3264 0.959586 
3265 0.959390 
3266 0.959390 
3267 0.959390 
3268 0.959390 
3269 0.959390 
3270 0.959390 
3271 0.959390 
3272 0.959390 
3273 0.959390 
3274 0.959390 
3275 0.959390 
3276 0.959390 
3277 0.958544 
3278 0.958544 
3279 0.958544 
3280 0.958544 
3281 0.958544 
3282 0.958544 
3283 0.958544 
3284 0.958544 
3285 0.958544 
3286 0.958544 
3287 0.958544 
3288 0.958544 
3289 0.957560 
3290 0.957560 
3291 0.957560 
3292 0.957560 
3293 0.957560 
3294 0.957560 
3295 0.957560 
3296 0.957560 
3297 0.957560 
3298 0.957560 
3299 0.957560 
3300 0.957560 
3301 0.957337 
3302 0.957337 
3303 0.957337 
3304 0.957337 
3305 0.957337 
3306 0.957337 
3307 0.957337 
3308 0.957337 
3309 0.957337 
3310 0.957337 
3311 0.957337 
3312 0.957337 
3313 0.958646 
3314 0.958646 
3315 0.958646 
3316 0.958646 
3317 0.958646 
3318 0.958646 
3319 0.958646 
3320 0.958646 
3321 0.958646 
3322 0.958646 
3323 0.958646 
3324 0.958646 
3325 0.957654 
3326 0.957654 
3327 0.957654 
3328 0.957654 
3329 0.957654 
3330 0.957654 
3331 0.957654 
3332 0.957654 
3333 0.957654 
3334 0.957654 
3335 0.957654 
3336 0.957654 
3337 0.957670 
3338 0.957670 
3339 0.957670 
3340 0.957670 
3341 0.957670 
3342 0.957670 
3343 0.957670 
3344 0.957670 
3345 0.957670 
3346 0.957670 
3347 0.957670 
3348 0.957670 
3349 0.956917 
3350 0.956917 
3351 0.956917 
3352 0.956917 
3353 0.956917 
3354 0.956917 
3355 0.956917 
3356 0.956917 
3357 0.956917 
3358 0.956917 
3359 0.956917 
3360 0.956917 
3361 0.957243 
3362 0.957243 
3363 0.957243 
3364 0.957243 
3365 0.957243 
3366 0.957243 
3367 0.957243 
3368 0.957243 
3369 0.957243 
3370 0.957243 
3371 0.957243 
3372 0.957243 
3373 0.957654 
3374 0.957654 
3375 0.957654 
3376 0.957654 
3377 0.957654 
3378 0.957654 
3379 0.957654 
3380 0.957654 
3381 0.957654 
3382 0.957654 
3383 0.957654 
3384 0.957654 
3385 0.957631 
3386 0.957631 
3387 0.957631 
3388 0.957631 
3389 0.957631 
3390 0.957631 
3391 0.957631 
3392 0.957631 
3393 0.957631 
3394 0.957631 
3395 0.957631 
3396 0.957631 
3397 0.957047 
3398 0.957047 
3399 0.957047 
3400 0.957047 
3401 0.957047 
3402 0.957047 
3403 0.957047 
3404 0.957047 
3405 0.957047 
3406 0.957047 
3407 0.957047 
3408 0.957047 
3409 0.957298 
3410 0.957298 
3411 0.957298 
3412 0.957298 
3413 0.957298 
3414 0.957298 
3415 0.957298 
3416 0.957298 
3417 0.957298 
3418 0.957298 
3419 0.957298 
3420 0.957298 
3421 0.957399 
3422 0.957399 
3423 0.957399 
3424 0.957399 
3425 0.957399 
3426 0.957399 
3427 0.957399 
3428 0.957399 
3429 0.957399 
3430 0.957399 
3431 0.957399 
3432 0.957399 
3433 0.957732 
3434 0.957732 
3435 0.957732 
3436 0.957732 
3437 0.957732 
3438 0.957732 
3439 0.957732 
3440 0.957732 
3441 0.957732 
3442 0.957732 
3443 0.957732 
3444 0.957732 
3445 0.958218 
3446 0.958218 
3447 0.958218 
3448 0.958218 
3449 0.958218 
3450 0.958218 
3451 0.958218 
3452 0.958218 
3453 0.958218 
3454 0.958218 
3455 0.958218 
3456 0.958218 
3457 0.958050 
3458 0.958050 
3459 0.958050 
3460 0.958050 
3461 0.958050 
3462 0.958050 
3463 0.958050 
3464 0.958050 
3465 0.958050 
3466 0.958050 
3467 0.958050 
3468 0.958050 
3469 0.958309 
3470 0.958309 
3471 0.958309 
3472 0.958309 
3473 0.958309 
3474 0.958309 
3475 0.958309 
3476 0.958309 
3477 0.958309 
3478 0.958309 
3479 0.958309 
3480 0.958309 
3481 0.958626 
3482 0.958626 
3483 0.958626 
3484 0.958626 
3485 0.958626 
3486 0.958626 
3487 0.958626 
3488 0.958626 
3489 0.958626 
3490 0.958626 
3491 0.958626 
3492 0.958626 
3493 0.958207 
3494 0.958207 
3495 0.958207 
3496 0.958207 
3497 0.958207 
3498 0.958207 
3499 0.958207 
3500 0.958207 
3501 0.958207 
3502 0.958207 
3503 0.958207 
3504 0.958207 
3505 0.958418 
3506 0.958418 
3507 0.958418 
3508 0.958418 
3509 0.958418 
3510 0.958418 
3511 0.958418 
3512 0.958418 
3513 0.958418 
3514 0.958418 
3515 0.958418 
3516 0.958418 
3517 0.959429 
3518 0.959429 
3519 0.959429 
3520 0.959429 
3521 0.959429 
3522 0.959429 
3523 0.959429 
3524 0.959429 
3525 0.959429 
3526 0.959429 
3527 0.959429 
3528 0.959429 
3529 0.959057 
3530 0.959057 
3531 0.959057 
3532 0.959057 
3533 0.959057 
3534 0.959057 
3535 0.959057 
3536 0.959057 
3537 0.959057 
3538 0.959057 
3539 0.959057 
3540 0.959057 
3541 0.958167 
3542 0.958167 
3543 0.958167 
3544 0.958167 
3545 0.958167 
3546 0.958167 
3547 0.958167 
3548 0.958167 
3549 0.958167 
3550 0.958167 
3551 0.958167 
3552 0.958167 
3553 0.958199 
3554 0.958199 
3555 0.958199 
3556 0.958199 
3557 0.958199 
3558 0.958199 
3559 0.958199 
3560 0.958199 
3561 0.958199 
3562 0.958199 
3563 0.958199 
3564 0.958199 
3565 0.957180 
3566 0.957180 
3567 0.957180 
3568 0.957180 
3569 0.957180 
3570 0.957180 
3571 0.957180 
3572 0.957180 
3573 0.957180 
3574 0.957180 
3575 0.957180 
3576 0.957180 
3577 0.958536 
3578 0.958536 
3579 0.958536 
3580 0.958536 
3581 0.958536 
3582 0.958536 
3583 0.958536 
3584 0.958536 
3585 0.958536 
3586 0.958536 
3587 0.958536 
3588 0.958536 
3589 0.958818 
3590 0.958818 
3591 0.958818 
3592 0.958818 
3593 0.958818 
3594 0.958818 
3595 0.958818 
3596 0.958818 
3597 0.958818 
3598 0.958818 
3599 0.958818 
3600 0.958818 
3601 0.957642 
3602 0.957642 
3603 0.957642 
3604 0.957642 
3605 0.957642 
3606 0.957642 
3607 0.957642 
3608 0.957642 
3609 0.957642 
3610 0.957642 
3611 0.957642 
3612 0.957642 
3613 0.957987 
3614 0.957987 
3615 0.957987 
3616 0.957987 
3617 0.957987 
3618 0.957987 
3619 0.957987 
3620 0.957987 
3621 0.957987 
3622 0.957987 
3623 0.957987 
3624 0.957987 
3625 0.958383 
3626 0.958383 
3627 0.958383 
3628 0.958383 
3629 0.958383 
3630 0.958383 
3631 0.958383 
3632 0.958383 
3633 0.958383 
3634 0.958383 
3635 0.958383 
3636 0.958383 
3637 0.958113 
3638 0.958113 
3639 0.958113 
3640 0.958113 
3641 0.958113 
3642 0.958113 
3643 0.958113 
3644 0.958113 
3645 0.958113 
3646 0.958113 
3647 0.958113 
3648 0.958113 
3649 0.959880 
3650 0.959880 
3651 0.959880 
3652 0.959880 
3653 0.959880 
3654 0.959880 
3655 0.959880 
3656 0.959880 
3657 0.959880 
3658 0.959880 
3659 0.959880 
3660 0.959880 
3661 0.959304 
3662 0.959304 
3663 0.959304 
3664 0.959304 
3665 0.959304 
3666 0.959304 
3667 0.959304 
3668 0.959304 
3669 0.959304 
3670 0.959304 
3671 0.959304 
3672 0.959304 
3673 0.959868 
3674 0.959868 
3675 0.959868 
3676 0.959868 
3677 0.959868 
3678 0.959868 
3679 0.959868 
3680 0.959868 
3681 0.959868 
3682 0.959868 
3683 0.959868 
3684 0.959868 
3685 0.958767 
3686 0.958767 
3687 0.958767 
3688 0.958767 
3689 0.958767 
3690 0.958767 
3691 0.958767 
3692 0.958767 
3693 0.958767 
3694 0.958767 
3695 0.958767 
3696 0.958767 
3697 0.957779 
3698 0.957779 
3699 0.957779 
3700 0.957779 
3701 0.957779 
3702 0.957779 
3703 0.957779 
3704 0.957779 
3705 0.957779 
3706 0.957779 
3707 0.957779 
3708 0.957779 
3709 0.959273 
3710 0.959273 
3711 0.959273 
3712 0.959273 
3713 0.959273 
3714 0.959273 
3715 0.959273 
3716 0.959273 
3717 0.959273 
3718 0.959273 
3719 0.959273 
3720 0.959273 
3721 0.959229 
3722 0.959229 
3723 0.959229 
3724 0.959229 
3725 0.959229 
3726 0.959229 
3727 0.959229 
3728 0.959229 
3729 0.959229 
3730 0.959229 
3731 0.959229 
3732 0.959229 
3733 0.958414 
3734 0.958414 
3735 0.958414 
3736 0.958414 
3737 0.958414 
3738 0.958414 
3739 0.958414 
3740 0.958414 
3741 0.958414 
3742 0.958414 
3743 0.958414 
3744 0.958414 
3745 0.957372 
3746 0.957372 
3747 0.957372 
3748 0.957372 
3749 0.957372 
3750 0.957372 
3751 0.957372 
3752 0.957372 
3753 0.957372 
3754 0.957372 
3755 0.957372 
3756 0.957372 
3757 0.957830 
3758 0.957830 
3759 0.957830 
3760 0.957830 
3761 0.957830 
3762 0.957830 
3763 0.957830 
3764 0.957830 
3765 0.957830 
3766 0.957830 
3767 0.957830 
3768 0.957830 
3769 0.959437 
3770 0.959437 
3771 0.959437 
3772 0.959437 
3773 0.959437 
3774 0.959437 
3775 0.959437 
3776 0.959437 
3777 0.959437 
3778 0.959437 
3779 0.959437 
3780 0.959437 
3781 0.958700 
3782 0.958700 
3783 0.958700 
3784 0.958700 
3785 0.958700 
3786 0.958700 
3787 0.958700 
3788 0.958700 
3789 0.958700 
3790 0.958700 
3791 0.958700 
3792 0.958700 
3793 0.958881 
3794 0.958881 
3795 0.958881 
3796 0.958881 
3797 0.958881 
3798 0.958881 
3799 0.958881 
3800 0.958881 
3801 0.958881 
3802 0.958881 
3803 0.958881 
3804 0.958881 
3805 0.956690 
3806 0.956690 
3807 0.956690 
3808 0.956690 
3809 0.956690 
3810 0.956690 
3811 0.956690 
3812 0.956690 
3813 0.956690 
3814 0.956690 
3815 0.956690 
3816 0.956690 
3817 0.957431 
3818 0.957431 
3819 0.957431 
3820 0.957431 
3821 0.957431 
3822 0.957431 
3823 0.957431 
3824 0.957431 
3825 0.957431 
3826 0.957431 
3827 0.957431 
3828 0.957431 
3829 0.960331 
3830 0.960331 
3831 0.960331 
3832 0.960331 
3833 0.960331 
3834 0.960331 
3835 0.960331 
3836 0.960331 
3837 0.960331 
3838 0.960331 
3839 0.960331 
3840 0.960331 
3841 0.960817 
3842 0.960817 
3843 0.960817 
3844 0.960817 
3845 0.960817 
3846 0.960817 
3847 0.960817 
3848 0.960817 
3849 0.960817 
3850 0.960817 
3851 0.960817 
3852 0.960817 
3853 0.961295 
3854 0.961295 
3855 0.961295 
3856 0.961295 
3857 0.961295 
3858 0.961295 
3859 0.961295 
3860 0.961295 
3861 0.961295 
3862 0.961295 
3863 0.961295 
3864 0.961295 
3865 0.961487 
3866 0.961487 
3867 0.961487 
3868 0.961487 
3869 0.961487 
3870 0.961487 
3871 0.961487 
3872 0.961487 
3873 0.961487 
3874 0.961487 
3875 0.961487 
3876 0.961487 
3877 0.962157 
3878 0.962157 
3879 0.962157 
3880 0.962157 
3881 0.962157 
3882 0.962157 
3883 0.962157 
3884 0.962157 
3885 0.962157 
3886 0.962157 
3887 0.962157 
3888 0.962157 
3889 0.962016 
3890 0.962016 
3891 0.962016 
3892 0.962016 
3893 0.962016 
3894 0.962016 
3895 0.962016 
3896 0.962016 
3897 0.962016 
3898 0.962016 
3899 0.962016 
3900 0.962016 
3901 0.961581 
3902 0.961581 
3903 0.961581 
3904 0.961581 
3905 0.961581 
3906 0.961581 
3907 0.961581 
3908 0.961581 
3909 0.961581 
3910 0.961581 
3911 0.961581 
3912 0.961581 
3913 0.961510 
3914 0.961510 
3915 0.961510 
3916 0.961510 
3917 0.961510 
3918 0.961510 
3919 0.961510 
3920 0.961510 
3921 0.961510 
3922 0.961510 
3923 0.961510 
3924 0.961510 
3925 0.963630 
3926 0.963630 
3927 0.963630 
3928 0.963630 
3929 0.963630 
3930 0.963630 
3931 0.963630 
3932 0.963630 
3933 0.963630 
3934 0.963630 
3935 0.963630 
3936 0.963630 
3937 0.963587 
3938 0.963587 
3939 0.963587 
3940 0.963587 
3941 0.963587 
3942 0.963587 
3943 0.963587 
3944 0.963587 
3945 0.963587 
3946 0.963587 
3947 0.963587 
3948 0.963587 
3949 0.961918 
3950 0.961918 
3951 0.961918 
3952 0.961918 
3953 0.961918 
3954 0.961918 
3955 0.961918 
3956 0.961918 
3957 0.961918 
3958 0.961918 
3959 0.961918 
3960 0.961918 
3961 0.961565 
3962 0.961565 
3963 0.961565 
3964 0.961565 
3965 0.961565 
3966 0.961565 
3967 0.961565 
3968 0.961565 
3969 0.961565 
3970 0.961565 
3971 0.961565 
3972 0.961565 
3973 0.962400 
3974 0.962400 
3975 0.962400 
3976 0.962400 
3977 0.962400 
3978 0.962400 
3979 0.962400 
3980 0.962400 
3981 0.962400 
3982 0.962400 
3983 0.962400 
3984 0.962400 
3985 0.961902 
3986 0.961902 
3987 0.961902 
3988 0.961902 
3989 0.961902 
3990 0.961902 
3991 0.961902 
3992 0.961902 
3993 0.961902 
3994 0.961902 
3995 0.961902 
3996 0.961902 
3997 0.962788 
3998 0.962788 
3999 0.962788 
4000 0.962788 
4001 0.962788 
4002 0.962788 
4003 0.962788 
4004 0.962788 
4005 0.962788 
4006 0.962788 
4007 0.962788 
4008 0.962788 
4009 0.962266 
4010 0.962266 
4011 0.962266 
4012 0.962266 
4013 0.962266 
4014 0.962266 
4015 0.962266 
4016 0.962266 
4017 0.962266 
4018 0.962266 
4019 0.962266 
4020 0.962266 
4021 0.962588 
4022 0.962588 
4023 0.962588 
4024 0.962588 
4025 0.962588 
4026 0.962588 
4027 0.962588 
4028 0.962588 
4029 0.962588 
4030 0.962588 
4031 0.962588 
4032 0.962588 
4033 0.962400 
4034 0.962400 
4035 0.962400 
4036 0.962400 
4037 0.962400 
4038 0.962400 
4039 0.962400 
4040 0.962400 
4041 0.962400 
4042 0.962400 
4043 0.962400 
4044 0.962400 
4045 0.961961 
4046 0.961961 
4047 0.961961 
4048 0.961961 
4049 0.961961 
4050 0.961961 
4051 0.961961 
4052 0.961961 
4053 0.961961 
4054 0.961961 
4055 0.961961 
4056 0.961961 
4057 0.961675 
4058 0.961675 
4059 0.961675 
4060 0.961675 
4061 0.961675 
4062 0.961675 
4063 0.961675 
4064 0.961675 
4065 0.961675 
4066 0.961675 
4067 0.961675 
4068 0.961675 
4069 0.961099 
4070 0.961099 
4071 0.961099 
4072 0.961099 
4073 0.961099 
4074 0.961099 
4075 0.961099 
4076 0.961099 
4077 0.961099 
4078 0.961099 
4079 0.961099 
4080 0.961099 
4081 0.960926 
4082 0.960926 
4083 0.960926 
4084 0.960926 
4085 0.960926 
4086 0.960926 
4087 0.960926 
4088 0.960926 
4089 0.960926 
4090 0.960926 
4091 0.960926 
4092 0.960926 
4093 0.960962 
4094 0.960962 
4095 0.960962 
4096 0.960962 
4097 0.960962 
4098 0.960962 
4099 0.960962 
4100 0.960962 
4101 0.960962 
4102 0.960962 
4103 0.960962 
4104 0.960962 
4105 0.963544 
4106 0.963544 
4107 0.963544 
4108 0.963544 
4109 0.963544 
4110 0.963544 
4111 0.963544 
4112 0.963544 
4113 0.963544 
4114 0.963544 
4115 0.963544 
4116 0.963544 
4117 0.963144 
4118 0.963144 
4119 0.963144 
4120 0.963144 
4121 0.963144 
4122 0.963144 
4123 0.963144 
4124 0.963144 
4125 0.963144 
4126 0.963144 
4127 0.963144 
4128 0.963144 
4129 0.964336 
4130 0.964336 
4131 0.964336 
4132 0.964336 
4133 0.964336 
4134 0.964336 
4135 0.964336 
4136 0.964336 
4137 0.964336 
4138 0.964336 
4139 0.964336 
4140 0.964336 
4141 0.964614 
4142 0.964614 
4143 0.964614 
4144 0.964614 
4145 0.964614 
4146 0.964614 
4147 0.964614 
4148 0.964614 
4149 0.964614 
4150 0.964614 
4151 0.964614 
4152 0.964614 
4153 0.966973 
4154 0.966973 
4155 0.966973 
4156 0.966973 
4157 0.966973 
4158 0.966973 
4159 0.966973 
4160 0.966973 
4161 0.966973 
4162 0.966973 
4163 0.966973 
4164 0.966973 
4165 0.965711 
4166 0.965711 
4167 0.965711 
4168 0.965711 
4169 0.965711 
4170 0.965711 
4171 0.965711 
4172 0.965711 
4173 0.965711 
4174 0.965711 
4175 0.965711 
4176 0.965711 
4177 0.963618 
4178 0.963618 
4179 0.963618 
4180 0.963618 
4181 0.963618 
4182 0.963618 
4183 0.963618 
4184 0.963618 
4185 0.963618 
4186 0.963618 
4187 0.963618 
4188 0.963618 
4189 0.965832 
4190 0.965832 
4191 0.965832 
4192 0.965832 
4193 0.965832 
4194 0.965832 
4195 0.965832 
4196 0.965832 
4197 0.965832 
4198 0.965832 
4199 0.965832 
4200 0.965832 
4201 0.970574 
4202 0.970574 
4203 0.970574 
4204 0.970574 
4205 0.970574 
4206 0.970574 
4207 0.970574 
4208 0.970574 
4209 0.970574 
4210 0.970574 
4211 0.970574 
4212 0.970574 
4213 0.974140 
4214 0.974140 
4215 0.974140 
4216 0.974140 
4217 0.974140 
4218 0.974140 
4219 0.974140 
4220 0.974140 
4221 0.974140 
4222 0.974140 
4223 0.974140 
4224 0.974140 
4225 0.975790 
4226 0.975790 
4227 0.975790 
4228 0.975790 
4229 0.975790 
4230 0.975790 
4231 0.975790 
4232 0.975790 
4233 0.975790 
4234 0.975790 
4235 0.975790 
4236 0.975790 
4237 0.977369 
4238 0.977369 
4239 0.977369 
4240 0.977369 
4241 0.977369 
4242 0.977369 
4243 0.977369 
4244 0.977369 
4245 0.977369 
4246 0.977369 
4247 0.977369 
4248 0.977369 
4249 0.975155 
4250 0.975155 
4251 0.975155 
4252 0.975155 
4253 0.975155 
4254 0.975155 
4255 0.975155 
4256 0.975155 
4257 0.975155 
4258 0.975155 
4259 0.975155 
4260 0.975155 
4261 0.979286 
4262 0.979286 
4263 0.979286 
4264 0.979286 
4265 0.979286 
4266 0.979286 
4267 0.979286 
4268 0.979286 
4269 0.979286 
4270 0.979286 
4271 0.979286 
4272 0.979286 
4273 0.982577 
4274 0.982577 
4275 0.982577 
4276 0.982577 
4277 0.982577 
4278 0.982577 
4279 0.982577 
4280 0.982577 
4281 0.982577 
4282 0.982577 
4283 0.982577 
4284 0.982577 
4285 0.986551 
4286 0.986551 
4287 0.986551 
4288 0.986551 
4289 0.986551 
4290 0.986551 
4291 0.986551 
4292 0.986551 
4293 0.986551 
4294 0.986551 
4295 0.986551 
4296 0.986551 
4297 0.987386 
4298 0.987386 
4299 0.987386 
4300 0.987386 
4301 0.987386 
4302 0.987386 
4303 0.987386 
4304 0.987386 
4305 0.987386 
4306 0.987386 
4307 0.987386 
4308 0.987386 
4309 0.989145 
4310 0.989145 
4311 0.989145 
4312 0.989145 
4313 0.989145 
4314 0.989145 
4315 0.989145 
4316 0.989145 
4317 0.989145 
4318 0.989145 
4319 0.989145 
4320 0.989145 
4321 0.989192 
4322 0.989192 
4323 0.989192 
4324 0.989192 
4325 0.989192 
4326 0.989192 
4327 0.989192 
4328 0.989192 
4329 0.989192 
4330 0.989192 
4331 0.989192 
4332 0.989192 
4333 0.987194 
4334 0.987194 
4335 0.987194 
4336 0.987194 
4337 0.987194 
4338 0.987194 
4339 0.987194 
4340 0.987194 
4341 0.987194 
4342 0.987194 
4343 0.987194 
4344 0.987194 
4345 0.986802 
4346 0.986802 
4347 0.986802 
4348 0.986802 
4349 0.986802 
4350 0.986802 
4351 0.986802 
4352 0.986802 
4353 0.986802 
4354 0.986802 
4355 0.986802 
4356 0.986802 
4357 0.985732 
4358 0.985732 
4359 0.985732 
4360 0.985732 
4361 0.985732 
4362 0.985732 
4363 0.985732 
4364 0.985732 
4365 0.985732 
4366 0.985732 
4367 0.985732 
4368 0.985732 
4369 0.985622 
4370 0.985622 
4371 0.985622 
4372 0.985622 
4373 0.985622 
4374 0.985622 
4375 0.985622 
4376 0.985622 
4377 0.985622 
4378 0.985622 
4379 0.985622 
4380 0.985622 
4381 0.981010 
4382 0.981010 
4383 0.981010 
4384 0.981010 
4385 0.981010 
4386 0.981010 
4387 0.981010 
4388 0.981010 
4389 0.981010 
4390 0.981010 
4391 0.981010 
4392 0.981010 
4393 0.953673 
4394 0.953673 
4395 0.953673 
4396 0.953673 
4397 0.953673 
4398 0.953673 
4399 0.953673 
4400 0.953673 
4401 0.953673 
4402 0.953673 
4403 0.953673 
4404 0.953673 
4405 0.876995 
4406 0.876995 
4407 0.876995 
4408 0.876995 
4409 0.876995 
4410 0.876995 
4411 0.876995 
4412 0.876995 
4413 0.876995 
4414 0.876995 
4415 0.876995 
4416 0.876995 
4417 0.933515 
4418 0.933515 
4419 0.933515 
4420 0.933515 
4421 0.933515 
4422 0.933515 
4423 0.933515 
4424 0.933515 
4425 0.933515 
4426 0.933515 
4427 0.933515 
4428 0.933515 
4429 0.983929 
4430 0.983929 
4431 0.983929 
4432 0.983929 
4433 0.983929 
4434 0.983929 
4435 0.983929 
4436 0.983929 
4437 0.983929 
4438 0.983929 
4439 0.983929 
4440 0.983929 
4441 0.980661 
4442 0.980661 
4443 0.980661 
4444 0.980661 
4445 0.980661 
4446 0.980661 
4447 0.980661 
4448 0.980661 
4449 0.980661 
4450 0.980661 
4451 0.980661 
4452 0.980661 
4453 0.968054 
4454 0.968054 
4455 0.968054 
4456 0.968054 
4457 0.968054 
4458 0.968054 
4459 0.968054 
4460 0.968054 
4461 0.968054 
4462 0.968054 
4463 0.968054 
4464 0.968054 
4465 0.955565 
4466 0.955565 
4467 0.955565 
4468 0.955565 
4469 0.955565 
4470 0.955565 
4471 0.955565 
4472 0.955565 
4473 0.955565 
4474 0.955565 
4475 0.955565 
4476 0.955565 
4477 0.967678 
4478 0.967678 
4479 0.967678 
4480 0.967678 
4481 0.967678 
4482 0.967678 
4483 0.967678 
4484 0.967678 
4485 0.967678 
4486 0.967678 
4487 0.967678 
4488 0.967678 
4489 0.925681 
4490 0.925681 
4491 0.925681 
4492 0.925681 
4493 0.925681 
4494 0.925681 
4495 0.925681 
4496 0.925681 
4497 0.925681 
4498 0.925681 
4499 0.925681 
4500 0.925681 
4501 0.946999 
4502 0.946999 
4503 0.946999 
4504 0.946999 
4505 0.946999 
4506 0.946999 
4507 0.946999 
4508 0.946999 
4509 0.946999 
4510 0.946999 
4511 0.946999 
4512 0.946999 
4513 0.980677 
4514 0.980677 
4515 0.980677 
4516 0.980677 
4517 0.980677 
4518 0.980677 
4519 0.980677 
4520 0.980677 
4521 0.980677 
4522 0.980677 
4523 0.980677 
4524 0.980677 
4525 0.984110 
4526 0.984110 
4527 0.984110 
4528 0.984110 
4529 0.984110 
4530 0.984110 
4531 0.984110 
4532 0.984110 
4533 0.984110 
4534 0.984110 
4535 0.984110 
4536 0.984110 
4537 0.983921 
4538 0.983921 
4539 0.983921 
4540 0.983921 
4541 0.983921 
4542 0.983921 
4543 0.983921 
4544 0.983921 
4545 0.983921 
4546 0.983921 
4547 0.983921 
4548 0.983921 
4549 0.983067 
4550 0.983067 
4551 0.983067 
4552 0.983067 
4553 0.983067 
4554 0.983067 
4555 0.983067 
4556 0.983067 
4557 0.983067 
4558 0.983067 
4559 0.983067 
4560 0.983067 
4561 0.980516 
4562 0.980516 
4563 0.980516 
4564 0.980516 
4565 0.980516 
4566 0.980516 
4567 0.980516 
4568 0.980516 
4569 0.980516 
4570 0.980516 
4571 0.980516 
4572 0.980516 
4573 0.981468 
4574 0.981468 
4575 0.981468 
4576 0.981468 
4577 0.981468 
4578 0.981468 
4579 0.981468 
4580 0.981468 
4581 0.981468 
4582 0.981468 
4583 0.981468 
4584 0.981468 
4585 0.983345 
4586 0.983345 
4587 0.983345 
4588 0.983345 
4589 0.983345 
4590 0.983345 
4591 0.983345 
4592 0.983345 
4593 0.983345 
4594 0.983345 
4595 0.983345 
4596 0.983345 
4597 0.979658 
4598 0.979658 
4599 0.979658 
4600 0.979658 
4601 0.979658 
4602 0.979658 
4603 0.979658 
4604 0.979658 
4605 0.979658 
4606 0.979658 
4607 0.979658 
4608 0.979658 
4609 0.976390 
4610 0.976390 
4611 0.976390 
4612 0.976390 
4613 0.976390 
4614 0.976390 
4615 0.976390 
4616 0.976390 
4617 0.976390 
4618 0.976390 
4619 0.976390 
4620 0.976390 
4621 0.981198 
4622 0.981198 
4623 0.981198 
4624 0.981198 
4625 0.981198 
4626 0.981198 
4627 0.981198 
4628 0.981198 
4629 0.981198 
4630 0.981198 
4631 0.981198 
4632 0.981198 
4633 0.980767 
4634 0.980767 
4635 0.980767 
4636 0.980767 
4637 0.980767 
4638 0.980767 
4639 0.980767 
4640 0.980767 
4641 0.980767 
4642 0.980767 
4643 0.980767 
4644 0.980767 
4645 0.980273 
4646 0.980273 
4647 0.980273 
4648 0.980273 
4649 0.980273 
4650 0.980273 
4651 0.980273 
4652 0.980273 
4653 0.980273 
4654 0.980273 
4655 0.980273 
4656 0.980273 
4657 0.982965 
4658 0.982965 
4659 0.982965 
4660 0.982965 
4661 0.982965 
4662 0.982965 
4663 0.982965 
4664 0.982965 
4665 0.982965 
4666 0.982965 
4667 0.982965 
4668 0.982965 
4669 0.986880 
4670 0.986880 
4671 0.986880 
4672 0.986880 
4673 0.986880 
4674 0.986880 
4675 0.986880 
4676 0.986880 
4677 0.986880 
4678 0.986880 
4679 0.986880 
4680 0.986880 
4681 0.978772 
4682 0.978772 
4683 0.978772 
4684 0.978772 
4685 0.978772 
4686 0.978772 
4687 0.978772 
4688 0.978772 
4689 0.978772 
4690 0.978772 
4691 0.978772 
4692 0.978772 
4693 0.951114 
4694 0.951114 
4695 0.951114 
4696 0.951114 
4697 0.951114 
4698 0.951114 
4699 0.951114 
4700 0.951114 
4701 0.951114 
4702 0.951114 
4703 0.951114 
4704 0.951114 
4705 0.961792 
4706 0.961792 
4707 0.961792 
4708 0.961792 
4709 0.961792 
4710 0.961792 
4711 0.961792 
4712 0.961792 
4713 0.961792 
4714 0.961792 
4715 0.961792 
4716 0.961792 
4717 0.986433 
4718 0.986433 
4719 0.986433 
4720 0.986433 
4721 0.986433 
4722 0.986433 
4723 0.986433 
4724 0.986433 
4725 0.986433 
4726 0.986433 
4727 0.986433 
4728 0.986433 
4729 0.985360 
4730 0.985360 
4731 0.985360 
4732 0.985360 
4733 0.985360 
4734 0.985360 
4735 0.985360 
4736 0.985360 
4737 0.985360 
4738 0.985360 
4739 0.985360 
4740 0.985360 
4741 0.986304 
4742 0.986304 
4743 0.986304 
4744 0.986304 
4745 0.986304 
4746 0.986304 
4747 0.986304 
4748 0.986304 
4749 0.986304 
4750 0.986304 
4751 0.986304 
4752 0.986304 
4753 0.829319 
4754 0.829319 
4755 0.829319 
4756 0.829319 
4757 0.829319 
4758 0.829319 
4759 0.829319 
4760 0.829319 
4761 0.829319 
4762 0.829319 
4763 0.829319 
4764 0.829319 
4765 0.253033 
4766 0.253033 
4767 0.253033 
4768 0.253033 
4769 0.253033 
4770 0.253033 
4771 0.253033 
4772 0.253033 
4773 0.253033 
4774 0.253033 
4775 0.253033 
4776 0.253033 
4777 0.113275 
4778 0.113275 
4779 0.113275 
4780 0.113275 
4781 0.113275 
4782 0.113275 
4783 0.113275 
4784 0.113275 
4785 0.113275 
4786 0.113275 
4787 0.113275 
4788 0.113275 
4789 0.068190 
4790 0.068190 
4791 0.068190 
4792 0.068190 
4793 0.068190 
4794 0.068190 
4795 0.068190 
4796 0.068190 
4797 0.068190 
4798 0.068190 
4799 0.068190 
4800 0.068190 
4801 0.060364 
4802 0.060364 
4803 0.060364 
4804 0.060364 
4805 0.060364 
4806 0.060364 
4807 0.060364 
4808 0.060364 
4809 0.060364 
4810 0.060364 
4811 0.060364 
4812 0.060364 
4813 0.062908 
4814 0.062908 
4815 0.062908 
4816 0.062908 
4817 0.062908 
4818 0.062908 
4819 0.062908 
4820 0.062908 
4821 0.062908 
4822 0.062908 
4823 0.062908 
4824 0.062908 
4825 0.090868 
4826 0.090868 
4827 0.090868 
4828 0.090868 
4829 0.090868 
4830 0.090868 
4831 0.090868 
4832 0.090868 
4833 0.090868 
4834 0.090868 
4835 0.090868 
4836 0.090868 
4837 0.097263 
4838 0.097263 
4839 0.097263 
4840 0.097263 
4841 0.097263 
4842 0.097263 
4843 0.097263 
4844 0.097263 
4845 0.097263 
4846 0.097263 
4847 0.097263 
4848 0.097263 
4849 0.108577 
4850 0.108577 
4851 0.108577 
4852 0.108577 
4853 0.108577 
4854 0.108577 
4855 0.108577 
4856 0.108577 
4857 0.108577 
4858 0.108577 
4859 0.108577 
4860 0.108577 
4861 0.105724 
4862 0.105724 
4863 0.105724 
4864 0.105724 
4865 0.105724 
4866 0.105724 
4867 0.105724 
4868 0.105724 
4869 0.105724 
4870 0.105724 
4871 0.105724 
4872 0.105724 
4873 0.116496 
4874 0.116496 
4875 0.116496 
4876 0.116496 
4877 0.116496 
4878 0.116496 
4879 0.116496 
4880 0.116496 
4881 0.116496 
4882 0.116496 
4883 0.116496 
4884 0.116496 
4885 0.104975 
4886 0.104975 
4887 0.104975 
4888 0.104975 
4889 0.104975 
4890 0.104975 
4891 0.104975 
4892 0.104975 
4893 0.104975 
4894 0.104975 
4895 0.104975 
4896 0.104975 
4897 0.114713 
4898 0.114713 
4899 0.114713 
4900 0.114713 
4901 0.114713 
4902 0.114713 
4903 0.114713 
4904 0.114713 
4905 0.114713 
4906 0.114713 
4907 0.114713 
4908 0.114713 
4909 0.098615 
4910 0.098615 
4911 0.098615 
4912 0.098615 
4913 0.098615 
4914 0.098615 
4915 0.098615 
4916 0.098615 
4917 0.098615 
4918 0.098615 
4919 0.098615 
4920 0.098615 
4921 0.203132 
4922 0.203132 
4923 0.203132 
4924 0.203132 
4925 0.203132 
4926 0.203132 
4927 0.203132 
4928 0.203132 
4929 0.203132 
4930 0.203132 
4931 0.203132 
4932 0.203132 
4933 0.319228 
4934 0.319228 
4935 0.319228 
4936 0.319228 
4937 0.319228 
4938 0.319228 
4939 0.319228 
4940 0.319228 
4941 0.319228 
4942 0.319228 
4943 0.319228 
4944 0.319228 
4945 0.686446 
4946 0.686446 
4947 0.686446 
4948 0.686446 
4949 0.686446 
4950 0.686446 
4951 0.686446 
4952 0.686446 
4953 0.686446 
4954 0.686446 
4955 0.686446 
4956 0.686446 
4957 0.560215 
4958 0.560215 
4959 0.560215 
4960 0.560215 
4961 0.560215 
4962 0.560215 
4963 0.560215 
4964 0.560215 
4965 0.560215 
4966 0.560215 
4967 0.560215 
4968 0.560215 
4969 0.155151 
4970 0.155151 
4971 0.155151 
4972 0.155151 
4973 0.155151 
4974 0.155151 
4975 0.155151 
4976 0.155151 
4977 0.155151 
4978 0.155151 
4979 0.155151 
4980 0.155151 
4981 0.331392 
4982 0.331392 
4983 0.331392 
4984 0.331392 
4985 0.331392 
4986 0.331392 
4987 0.331392 
4988 0.331392 
4989 0.331392 
4990 0.331392 
4991 0.331392 
4992 0.331392 
4993 0.272278 
4994 0.272278 
4995 0.272278 
4996 0.272278 
4997 0.272278 
4998 0.272278 
4999 0.272278 
5000 0.272278 
5001 0.272278 
5002 0.272278 
5003 0.272278 
5004 0.272278 
5005 0.150801 
5006 0.150801 
5007 0.150801 
5008 0.150801 
5009 0.150801 
5010 0.150801 
5011 0.150801 
5012 0.150801 
5013 0.150801 
5014 0.150801 
5015 0.150801 
5016 0.150801 
5017 0.102287 
5018 0.102287 
5019 0.102287 
5020 0.102287 
5021 0.102287 
5022 0.102287 
5023 0.102287 
5024 0.102287 
5025 0.102287 
5026 0.102287 
5027 0.102287 
5028 0.102287 
5029 0.137567 
5030 0.137567 
5031 0.137567 
5032 0.137567 
5033 0.137567 
5034 0.137567 
5035 0.137567 
5036 0.137567 
5037 0.137567 
5038 0.137567 
5039 0.137567 
5040 0.137567 
5041 0.112049 
5042 0.112049 
5043 0.112049 
5044 0.112049 
5045 0.112049 
5046 0.112049 
5047 0.112049 
5048 0.112049 
5049 0.112049 
5050 0.112049 
5051 0.112049 
5052 0.112049 
5053 0.148011 
5054 0.148011 
5055 0.148011 
5056 0.148011 
5057 0.148011 
5058 0.148011 
5059 0.148011 
5060 0.148011 
5061 0.148011 
5062 0.148011 
5063 0.148011 
5064 0.148011 
5065 0.379550 
5066 0.379550 
5067 0.379550 
5068 0.379550 
5069 0.379550 
5070 0.379550 
5071 0.379550 
5072 0.379550 
5073 0.379550 
5074 0.379550 
5075 0.379550 
5076 0.379550 
5077 0.639950 
5078 0.639950 
5079 0.639950 
5080 0.639950 
5081 0.639950 
5082 0.639950 
5083 0.639950 
5084 0.639950 
5085 0.639950 
5086 0.639950 
5087 0.639950 
5088 0.639950 
5089 0.438444 
5090 0.438444 
5091 0.438444 
5092 0.438444 
5093 0.438444 
5094 0.438444 
5095 0.438444 
5096 0.438444 
5097 0.438444 
5098 0.438444 
5099 0.438444 
5100 0.438444 
5101 0.298694 
5102 0.298694 
5103 0.298694 
5104 0.298694 
5105 0.298694 
5106 0.298694 
5107 0.298694 
5108 0.298694 
5109 0.298694 
5110 0.298694 
5111 0.298694 
5112 0.298694 
5113 0.355418 
5114 0.355418 
5115 0.355418 
5116 0.355418 
5117 0.355418 
5118 0.355418 
5119 0.355418 
5120 0.355418 
5121 0.355418 
5122 0.355418 
5123 0.355418 
5124 0.355418 
5125 0.335088 
5126 0.335088 
5127 0.335088 
5128 0.335088 
5129 0.335088 
5130 0.335088 
5131 0.335088 
5132 0.335088 
5133 0.335088 
5134 0.335088 
5135 0.335088 
5136 0.335088 
5137 0.420152 
5138 0.420152 
5139 0.420152 
5140 0.420152 
5141 0.420152 
5142 0.420152 
5143 0.420152 
5144 0.420152 
5145 0.420152 
5146 0.420152 
5147 0.420152 
5148 0.420152 
5149 0.418373 
5150 0.418373 
5151 0.418373 
5152 0.418373 
5153 0.418373 
5154 0.418373 
5155 0.418373 
5156 0.418373 
5157 0.418373 
5158 0.418373 
5159 0.418373 
5160 0.418373 
5161 0.398924 
5162 0.398924 
5163 0.398924 
5164 0.398924 
5165 0.398924 
5166 0.398924 
5167 0.398924 
5168 0.398924 
5169 0.398924 
5170 0.398924 
5171 0.398924 
5172 0.398924 
5173 0.407192 
5174 0.407192 
5175 0.407192 
5176 0.407192 
5177 0.407192 
5178 0.407192 
5179 0.407192 
5180 0.407192 
5181 0.407192 
5182 0.407192 
5183 0.407192 
5184 0.407192 
5185 0.348247 
5186 0.348247 
5187 0.348247 
5188 0.348247 
5189 0.348247 
5190 0.348247 
5191 0.348247 
5192 0.348247 
5193 0.348247 
5194 0.348247 
5195 0.348247 
5196 0.348247 
5197 0.328144 
5198 0.328144 
5199 0.328144 
5200 0.328144 
5201 0.328144 
5202 0.328144 
5203 0.328144 
5204 0.328144 
5205 0.328144 
5206 0.328144 
5207 0.328144 
5208 0.328144 
5209 0.345978 
5210 0.345978 
5211 0.345978 
5212 0.345978 
5213 0.345978 
5214 0.345978 
5215 0.345978 
5216 0.345978 
5217 0.345978 
5218 0.345978 
5219 0.345978 
5220 0.345978 
5221 0.030182 
5222 0.030182 
5223 0.030182 
5224 0.030182 
5225 0.030182 
5226 0.030182 
5227 0.030182 
5228 0.030182 
5229 0.030182 
5230 0.030182 
5231 0.030182 
5232 0.030182 
5233 0.196004 
5234 0.196004 
5235 0.196004 
5236 0.196004 
5237 0.196004 
5238 0.196004 
5239 0.196004 
5240 0.196004 
5241 0.196004 
5242 0.196004 
5243 0.196004 
5244 0.196004 
5245 0.343936 
5246 0.343936 
5247 0.343936 
5248 0.343936 
5249 0.343936 
5250 0.343936 
5251 0.343936 
5252 0.343936 
5253 0.343936 
5254 0.343936 
5255 0.343936 
5256 0.343936 
5257 0.385910 
5258 0.385910 
5259 0.385910 
5260 0.385910 
5261 0.385910 
5262 0.385910 
5263 0.385910 
5264 0.385910 
5265 0.385910 
5266 0.385910 
5267 0.385910 
5268 0.385910 
5269 0.219504 
5270 0.219504 
5271 0.219504 
5272 0.219504 
5273 0.219504 
5274 0.219504 
5275 0.219504 
5276 0.219504 
5277 0.219504 
5278 0.219504 
5279 0.219504 
5280 0.219504 
5281 0.233847 
5282 0.233847 
5283 0.233847 
5284 0.233847 
5285 0.233847 
5286 0.233847 
5287 0.233847 
5288 0.233847 
5289 0.233847 
5290 0.233847 
5291 0.233847 
5292 0.233847 
5293 0.347142 
5294 0.347142 
5295 0.347142 
5296 0.347142 
5297 0.347142 
5298 0.347142 
5299 0.347142 
5300 0.347142 
5301 0.347142 
5302 0.347142 
5303 0.347142 
5304 0.347142 
5305 0.715303 
5306 0.715303 
5307 0.715303 
5308 0.715303 
5309 0.715303 
5310 0.715303 
5311 0.715303 
5312 0.715303 
5313 0.715303 
5314 0.715303 
5315 0.715303 
5316 0.715303 
5317 0.851519 
5318 0.851519 
5319 0.851519 
5320 0.851519 
5321 0.851519 
5322 0.851519 
5323 0.851519 
5324 0.851519 
5325 0.851519 
5326 0.851519 
5327 0.851519 
5328 0.851519 
5329 0.924682 
5330 0.924682 
5331 0.924682 
5332 0.924682 
5333 0.924682 
5334 0.924682 
5335 0.924682 
5336 0.924682 
5337 0.924682 
5338 0.924682 
5339 0.924682 
5340 0.924682 
5341 0.937880 
5342 0.937880 
5343 0.937880 
5344 0.937880 
5345 0.937880 
5346 0.937880 
5347 0.937880 
5348 0.937880 
5349 0.937880 
5350 0.937880 
5351 0.937880 
5352 0.937880 
5353 0.912271 
5354 0.912271 
5355 0.912271 
5356 0.912271 
5357 0.912271 
5358 0.912271 
5359 0.912271 
5360 0.912271 
5361 0.912271 
5362 0.912271 
5363 0.912271 
5364 0.912271 
5365 0.857381 
5366 0.857381 
5367 0.857381 
5368 0.857381 
5369 0.857381 
5370 0.857381 
5371 0.857381 
5372 0.857381 
5373 0.857381 
5374 0.857381 
5375 0.857381 
5376 0.857381 
5377 0.604815 
5378 0.604815 
5379 0.604815 
5380 0.604815 
5381 0.604815 
5382 0.604815 
5383 0.604815 
5384 0.604815 
5385 0.604815 
5386 0.604815 
5387 0.604815 
5388 0.604815 
5389 0.550791 
5390 0.550791 
5391 0.550791 
5392 0.550791 
5393 0.550791 
5394 0.550791 
5395 0.550791 
5396 0.550791 
5397 0.550791 
5398 0.550791 
5399 0.550791 
5400 0.550791 
5401 0.586663 
5402 0.586663 
5403 0.586663 
5404 0.586663 
5405 0.586663 
5406 0.586663 
5407 0.586663 
5408 0.586663 
5409 0.586663 
5410 0.586663 
5411 0.586663 
5412 0.586663 
5413 0.557750 
5414 0.557750 
5415 0.557750 
5416 0.557750 
5417 0.557750 
5418 0.557750 
5419 0.557750 
5420 0.557750 
5421 0.557750 
5422 0.557750 
5423 0.557750 
5424 0.557750 
5425 0.613013 
5426 0.613013 
5427 0.613013 
5428 0.613013 
5429 0.613013 
5430 0.613013 
5431 0.613013 
5432 0.613013 
5433 0.613013 
5434 0.613013 
5435 0.613013 
5436 0.613013 
5437 0.664136 
5438 0.664136 
5439 0.664136 
5440 0.664136 
5441 0.664136 
5442 0.664136 
5443 0.664136 
5444 0.664136 
5445 0.664136 
5446 0.664136 
5447 0.664136 
5448 0.664136 
5449 0.707850 
5450 0.707850 
5451 0.707850 
5452 0.707850 
5453 0.707850 
5454 0.707850 
5455 0.707850 
5456 0.707850 
5457 0.707850 
5458 0.707850 
5459 0.707850 
5460 0.707850 
5461 0.720562 
5462 0.720562 
5463 0.720562 
5464 0.720562 
5465 0.720562 
5466 0.720562 
5467 0.720562 
5468 0.720562 
5469 0.720562 
5470 0.720562 
5471 0.720562 
5472 0.720562 
5473 0.818938 
5474 0.818938 
5475 0.818938 
5476 0.818938 
5477 0.818938 
5478 0.818938 
5479 0.818938 
5480 0.818938 
5481 0.818938 
5482 0.818938 
5483 0.818938 
5484 0.818938 
5485 0.827842 
5486 0.827842 
5487 0.827842 
5488 0.827842 
5489 0.827842 
5490 0.827842 
5491 0.827842 
5492 0.827842 
5493 0.827842 
5494 0.827842 
5495 0.827842 
5496 0.827842 
5497 0.916527 
5498 0.916527 
5499 0.916527 
5500 0.916527 
5501 0.916527 
5502 0.916527 
5503 0.916527 
5504 0.916527 
5505 0.916527 
5506 0.916527 
5507 0.916527 
5508 0.916527 
5509 0.979195 
5510 0.979195 
5511 0.979195 
5512 0.979195 
5513 0.979195 
5514 0.979195 
5515 0.979195 
5516 0.979195 
5517 0.979195 
5518 0.979195 
5519 0.979195 
5520 0.979195 
5521 0.982409 
5522 0.982409 
5523 0.982409 
5524 0.982409 
5525 0.982409 
5526 0.982409 
5527 0.982409 
5528 0.982409 
5529 0.982409 
5530 0.982409 
5531 0.982409 
5532 0.982409 
5533 0.981574 
5534 0.981574 
5535 0.981574 
5536 0.981574 
5537 0.981574 
5538 0.981574 
5539 0.981574 
5540 0.981574 
5541 0.981574 
5542 0.981574 
5543 0.981574 
5544 0.981574 
5545 0.980007 
5546 0.980007 
5547 0.980007 
5548 0.980007 
5549 0.980007 
5550 0.980007 
5551 0.980007 
5552 0.980007 
5553 0.980007 
5554 0.980007 
5555 0.980007 
5556 0.980007 
5557 0.978090 
5558 0.978090 
5559 0.978090 
5560 0.978090 
5561 0.978090 
5562 0.978090 
5563 0.978090 
5564 0.978090 
5565 0.978090 
5566 0.978090 
5567 0.978090 
5568 0.978090 
5569 0.973858 
5570 0.973858 
5571 0.973858 
5572 0.973858 
5573 0.973858 
5574 0.973858 
5575 0.973858 
5576 0.973858 
5577 0.973858 
5578 0.973858 
5579 0.973858 
5580 0.973858 
5581 0.973039 
5582 0.973039 
5583 0.973039 
5584 0.973039 
5585 0.973039 
5586 0.973039 
5587 0.973039 
5588 0.973039 
5589 0.973039 
5590 0.973039 
5591 0.973039 
5592 0.973039 
5593 0.973470 
5594 0.973470 
5595 0.973470 
5596 0.973470 
5597 0.973470 
5598 0.973470 
5599 0.973470 
5600 0.973470 
5601 0.973470 
5602 0.973470 
5603 0.973470 
5604 0.973470 
5605 0.972941 
5606 0.972941 
5607 0.972941 
5608 0.972941 
5609 0.972941 
5610 0.972941 
5611 0.972941 
5612 0.972941 
5613 0.972941 
5614 0.972941 
5615 0.972941 
5616 0.972941 
5617 0.971393 
5618 0.971393 
5619 0.971393 
5620 0.971393 
5621 0.971393 
5622 0.971393 
5623 0.971393 
5624 0.971393 
5625 0.971393 
5626 0.971393 
5627 0.971393 
5628 0.971393 
5629 0.968885 
5630 0.968885 
5631 0.968885 
5632 0.968885 
5633 0.968885 
5634 0.968885 
5635 0.968885 
5636 0.968885 
5637 0.968885 
5638 0.968885 
5639 0.968885 
5640 0.968885 
5641 0.971910 
5642 0.971910 
5643 0.971910 
5644 0.971910 
5645 0.971910 
5646 0.971910 
5647 0.971910 
5648 0.971910 
5649 0.971910 
5650 0.971910 
5651 0.971910 
5652 0.971910 
5653 0.971624 
5654 0.971624 
5655 0.971624 
5656 0.971624 
5657 0.971624 
5658 0.971624 
5659 0.971624 
5660 0.971624 
5661 0.971624 
5662 0.971624 
5663 0.971624 
5664 0.971624 
5665 0.972906 
5666 0.972906 
5667 0.972906 
5668 0.972906 
5669 0.972906 
5670 0.972906 
5671 0.972906 
5672 0.972906 
5673 0.972906 
5674 0.972906 
5675 0.972906 
5676 0.972906 
5677 0.974540 
5678 0.974540 
5679 0.974540 
5680 0.974540 
5681 0.974540 
5682 0.974540 
5683 0.974540 
5684 0.974540 
5685 0.974540 
5686 0.974540 
5687 0.974540 
5688 0.974540 
5689 0.974234 
5690 0.974234 
5691 0.974234 
5692 0.974234 
5693 0.974234 
5694 0.974234 
5695 0.974234 
5696 0.974234 
5697 0.974234 
5698 0.974234 
5699 0.974234 
5700 0.974234 
5701 0.974736 
5702 0.974736 
5703 0.974736 
5704 0.974736 
5705 0.974736 
5706 0.974736 
5707 0.974736 
5708 0.974736 
5709 0.974736 
5710 0.974736 
5711 0.974736 
5712 0.974736 
5713 0.974983 
5714 0.974983 
5715 0.974983 
5716 0.974983 
5717 0.974983 
5718 0.974983 
5719 0.974983 
5720 0.974983 
5721 0.974983 
5722 0.974983 
5723 0.974983 
5724 0.974983 
5725 0.975257 
5726 0.975257 
5727 0.975257 
5728 0.975257 
5729 0.975257 
5730 0.975257 
5731 0.975257 
5732 0.975257 
5733 0.975257 
5734 0.975257 
5735 0.975257 
5736 0.975257 
Time taken: 202.509935
