1 0.165472 
2 0.165472 
3 0.165472 
4 0.194926 
5 0.194926 
6 0.194926 
7 0.234995 
8 0.234995 
9 0.234995 
10 0.262622 
11 0.262622 
12 0.262622 
13 0.275365 
14 0.275365 
15 0.275365 
16 0.279732 
17 0.279732 
18 0.279732 
19 0.276942 
20 0.276942 
21 0.276942 
22 0.273647 
23 0.273647 
24 0.273647 
25 0.276465 
26 0.276465 
27 0.276465 
28 0.281599 
29 0.281599 
30 0.281599 
31 0.286648 
32 0.286648 
33 0.286648 
34 0.291810 
35 0.291810 
36 0.291810 
37 0.294405 
38 0.294405 
39 0.294405 
40 0.293137 
41 0.293137 
42 0.293137 
43 0.285728 
44 0.285728 
45 0.285728 
46 0.284965 
47 0.284965 
48 0.284965 
49 0.282355 
50 0.282355 
51 0.282355 
52 0.277290 
53 0.277290 
54 0.277290 
55 0.272962 
56 0.272962 
57 0.272962 
58 0.268614 
59 0.268614 
60 0.268614 
61 0.266015 
62 0.266015 
63 0.266015 
64 0.264555 
65 0.264555 
66 0.264555 
67 0.261769 
68 0.261769 
69 0.261769 
70 0.268144 
71 0.268144 
72 0.268144 
73 0.267228 
74 0.267228 
75 0.267228 
76 0.266508 
77 0.266508 
78 0.266508 
79 0.267349 
80 0.267349 
81 0.267349 
82 0.275036 
83 0.275036 
84 0.275036 
85 0.306823 
86 0.306823 
87 0.306823 
88 0.343902 
89 0.343902 
90 0.343902 
91 0.377121 
92 0.377121 
93 0.377121 
94 0.409245 
95 0.409245 
96 0.409245 
97 0.420955 
98 0.420955 
99 0.420955 
100 0.431925 
101 0.431925 
102 0.431925 
103 0.440242 
104 0.440242 
105 0.440242 
106 0.441568 
107 0.441568 
108 0.441568 
109 0.448002 
110 0.448002 
111 0.448002 
112 0.455646 
113 0.455646 
114 0.455646 
115 0.464452 
116 0.464452 
117 0.464452 
118 0.474941 
119 0.474941 
120 0.474941 
121 0.485938 
122 0.485938 
123 0.485938 
124 0.487570 
125 0.487570 
126 0.487570 
127 0.481109 
128 0.481109 
129 0.481109 
130 0.470522 
131 0.470522 
132 0.470522 
133 0.466248 
134 0.466248 
135 0.466248 
136 0.465461 
137 0.465461 
138 0.465461 
139 0.455709 
140 0.455709 
141 0.455709 
142 0.446386 
143 0.446386 
144 0.446386 
145 0.434801 
146 0.434801 
147 0.434801 
148 0.430148 
149 0.430148 
150 0.430148 
151 0.422497 
152 0.422497 
153 0.422497 
154 0.415871 
155 0.415871 
156 0.415871 
157 0.408842 
158 0.408842 
159 0.408842 
160 0.403081 
161 0.403081 
162 0.403081 
163 0.399613 
164 0.399613 
165 0.399613 
166 0.396087 
167 0.396087 
168 0.396087 
169 0.398741 
170 0.398741 
171 0.398741 
172 0.394279 
173 0.394279 
174 0.394279 
175 0.387997 
176 0.387997 
177 0.387997 
178 0.385387 
179 0.385387 
180 0.385387 
181 0.382389 
182 0.382389 
183 0.382389 
184 0.377775 
185 0.377775 
186 0.377775 
187 0.373849 
188 0.373849 
189 0.373849 
190 0.371286 
191 0.371286 
192 0.371286 
193 0.368832 
194 0.368832 
195 0.368832 
196 0.368002 
197 0.368002 
198 0.368002 
199 0.368257 
200 0.368257 
201 0.368257 
202 0.367697 
203 0.367697 
204 0.367697 
205 0.366703 
206 0.366703 
207 0.366703 
208 0.365799 
209 0.365799 
210 0.365799 
211 0.366711 
212 0.366711 
213 0.366711 
214 0.367306 
215 0.367306 
216 0.367306 
217 0.367611 
218 0.367611 
219 0.367611 
220 0.382037 
221 0.382037 
222 0.382037 
223 0.380957 
224 0.380957 
225 0.380957 
226 0.379278 
227 0.379278 
228 0.379278 
229 0.376542 
230 0.376542 
231 0.376542 
232 0.375012 
233 0.375012 
234 0.375012 
235 0.373810 
236 0.373810 
237 0.373810 
238 0.373102 
239 0.373102 
240 0.373102 
241 0.373579 
242 0.373579 
243 0.373579 
244 0.368926 
245 0.368926 
246 0.368926 
247 0.369000 
248 0.369000 
249 0.369000 
250 0.369697 
251 0.369697 
252 0.369697 
253 0.368112 
254 0.368112 
255 0.368112 
256 0.365693 
257 0.365693 
258 0.365693 
259 0.365314 
260 0.365314 
261 0.365314 
262 0.365345 
263 0.365345 
264 0.365345 
265 0.365591 
266 0.365591 
267 0.365591 
268 0.365638 
269 0.365638 
270 0.365638 
271 0.366460 
272 0.366460 
273 0.366460 
274 0.364691 
275 0.364691 
276 0.364691 
277 0.364112 
278 0.364112 
279 0.364112 
280 0.365615 
281 0.365615 
282 0.365615 
283 0.367043 
284 0.367043 
285 0.367043 
286 0.368370 
287 0.368370 
288 0.368370 
289 0.365474 
290 0.365474 
291 0.365474 
292 0.363325 
293 0.363325 
294 0.363325 
295 0.363157 
296 0.363157 
297 0.363157 
298 0.361396 
299 0.361396 
300 0.361396 
301 0.360758 
302 0.360758 
303 0.360758 
304 0.361083 
305 0.361083 
306 0.361083 
307 0.361106 
308 0.361106 
309 0.361106 
310 0.361658 
311 0.361658 
312 0.361658 
313 0.361568 
314 0.361568 
315 0.361568 
316 0.361322 
317 0.361322 
318 0.361322 
319 0.368499 
320 0.368499 
321 0.368499 
322 0.365877 
323 0.365877 
324 0.365877 
325 0.365126 
326 0.365126 
327 0.365126 
328 0.365161 
329 0.365161 
330 0.365161 
331 0.364582 
332 0.364582 
333 0.364582 
334 0.364327 
335 0.364327 
336 0.364327 
337 0.363795 
338 0.363795 
339 0.363795 
340 0.367403 
341 0.367403 
342 0.367403 
343 0.379861 
344 0.379861 
345 0.379861 
346 0.400678 
347 0.400678 
348 0.400678 
349 0.411429 
350 0.411429 
351 0.411429 
352 0.416485 
353 0.416485 
354 0.416485 
355 0.415155 
356 0.415155 
357 0.415155 
358 0.415812 
359 0.415812 
360 0.415812 
361 0.414912 
362 0.414912 
363 0.414912 
364 0.412020 
365 0.412020 
366 0.412020 
367 0.408744 
368 0.408744 
369 0.408744 
370 0.408212 
371 0.408212 
372 0.408212 
373 0.407703 
374 0.407703 
375 0.407703 
376 0.405734 
377 0.405734 
378 0.405734 
379 0.400780 
380 0.400780 
381 0.400780 
382 0.398204 
383 0.398204 
384 0.398204 
385 0.400412 
386 0.400412 
387 0.400412 
388 0.404975 
389 0.404975 
390 0.404975 
391 0.412427 
392 0.412427 
393 0.412427 
394 0.417569 
395 0.417569 
396 0.417569 
397 0.422199 
398 0.422199 
399 0.422199 
400 0.423491 
401 0.423491 
402 0.423491 
403 0.426876 
404 0.426876 
405 0.426876 
406 0.434586 
407 0.434586 
408 0.434586 
409 0.443975 
410 0.443975 
411 0.443975 
412 0.459845 
413 0.459845 
414 0.459845 
415 0.477782 
416 0.477782 
417 0.477782 
418 0.498752 
419 0.498752 
420 0.498752 
421 0.528828 
422 0.528828 
423 0.528828 
424 0.551739 
425 0.551739 
426 0.551739 
427 0.571586 
428 0.571586 
429 0.571586 
430 0.591354 
431 0.591354 
432 0.591354 
433 0.612183 
434 0.612183 
435 0.612183 
436 0.629466 
437 0.629466 
438 0.629466 
439 0.643672 
440 0.643672 
441 0.643672 
442 0.652431 
443 0.652431 
444 0.652431 
445 0.671499 
446 0.671499 
447 0.671499 
448 0.680387 
449 0.680387 
450 0.680387 
451 0.688754 
452 0.688754 
453 0.688754 
454 0.695748 
455 0.695748 
456 0.695748 
457 0.703462 
458 0.703462 
459 0.703462 
460 0.713254 
461 0.713254 
462 0.713254 
463 0.718718 
464 0.718718 
465 0.718718 
466 0.723289 
467 0.723289 
468 0.723289 
469 0.732971 
470 0.732971 
471 0.732971 
472 0.734067 
473 0.734067 
474 0.734067 
475 0.735531 
476 0.735531 
477 0.735531 
478 0.735883 
479 0.735883 
480 0.735883 
481 0.733891 
482 0.733891 
483 0.733891 
484 0.734005 
485 0.734005 
486 0.734005 
487 0.732784 
488 0.732784 
489 0.732784 
490 0.732576 
491 0.732576 
492 0.732576 
493 0.732341 
494 0.732341 
495 0.732341 
496 0.727829 
497 0.727829 
498 0.727829 
499 0.734635 
500 0.734635 
501 0.734635 
502 0.744431 
503 0.744431 
504 0.744431 
505 0.751890 
506 0.751890 
507 0.751890 
508 0.758254 
509 0.758254 
510 0.758254 
511 0.763401 
512 0.763401 
513 0.763401 
514 0.771396 
515 0.771396 
516 0.771396 
517 0.791317 
518 0.791317 
519 0.791317 
520 0.830732 
521 0.830732 
522 0.830732 
523 0.864413 
524 0.864413 
525 0.864413 
526 0.883289 
527 0.883289 
528 0.883289 
529 0.898697 
530 0.898697 
531 0.898697 
532 0.909844 
533 0.909844 
534 0.909844 
535 0.915503 
536 0.915503 
537 0.915503 
538 0.919221 
539 0.919221 
540 0.919221 
541 0.921612 
542 0.921612 
543 0.921612 
544 0.950225 
545 0.950225 
546 0.950225 
547 0.950182 
548 0.950182 
549 0.950182 
550 0.950488 
551 0.950488 
552 0.950488 
553 0.950867 
554 0.950867 
555 0.950867 
556 0.951302 
557 0.951302 
558 0.951302 
559 0.951219 
560 0.951219 
561 0.951219 
562 0.950981 
563 0.950981 
564 0.950981 
565 0.950930 
566 0.950930 
567 0.950930 
568 0.950875 
569 0.950875 
570 0.950875 
571 0.941463 
572 0.941463 
573 0.941463 
574 0.942508 
575 0.942508 
576 0.942508 
577 0.943024 
578 0.943024 
579 0.943024 
580 0.944453 
581 0.944453 
582 0.944453 
583 0.945255 
584 0.945255 
585 0.945255 
586 0.945599 
587 0.945599 
588 0.945599 
589 0.948719 
590 0.948719 
591 0.948719 
592 0.950284 
593 0.950284 
594 0.950284 
595 0.964471 
596 0.964471 
597 0.964471 
598 0.967759 
599 0.967759 
600 0.967759 
601 0.970573 
602 0.970573 
603 0.970573 
604 0.971426 
605 0.971426 
606 0.971426 
607 0.973774 
608 0.973774 
609 0.973774 
610 0.975993 
611 0.975993 
612 0.975993 
613 0.976165 
614 0.976165 
615 0.976165 
616 0.975927 
617 0.975927 
618 0.975927 
619 0.980326 
620 0.980326 
621 0.980326 
622 0.979927 
623 0.979927 
624 0.979927 
625 0.980064 
626 0.980064 
627 0.980064 
628 0.980623 
629 0.980623 
630 0.980623 
631 0.980811 
632 0.980811 
633 0.980811 
634 0.981339 
635 0.981339 
636 0.981339 
637 0.981731 
638 0.981731 
639 0.981731 
640 0.982302 
641 0.982302 
642 0.982302 
643 0.982103 
644 0.982103 
645 0.982103 
646 0.981069 
647 0.981069 
648 0.981069 
649 0.980925 
650 0.980925 
651 0.980925 
652 0.981140 
653 0.981140 
654 0.981140 
655 0.980572 
656 0.980572 
657 0.980572 
658 0.980021 
659 0.980021 
660 0.980021 
661 0.979672 
662 0.979672 
663 0.979672 
664 0.979829 
665 0.979829 
666 0.979829 
667 0.979801 
668 0.979801 
669 0.979801 
670 0.980271 
671 0.980271 
672 0.980271 
673 0.980236 
674 0.980236 
675 0.980236 
676 0.980330 
677 0.980330 
678 0.980330 
679 0.980154 
680 0.980154 
681 0.980154 
682 0.980651 
683 0.980651 
684 0.980651 
685 0.980373 
686 0.980373 
687 0.980373 
688 0.979974 
689 0.979974 
690 0.979974 
691 0.980103 
692 0.980103 
693 0.980103 
694 0.980275 
695 0.980275 
696 0.980275 
697 0.979269 
698 0.979269 
699 0.979269 
700 0.979062 
701 0.979062 
702 0.979062 
703 0.979320 
704 0.979320 
705 0.979320 
706 0.979641 
707 0.979641 
708 0.979641 
709 0.979645 
710 0.979645 
711 0.979645 
712 0.979887 
713 0.979887 
714 0.979887 
715 0.980024 
716 0.980024 
717 0.980024 
718 0.980107 
719 0.980107 
720 0.980107 
721 0.979684 
722 0.979684 
723 0.979684 
724 0.980028 
725 0.980028 
726 0.980028 
727 0.979962 
728 0.979962 
729 0.979962 
730 0.980122 
731 0.980122 
732 0.980122 
733 0.979962 
734 0.979962 
735 0.979962 
736 0.979586 
737 0.979586 
738 0.979586 
739 0.979457 
740 0.979457 
741 0.979457 
742 0.979398 
743 0.979398 
744 0.979398 
745 0.979093 
746 0.979093 
747 0.979093 
748 0.979547 
749 0.979547 
750 0.979547 
751 0.979203 
752 0.979203 
753 0.979203 
754 0.979523 
755 0.979523 
756 0.979523 
757 0.979692 
758 0.979692 
759 0.979692 
760 0.979453 
761 0.979453 
762 0.979453 
763 0.979453 
764 0.979453 
765 0.979453 
766 0.979296 
767 0.979296 
768 0.979296 
769 0.979167 
770 0.979167 
771 0.979167 
772 0.979449 
773 0.979449 
774 0.979449 
775 0.979453 
776 0.979453 
777 0.979453 
778 0.979371 
779 0.979371 
780 0.979371 
781 0.979132 
782 0.979132 
783 0.979132 
784 0.979128 
785 0.979128 
786 0.979128 
787 0.978968 
788 0.978968 
789 0.978968 
790 0.978568 
791 0.978568 
792 0.978568 
793 0.978584 
794 0.978584 
795 0.978584 
796 0.977934 
797 0.977934 
798 0.977934 
799 0.977422 
800 0.977422 
801 0.977422 
802 0.976780 
803 0.976780 
804 0.976780 
805 0.976655 
806 0.976655 
807 0.976655 
808 0.976291 
809 0.976291 
810 0.976291 
811 0.976553 
812 0.976553 
813 0.976553 
814 0.976447 
815 0.976447 
816 0.976447 
817 0.976373 
818 0.976373 
819 0.976373 
820 0.975731 
821 0.975731 
822 0.975731 
823 0.975226 
824 0.975226 
825 0.975226 
826 0.975019 
827 0.975019 
828 0.975019 
829 0.975312 
830 0.975312 
831 0.975312 
832 0.975735 
833 0.975735 
834 0.975735 
835 0.976072 
836 0.976072 
837 0.976072 
838 0.976299 
839 0.976299 
840 0.976299 
841 0.976424 
842 0.976424 
843 0.976424 
844 0.976095 
845 0.976095 
846 0.976095 
847 0.976381 
848 0.976381 
849 0.976381 
850 0.976412 
851 0.976412 
852 0.976412 
853 0.976412 
854 0.976412 
855 0.976412 
856 0.975872 
857 0.975872 
858 0.975872 
859 0.976107 
860 0.976107 
861 0.976107 
862 0.975860 
863 0.975860 
864 0.975860 
865 0.976212 
866 0.976212 
867 0.976212 
868 0.975954 
869 0.975954 
870 0.975954 
871 0.975876 
872 0.975876 
873 0.975876 
874 0.975978 
875 0.975978 
876 0.975978 
877 0.975899 
878 0.975899 
879 0.975899 
880 0.976416 
881 0.976416 
882 0.976416 
883 0.976209 
884 0.976209 
885 0.976209 
886 0.976036 
887 0.976036 
888 0.976036 
889 0.976162 
890 0.976162 
891 0.976162 
892 0.976314 
893 0.976314 
894 0.976314 
895 0.976361 
896 0.976361 
897 0.976361 
898 0.976432 
899 0.976432 
900 0.976432 
901 0.976353 
902 0.976353 
903 0.976353 
904 0.975559 
905 0.975559 
906 0.975559 
907 0.975751 
908 0.975751 
909 0.975751 
910 0.975935 
911 0.975935 
912 0.975935 
913 0.975978 
914 0.975978 
915 0.975978 
916 0.976408 
917 0.976408 
918 0.976408 
919 0.976103 
920 0.976103 
921 0.976103 
922 0.976271 
923 0.976271 
924 0.976271 
925 0.976216 
926 0.976216 
927 0.976216 
928 0.976064 
929 0.976064 
930 0.976064 
931 0.976299 
932 0.976299 
933 0.976299 
934 0.976310 
935 0.976310 
936 0.976310 
937 0.976075 
938 0.976075 
939 0.976075 
940 0.976342 
941 0.976342 
942 0.976342 
943 0.976529 
944 0.976529 
945 0.976529 
946 0.976498 
947 0.976498 
948 0.976498 
949 0.976459 
950 0.976459 
951 0.976459 
952 0.976393 
953 0.976393 
954 0.976393 
955 0.976717 
956 0.976717 
957 0.976717 
958 0.976584 
959 0.976584 
960 0.976584 
961 0.976498 
962 0.976498 
963 0.976498 
964 0.976545 
965 0.976545 
966 0.976545 
967 0.976357 
968 0.976357 
969 0.976357 
970 0.976416 
971 0.976416 
972 0.976416 
973 0.976158 
974 0.976158 
975 0.976158 
976 0.976146 
977 0.976146 
978 0.976146 
979 0.975555 
980 0.975555 
981 0.975555 
982 0.975633 
983 0.975633 
984 0.975633 
985 0.975618 
986 0.975618 
987 0.975618 
988 0.976259 
989 0.976259 
990 0.976259 
991 0.976173 
992 0.976173 
993 0.976173 
994 0.976306 
995 0.976306 
996 0.976306 
997 0.976353 
998 0.976353 
999 0.976353 
1000 0.976784 
1001 0.976784 
1002 0.976784 
1003 0.976878 
1004 0.976878 
1005 0.976878 
1006 0.976784 
1007 0.976784 
1008 0.976784 
1009 0.976510 
1010 0.976510 
1011 0.976510 
1012 0.975379 
1013 0.975379 
1014 0.975379 
1015 0.975359 
1016 0.975359 
1017 0.975359 
1018 0.975856 
1019 0.975856 
1020 0.975856 
1021 0.975778 
1022 0.975778 
1023 0.975778 
1024 0.975762 
1025 0.975762 
1026 0.975762 
1027 0.975755 
1028 0.975755 
1029 0.975755 
1030 0.975966 
1031 0.975966 
1032 0.975966 
1033 0.976017 
1034 0.976017 
1035 0.976017 
1036 0.976263 
1037 0.976263 
1038 0.976263 
1039 0.976271 
1040 0.976271 
1041 0.976271 
1042 0.976267 
1043 0.976267 
1044 0.976267 
1045 0.976287 
1046 0.976287 
1047 0.976287 
1048 0.976330 
1049 0.976330 
1050 0.976330 
1051 0.976353 
1052 0.976353 
1053 0.976353 
1054 0.976396 
1055 0.976396 
1056 0.976396 
1057 0.976424 
1058 0.976424 
1059 0.976424 
1060 0.976001 
1061 0.976001 
1062 0.976001 
1063 0.975915 
1064 0.975915 
1065 0.975915 
1066 0.976115 
1067 0.976115 
1068 0.976115 
1069 0.976436 
1070 0.976436 
1071 0.976436 
1072 0.976353 
1073 0.976353 
1074 0.976353 
1075 0.976541 
1076 0.976541 
1077 0.976541 
1078 0.976619 
1079 0.976619 
1080 0.976619 
1081 0.976549 
1082 0.976549 
1083 0.976549 
1084 0.976295 
1085 0.976295 
1086 0.976295 
1087 0.976342 
1088 0.976342 
1089 0.976342 
1090 0.976800 
1091 0.976800 
1092 0.976800 
1093 0.976639 
1094 0.976639 
1095 0.976639 
1096 0.976490 
1097 0.976490 
1098 0.976490 
1099 0.976400 
1100 0.976400 
1101 0.976400 
1102 0.976240 
1103 0.976240 
1104 0.976240 
1105 0.976303 
1106 0.976303 
1107 0.976303 
1108 0.976471 
1109 0.976471 
1110 0.976471 
1111 0.976138 
1112 0.976138 
1113 0.976138 
1114 0.976631 
1115 0.976631 
1116 0.976631 
1117 0.976627 
1118 0.976627 
1119 0.976627 
1120 0.976389 
1121 0.976389 
1122 0.976389 
1123 0.976424 
1124 0.976424 
1125 0.976424 
1126 0.976416 
1127 0.976416 
1128 0.976416 
1129 0.976800 
1130 0.976800 
1131 0.976800 
1132 0.976612 
1133 0.976612 
1134 0.976612 
1135 0.976686 
1136 0.976686 
1137 0.976686 
1138 0.976847 
1139 0.976847 
1140 0.976847 
1141 0.976807 
1142 0.976807 
1143 0.976807 
1144 0.976709 
1145 0.976709 
1146 0.976709 
1147 0.976709 
1148 0.976709 
1149 0.976709 
1150 0.976874 
1151 0.976874 
1152 0.976874 
1153 0.977011 
1154 0.977011 
1155 0.977011 
1156 0.976948 
1157 0.976948 
1158 0.976948 
1159 0.976729 
1160 0.976729 
1161 0.976729 
1162 0.976627 
1163 0.976627 
1164 0.976627 
1165 0.976303 
1166 0.976303 
1167 0.976303 
1168 0.976146 
1169 0.976146 
1170 0.976146 
1171 0.976631 
1172 0.976631 
1173 0.976631 
1174 0.976717 
1175 0.976717 
1176 0.976717 
1177 0.976843 
1178 0.976843 
1179 0.976843 
1180 0.976604 
1181 0.976604 
1182 0.976604 
1183 0.976827 
1184 0.976827 
1185 0.976827 
1186 0.975739 
1187 0.975739 
1188 0.975739 
1189 0.975919 
1190 0.975919 
1191 0.975919 
1192 0.976095 
1193 0.976095 
1194 0.976095 
1195 0.976381 
1196 0.976381 
1197 0.976381 
1198 0.976592 
1199 0.976592 
1200 0.976592 
1201 0.976357 
1202 0.976357 
1203 0.976357 
1204 0.976314 
1205 0.976314 
1206 0.976314 
1207 0.976537 
1208 0.976537 
1209 0.976537 
1210 0.976361 
1211 0.976361 
1212 0.976361 
1213 0.976459 
1214 0.976459 
1215 0.976459 
1216 0.976416 
1217 0.976416 
1218 0.976416 
1219 0.976295 
1220 0.976295 
1221 0.976295 
1222 0.976549 
1223 0.976549 
1224 0.976549 
1225 0.976686 
1226 0.976686 
1227 0.976686 
1228 0.976807 
1229 0.976807 
1230 0.976807 
1231 0.976839 
1232 0.976839 
1233 0.976839 
1234 0.976635 
1235 0.976635 
1236 0.976635 
1237 0.976342 
1238 0.976342 
1239 0.976342 
1240 0.976557 
1241 0.976557 
1242 0.976557 
1243 0.976248 
1244 0.976248 
1245 0.976248 
1246 0.976279 
1247 0.976279 
1248 0.976279 
1249 0.976122 
1250 0.976122 
1251 0.976122 
1252 0.975923 
1253 0.975923 
1254 0.975923 
1255 0.975888 
1256 0.975888 
1257 0.975888 
1258 0.976095 
1259 0.976095 
1260 0.976095 
1261 0.975993 
1262 0.975993 
1263 0.975993 
1264 0.976075 
1265 0.976075 
1266 0.976075 
1267 0.976408 
1268 0.976408 
1269 0.976408 
1270 0.976259 
1271 0.976259 
1272 0.976259 
1273 0.976565 
1274 0.976565 
1275 0.976565 
1276 0.977077 
1277 0.977077 
1278 0.977077 
1279 0.976800 
1280 0.976800 
1281 0.976800 
1282 0.976944 
1283 0.976944 
1284 0.976944 
1285 0.976287 
1286 0.976287 
1287 0.976287 
1288 0.976537 
1289 0.976537 
1290 0.976537 
1291 0.976674 
1292 0.976674 
1293 0.976674 
1294 0.976647 
1295 0.976647 
1296 0.976647 
1297 0.976709 
1298 0.976709 
1299 0.976709 
1300 0.976952 
1301 0.976952 
1302 0.976952 
1303 0.976940 
1304 0.976940 
1305 0.976940 
1306 0.977081 
1307 0.977081 
1308 0.977081 
1309 0.977210 
1310 0.977210 
1311 0.977210 
1312 0.976334 
1313 0.976334 
1314 0.976334 
1315 0.976439 
1316 0.976439 
1317 0.976439 
1318 0.976702 
1319 0.976702 
1320 0.976702 
1321 0.976937 
1322 0.976937 
1323 0.976937 
1324 0.976893 
1325 0.976893 
1326 0.976893 
1327 0.977156 
1328 0.977156 
1329 0.977156 
1330 0.977152 
1331 0.977152 
1332 0.977152 
1333 0.977304 
1334 0.977304 
1335 0.977304 
1336 0.977289 
1337 0.977289 
1338 0.977289 
1339 0.977257 
1340 0.977257 
1341 0.977257 
1342 0.977289 
1343 0.977289 
1344 0.977289 
1345 0.976968 
1346 0.976968 
1347 0.976968 
1348 0.977207 
1349 0.977207 
1350 0.977207 
1351 0.977383 
1352 0.977383 
1353 0.977383 
1354 0.977304 
1355 0.977304 
1356 0.977304 
1357 0.977402 
1358 0.977402 
1359 0.977402 
1360 0.977297 
1361 0.977297 
1362 0.977297 
1363 0.977265 
1364 0.977265 
1365 0.977265 
1366 0.977160 
1367 0.977160 
1368 0.977160 
1369 0.977527 
1370 0.977527 
1371 0.977527 
1372 0.977531 
1373 0.977531 
1374 0.977531 
1375 0.977437 
1376 0.977437 
1377 0.977437 
1378 0.977394 
1379 0.977394 
1380 0.977394 
1381 0.977621 
1382 0.977621 
1383 0.977621 
1384 0.977531 
1385 0.977531 
1386 0.977531 
1387 0.977152 
1388 0.977152 
1389 0.977152 
1390 0.977136 
1391 0.977136 
1392 0.977136 
1393 0.976893 
1394 0.976893 
1395 0.976893 
1396 0.977473 
1397 0.977473 
1398 0.977473 
1399 0.977868 
1400 0.977868 
1401 0.977868 
1402 0.977934 
1403 0.977934 
1404 0.977934 
1405 0.977974 
1406 0.977974 
1407 0.977974 
1408 0.977954 
1409 0.977954 
1410 0.977954 
1411 0.977531 
1412 0.977531 
1413 0.977531 
1414 0.977704 
1415 0.977704 
1416 0.977704 
1417 0.978205 
1418 0.978205 
1419 0.978205 
1420 0.978169 
1421 0.978169 
1422 0.978169 
1423 0.978224 
1424 0.978224 
1425 0.978224 
1426 0.978263 
1427 0.978263 
1428 0.978263 
1429 0.978185 
1430 0.978185 
1431 0.978185 
1432 0.977954 
1433 0.977954 
1434 0.977954 
1435 0.976706 
1436 0.976706 
1437 0.976706 
1438 0.976533 
1439 0.976533 
1440 0.976533 
1441 0.976690 
1442 0.976690 
1443 0.976690 
1444 0.976584 
1445 0.976584 
1446 0.976584 
1447 0.976663 
1448 0.976663 
1449 0.976663 
1450 0.976549 
1451 0.976549 
1452 0.976549 
1453 0.977492 
1454 0.977492 
1455 0.977492 
1456 0.977453 
1457 0.977453 
1458 0.977453 
1459 0.977774 
1460 0.977774 
1461 0.977774 
1462 0.977621 
1463 0.977621 
1464 0.977621 
1465 0.978244 
1466 0.978244 
1467 0.978244 
1468 0.978275 
1469 0.978275 
1470 0.978275 
1471 0.979410 
1472 0.979410 
1473 0.979410 
1474 0.978737 
1475 0.978737 
1476 0.978737 
1477 0.978901 
1478 0.978901 
1479 0.978901 
1480 0.979719 
1481 0.979719 
1482 0.979719 
1483 0.978388 
1484 0.978388 
1485 0.978388 
1486 0.978768 
1487 0.978768 
1488 0.978768 
1489 0.978874 
1490 0.978874 
1491 0.978874 
1492 0.978725 
1493 0.978725 
1494 0.978725 
1495 0.978392 
1496 0.978392 
1497 0.978392 
1498 0.979977 
1499 0.979977 
1500 0.979977 
1501 0.982259 
1502 0.982259 
1503 0.982259 
1504 0.983226 
1505 0.983226 
1506 0.983226 
1507 0.983649 
1508 0.983649 
1509 0.983649 
1510 0.984744 
1511 0.984744 
1512 0.984744 
1513 0.984466 
1514 0.984466 
1515 0.984466 
1516 0.985770 
1517 0.985770 
1518 0.985770 
1519 0.986646 
1520 0.986646 
1521 0.986646 
1522 0.987186 
1523 0.987186 
1524 0.987186 
1525 0.987414 
1526 0.987414 
1527 0.987414 
1528 0.987464 
1529 0.987464 
1530 0.987464 
1531 0.987648 
1532 0.987648 
1533 0.987648 
1534 0.987085 
1535 0.987085 
1536 0.987085 
1537 0.987331 
1538 0.987331 
1539 0.987331 
1540 0.986509 
1541 0.986509 
1542 0.986509 
1543 0.985484 
1544 0.985484 
1545 0.985484 
1546 0.985911 
1547 0.985911 
1548 0.985911 
1549 0.985488 
1550 0.985488 
1551 0.985488 
1552 0.986075 
1553 0.986075 
1554 0.986075 
1555 0.986271 
1556 0.986271 
1557 0.986271 
1558 0.986873 
1559 0.986873 
1560 0.986873 
1561 0.986451 
1562 0.986451 
1563 0.986451 
1564 0.986560 
1565 0.986560 
1566 0.986560 
1567 0.985785 
1568 0.985785 
1569 0.985785 
1570 0.984787 
1571 0.984787 
1572 0.984787 
1573 0.984752 
1574 0.984752 
1575 0.984752 
1576 0.984263 
1577 0.984263 
1578 0.984263 
1579 0.984373 
1580 0.984373 
1581 0.984373 
1582 0.984889 
1583 0.984889 
1584 0.984889 
1585 0.982940 
1586 0.982940 
1587 0.982940 
1588 0.982643 
1589 0.982643 
1590 0.982643 
1591 0.983081 
1592 0.983081 
1593 0.983081 
1594 0.984686 
1595 0.984686 
1596 0.984686 
1597 0.983649 
1598 0.983649 
1599 0.983649 
1600 0.984067 
1601 0.984067 
1602 0.984067 
1603 0.984537 
1604 0.984537 
1605 0.984537 
1606 0.985034 
1607 0.985034 
1608 0.985034 
1609 0.985762 
1610 0.985762 
1611 0.985762 
1612 0.987237 
1613 0.987237 
1614 0.987237 
1615 0.987601 
1616 0.987601 
1617 0.987601 
1618 0.988380 
1619 0.988380 
1620 0.988380 
1621 0.988830 
1622 0.988830 
1623 0.988830 
1624 0.989965 
1625 0.989965 
1626 0.989965 
1627 0.988721 
1628 0.988721 
1629 0.988721 
1630 0.988658 
1631 0.988658 
1632 0.988658 
1633 0.989605 
1634 0.989605 
1635 0.989605 
1636 0.989210 
1637 0.989210 
1638 0.989210 
1639 0.989445 
1640 0.989445 
1641 0.989445 
1642 0.989766 
1643 0.989766 
1644 0.989766 
1645 0.990122 
1646 0.990122 
1647 0.990122 
1648 0.990251 
1649 0.990251 
1650 0.990251 
1651 0.990451 
1652 0.990451 
1653 0.990451 
1654 0.989147 
1655 0.989147 
1656 0.989147 
1657 0.989813 
1658 0.989813 
1659 0.989813 
1660 0.988850 
1661 0.988850 
1662 0.988850 
1663 0.988282 
1664 0.988282 
1665 0.988282 
1666 0.987006 
1667 0.987006 
1668 0.987006 
1669 0.987022 
1670 0.987022 
1671 0.987022 
1672 0.986736 
1673 0.986736 
1674 0.986736 
1675 0.986091 
1676 0.986091 
1677 0.986091 
1678 0.983527 
1679 0.983527 
1680 0.983527 
1681 0.981649 
1682 0.981649 
1683 0.981649 
1684 0.980154 
1685 0.980154 
1686 0.980154 
1687 0.976827 
1688 0.976827 
1689 0.976827 
1690 0.973696 
1691 0.973696 
1692 0.973696 
1693 0.973234 
1694 0.973234 
1695 0.973234 
1696 0.976072 
1697 0.976072 
1698 0.976072 
1699 0.976275 
1700 0.976275 
1701 0.976275 
1702 0.977618 
1703 0.977618 
1704 0.977618 
1705 0.978525 
1706 0.978525 
1707 0.978525 
1708 0.975348 
1709 0.975348 
1710 0.975348 
1711 0.972651 
1712 0.972651 
1713 0.972651 
1714 0.971305 
1715 0.971305 
1716 0.971305 
1717 0.967504 
1718 0.967504 
1719 0.967504 
1720 0.964056 
1721 0.964056 
1722 0.964056 
1723 0.963219 
1724 0.963219 
1725 0.963219 
1726 0.971148 
1727 0.971148 
1728 0.971148 
1729 0.976201 
1730 0.976201 
1731 0.976201 
1732 0.959575 
1733 0.959575 
1734 0.959575 
1735 0.931819 
1736 0.931819 
1737 0.931819 
1738 0.933796 
1739 0.933796 
1740 0.933796 
1741 0.930285 
1742 0.930285 
1743 0.930285 
1744 0.897257 
1745 0.897257 
1746 0.897257 
1747 0.775267 
1748 0.775267 
1749 0.775267 
1750 0.760438 
1751 0.760438 
1752 0.760438 
1753 0.705435 
1754 0.705435 
1755 0.705435 
1756 0.701885 
1757 0.701885 
1758 0.701885 
1759 0.698085 
1760 0.698085 
1761 0.698085 
1762 0.696562 
1763 0.696562 
1764 0.696562 
1765 0.688109 
1766 0.688109 
1767 0.688109 
1768 0.722365 
1769 0.722365 
1770 0.722365 
1771 0.747198 
1772 0.747198 
1773 0.747198 
1774 0.786562 
1775 0.786562 
1776 0.786562 
1777 0.833667 
1778 0.833667 
1779 0.833667 
1780 0.846250 
1781 0.846250 
1782 0.846250 
1783 0.836074 
1784 0.836074 
1785 0.836074 
1786 0.815641 
1787 0.815641 
1788 0.815641 
1789 0.804307 
1790 0.804307 
1791 0.804307 
1792 0.784362 
1793 0.784362 
1794 0.784362 
1795 0.755691 
1796 0.755691 
1797 0.755691 
1798 0.742666 
1799 0.742666 
1800 0.742666 
1801 0.755647 
1802 0.755647 
1803 0.755647 
1804 0.773083 
1805 0.773083 
1806 0.773083 
1807 0.781881 
1808 0.781881 
1809 0.781881 
1810 0.741089 
1811 0.741089 
1812 0.741089 
1813 0.749092 
1814 0.749092 
1815 0.749092 
1816 0.743961 
1817 0.743961 
1818 0.743961 
1819 0.743938 
1820 0.743938 
1821 0.743938 
1822 0.734330 
1823 0.734330 
1824 0.734330 
1825 0.724338 
1826 0.724338 
1827 0.724338 
1828 0.724533 
1829 0.724533 
1830 0.724533 
1831 0.713215 
1832 0.713215 
1833 0.713215 
1834 0.709622 
1835 0.709622 
1836 0.709622 
1837 0.651715 
1838 0.651715 
1839 0.651715 
1840 0.633794 
1841 0.633794 
1842 0.633794 
1843 0.608171 
1844 0.608171 
1845 0.608171 
1846 0.584990 
1847 0.584990 
1848 0.584990 
1849 0.560862 
1850 0.560862 
1851 0.560862 
1852 0.547638 
1853 0.547638 
1854 0.547638 
1855 0.558741 
1856 0.558741 
1857 0.558741 
1858 0.580650 
1859 0.580650 
1860 0.580650 
1861 0.598993 
1862 0.598993 
1863 0.598993 
1864 0.621278 
1865 0.621278 
1866 0.621278 
1867 0.630957 
1868 0.630957 
1869 0.630957 
1870 0.666877 
1871 0.666877 
1872 0.666877 
1873 0.688868 
1874 0.688868 
1875 0.688868 
1876 0.723418 
1877 0.723418 
1878 0.723418 
1879 0.739543 
1880 0.739543 
1881 0.739543 
1882 0.727066 
1883 0.727066 
1884 0.727066 
1885 0.643668 
1886 0.643668 
1887 0.643668 
1888 0.640279 
1889 0.640279 
1890 0.640279 
1891 0.643751 
1892 0.643751 
1893 0.643751 
1894 0.664223 
1895 0.664223 
1896 0.664223 
1897 0.649750 
1898 0.649750 
1899 0.649750 
1900 0.664548 
1901 0.664548 
1902 0.664548 
1903 0.703795 
1904 0.703795 
1905 0.703795 
1906 0.758125 
1907 0.758125 
1908 0.758125 
1909 0.796745 
1910 0.796745 
1911 0.796745 
1912 0.833346 
1913 0.833346 
1914 0.833346 
1915 0.850085 
1916 0.850085 
1917 0.850085 
1918 0.861623 
1919 0.861623 
1920 0.861623 
1921 0.865885 
1922 0.865885 
1923 0.865885 
1924 0.813105 
1925 0.813105 
1926 0.813105 
1927 0.693764 
1928 0.693764 
1929 0.693764 
1930 0.626487 
1931 0.626487 
1932 0.626487 
1933 0.493535 
1934 0.493535 
1935 0.493535 
1936 0.439682 
1937 0.439682 
1938 0.439682 
1939 0.400388 
1940 0.400388 
1941 0.400388 
1942 0.365791 
1943 0.365791 
1944 0.365791 
1945 0.355893 
1946 0.355893 
1947 0.355893 
1948 0.330912 
1949 0.330912 
1950 0.330912 
1951 0.296456 
1952 0.296456 
1953 0.296456 
1954 0.259107 
1955 0.259107 
1956 0.259107 
1957 0.218142 
1958 0.218142 
1959 0.218142 
1960 0.160791 
1961 0.160791 
1962 0.160791 
1963 0.143504 
1964 0.143504 
1965 0.143504 
1966 0.133356 
1967 0.133356 
1968 0.133356 
1969 0.122378 
1970 0.122378 
1971 0.122378 
1972 0.111924 
1973 0.111924 
1974 0.111924 
1975 0.109881 
1976 0.109881 
1977 0.109881 
1978 0.107709 
1979 0.107709 
1980 0.107709 
1981 0.104058 
1982 0.104058 
1983 0.104058 
1984 0.091217 
1985 0.091217 
1986 0.091217 
1987 0.080348 
1988 0.080348 
1989 0.080348 
1990 0.078470 
1991 0.078470 
1992 0.078470 
1993 0.077812 
1994 0.077812 
1995 0.077812 
1996 0.077347 
1997 0.077347 
1998 0.077347 
1999 0.090978 
2000 0.090978 
2001 0.090978 
2002 0.137395 
2003 0.137395 
2004 0.137395 
2005 0.205955 
2006 0.205955 
2007 0.205955 
2008 0.279744 
2009 0.279744 
2010 0.279744 
2011 0.418133 
2012 0.418133 
2013 0.418133 
2014 0.488799 
2015 0.488799 
2016 0.488799 
2017 0.598093 
2018 0.598093 
2019 0.598093 
2020 0.727210 
2021 0.727210 
2022 0.727210 
2023 0.805860 
2024 0.805860 
2025 0.805860 
2026 0.859302 
2027 0.859302 
2028 0.859302 
2029 0.886753 
2030 0.886753 
2031 0.886753 
2032 0.905590 
2033 0.905590 
2034 0.905590 
2035 0.948766 
2036 0.948766 
2037 0.948766 
2038 0.939287 
2039 0.939287 
2040 0.939287 
2041 0.811042 
2042 0.811042 
2043 0.811042 
2044 0.599079 
2045 0.599079 
2046 0.599079 
2047 0.512551 
2048 0.512551 
2049 0.512551 
2050 0.452405 
2051 0.452405 
2052 0.452405 
2053 0.391723 
2054 0.391723 
2055 0.391723 
2056 0.340399 
2057 0.340399 
2058 0.340399 
2059 0.294315 
2060 0.294315 
2061 0.294315 
2062 0.235484 
2063 0.235484 
2064 0.235484 
2065 0.197325 
2066 0.197325 
2067 0.197325 
2068 0.162161 
2069 0.162161 
2070 0.162161 
2071 0.129419 
2072 0.129419 
2073 0.129419 
2074 0.110179 
2075 0.110179 
2076 0.110179 
2077 0.097491 
2078 0.097491 
2079 0.097491 
2080 0.093761 
2081 0.093761 
2082 0.093761 
2083 0.090544 
2084 0.090544 
2085 0.090544 
2086 0.085804 
2087 0.085804 
2088 0.085804 
2089 0.084286 
2090 0.084286 
2091 0.084286 
2092 0.084039 
2093 0.084039 
2094 0.084039 
2095 0.084442 
2096 0.084442 
2097 0.084442 
2098 0.084329 
2099 0.084329 
2100 0.084329 
2101 0.093127 
2102 0.093127 
2103 0.093127 
2104 0.111678 
2105 0.111678 
2106 0.111678 
2107 0.138929 
2108 0.138929 
2109 0.138929 
2110 0.191697 
2111 0.191697 
2112 0.191697 
2113 0.245206 
2114 0.245206 
2115 0.245206 
2116 0.522656 
2117 0.522656 
2118 0.522656 
2119 0.830552 
2120 0.830552 
2121 0.830552 
2122 0.913785 
2123 0.913785 
2124 0.913785 
2125 0.954714 
2126 0.954714 
2127 0.954714 
2128 0.982185 
2129 0.982185 
2130 0.982185 
2131 0.987781 
2132 0.987781 
2133 0.987781 
2134 0.988584 
2135 0.988584 
2136 0.988584 
2137 0.991679 
2138 0.991679 
2139 0.991679 
2140 0.992627 
2141 0.992627 
2142 0.992627 
2143 0.993609 
2144 0.993609 
2145 0.993609 
2146 0.993405 
2147 0.993405 
2148 0.993405 
2149 0.993769 
2150 0.993769 
2151 0.993769 
2152 0.993398 
2153 0.993398 
2154 0.993398 
2155 0.992384 
2156 0.992384 
2157 0.992384 
2158 0.984940 
2159 0.984940 
2160 0.984940 
2161 0.944895 
2162 0.944895 
2163 0.944895 
2164 0.940050 
2165 0.940050 
2166 0.940050 
2167 0.937107 
2168 0.937107 
2169 0.937107 
2170 0.938758 
2171 0.938758 
2172 0.938758 
2173 0.939255 
2174 0.939255 
2175 0.939255 
2176 0.838262 
2177 0.838262 
2178 0.838262 
2179 0.532429 
2180 0.532429 
2181 0.532429 
2182 0.310831 
2183 0.310831 
2184 0.310831 
2185 0.150952 
2186 0.150952 
2187 0.150952 
2188 0.128980 
2189 0.128980 
2190 0.128980 
2191 0.114022 
2192 0.114022 
2193 0.114022 
2194 0.107713 
2195 0.107713 
2196 0.107713 
2197 0.097620 
2198 0.097620 
2199 0.097620 
2200 0.088982 
2201 0.088982 
2202 0.088982 
2203 0.087256 
2204 0.087256 
2205 0.087256 
2206 0.089507 
2207 0.089507 
2208 0.089507 
2209 0.090223 
2210 0.090223 
2211 0.090223 
2212 0.108742 
2213 0.108742 
2214 0.108742 
2215 0.108296 
2216 0.108296 
2217 0.108296 
2218 0.108296 
2219 0.108296 
2220 0.108296 
2221 0.108429 
2222 0.108429 
2223 0.108429 
2224 0.107834 
2225 0.107834 
2226 0.107834 
2227 0.109059 
2228 0.109059 
2229 0.109059 
2230 0.111063 
2231 0.111063 
2232 0.111063 
2233 0.111619 
2234 0.111619 
2235 0.111619 
2236 0.104801 
2237 0.104801 
2238 0.104801 
2239 0.104602 
2240 0.104602 
2241 0.104602 
2242 0.104997 
2243 0.104997 
2244 0.104997 
2245 0.106253 
2246 0.106253 
2247 0.106253 
2248 0.107932 
2249 0.107932 
2250 0.107932 
2251 0.111212 
2252 0.111212 
2253 0.111212 
2254 0.113098 
2255 0.113098 
2256 0.113098 
2257 0.113877 
2258 0.113877 
2259 0.113877 
2260 0.109885 
2261 0.109885 
2262 0.109885 
2263 0.109588 
2264 0.109588 
2265 0.109588 
2266 0.117893 
2267 0.117893 
2268 0.117893 
2269 0.143535 
2270 0.143535 
2271 0.143535 
2272 0.179162 
2273 0.179162 
2274 0.179162 
2275 0.218741 
2276 0.218741 
2277 0.218741 
2278 0.254771 
2279 0.254771 
2280 0.254771 
2281 0.269009 
2282 0.269009 
2283 0.269009 
2284 0.282793 
2285 0.282793 
2286 0.282793 
2287 0.336794 
2288 0.336794 
2289 0.336794 
2290 0.338207 
2291 0.338207 
2292 0.338207 
2293 0.328435 
2294 0.328435 
2295 0.328435 
2296 0.315688 
2297 0.315688 
2298 0.315688 
2299 0.309363 
2300 0.309363 
2301 0.309363 
2302 0.298777 
2303 0.298777 
2304 0.298777 
2305 0.276911 
2306 0.276911 
2307 0.276911 
2308 0.255871 
2309 0.255871 
2310 0.255871 
2311 0.255076 
2312 0.255076 
2313 0.255076 
2314 0.254528 
2315 0.254528 
2316 0.254528 
2317 0.237253 
2318 0.237253 
2319 0.237253 
2320 0.219054 
2321 0.219054 
2322 0.219054 
2323 0.195216 
2324 0.195216 
2325 0.195216 
2326 0.181815 
2327 0.181815 
2328 0.181815 
2329 0.167636 
2330 0.167636 
2331 0.167636 
2332 0.160556 
2333 0.160556 
2334 0.160556 
2335 0.179909 
2336 0.179909 
2337 0.179909 
2338 0.166998 
2339 0.166998 
2340 0.166998 
2341 0.153241 
2342 0.153241 
2343 0.153241 
2344 0.148361 
2345 0.148361 
2346 0.148361 
2347 0.143285 
2348 0.143285 
2349 0.143285 
2350 0.157182 
2351 0.157182 
2352 0.157182 
2353 0.173127 
2354 0.173127 
2355 0.173127 
2356 0.173240 
2357 0.173240 
2358 0.173240 
2359 0.166121 
2360 0.166121 
2361 0.166121 
2362 0.152431 
2363 0.152431 
2364 0.152431 
2365 0.148913 
2366 0.148913 
2367 0.148913 
2368 0.142400 
2369 0.142400 
2370 0.142400 
2371 0.143160 
2372 0.143160 
2373 0.143160 
2374 0.133148 
2375 0.133148 
2376 0.133148 
2377 0.125133 
2378 0.125133 
2379 0.125133 
2380 0.118194 
2381 0.118194 
2382 0.118194 
2383 0.131982 
2384 0.131982 
2385 0.131982 
2386 0.238779 
2387 0.238779 
2388 0.238779 
2389 0.296413 
2390 0.296413 
2391 0.296413 
2392 0.312060 
2393 0.312060 
2394 0.312060 
2395 0.406631 
2396 0.406631 
2397 0.406631 
2398 0.518214 
2399 0.518214 
2400 0.518214 
2401 0.610464 
2402 0.610464 
2403 0.610464 
2404 0.668129 
2405 0.668129 
2406 0.668129 
2407 0.675714 
2408 0.675714 
2409 0.675714 
2410 0.478940 
2411 0.478940 
2412 0.478940 
2413 0.315519 
2414 0.315519 
2415 0.315519 
2416 0.162251 
2417 0.162251 
2418 0.162251 
2419 0.091217 
2420 0.091217 
2421 0.091217 
2422 0.077081 
2423 0.077081 
2424 0.077081 
2425 0.083793 
2426 0.083793 
2427 0.083793 
2428 0.087648 
2429 0.087648 
2430 0.087648 
2431 0.090462 
2432 0.090462 
2433 0.090462 
2434 0.136295 
2435 0.136295 
2436 0.136295 
2437 0.243233 
2438 0.243233 
2439 0.243233 
2440 0.254227 
2441 0.254227 
2442 0.254227 
2443 0.254841 
2444 0.254841 
2445 0.254841 
2446 0.246990 
2447 0.246990 
2448 0.246990 
2449 0.240294 
2450 0.240294 
2451 0.240294 
2452 0.229250 
2453 0.229250 
2454 0.229250 
2455 0.208468 
2456 0.208468 
2457 0.208468 
2458 0.182563 
2459 0.182563 
2460 0.182563 
2461 0.158771 
2462 0.158771 
2463 0.158771 
2464 0.146212 
2465 0.146212 
2466 0.146212 
2467 0.133399 
2468 0.133399 
2469 0.133399 
2470 0.126432 
2471 0.126432 
2472 0.126432 
2473 0.131786 
2474 0.131786 
2475 0.131786 
2476 0.146322 
2477 0.146322 
2478 0.146322 
2479 0.169667 
2480 0.169667 
2481 0.169667 
2482 0.175937 
2483 0.175937 
2484 0.175937 
2485 0.175495 
2486 0.175495 
2487 0.175495 
2488 0.165315 
2489 0.165315 
2490 0.165315 
2491 0.158458 
2492 0.158458 
2493 0.158458 
2494 0.153805 
2495 0.153805 
2496 0.153805 
2497 0.153480 
2498 0.153480 
2499 0.153480 
2500 0.149425 
2501 0.149425 
2502 0.149425 
2503 0.143304 
2504 0.143304 
2505 0.143304 
2506 0.142142 
2507 0.142142 
2508 0.142142 
2509 0.172141 
2510 0.172141 
2511 0.172141 
2512 0.225719 
2513 0.225719 
2514 0.225719 
2515 0.263999 
2516 0.263999 
2517 0.263999 
2518 0.279372 
2519 0.279372 
2520 0.279372 
2521 0.287235 
2522 0.287235 
2523 0.287235 
2524 0.303176 
2525 0.303176 
2526 0.303176 
2527 0.319085 
2528 0.319085 
2529 0.319085 
2530 0.320866 
2531 0.320866 
2532 0.320866 
2533 0.318987 
2534 0.318987 
2535 0.318987 
2536 0.300976 
2537 0.300976 
2538 0.300976 
2539 0.295466 
2540 0.295466 
2541 0.295466 
2542 0.213211 
2543 0.213211 
2544 0.213211 
2545 0.167926 
2546 0.167926 
2547 0.167926 
2548 0.149848 
2549 0.149848 
2550 0.149848 
2551 0.137453 
2552 0.137453 
2553 0.137453 
2554 0.130006 
2555 0.130006 
2556 0.130006 
2557 0.128378 
2558 0.128378 
2559 0.128378 
2560 0.174708 
2561 0.174708 
2562 0.174708 
2563 0.175448 
2564 0.175448 
2565 0.175448 
2566 0.176896 
2567 0.176896 
2568 0.176896 
2569 0.178070 
2570 0.178070 
2571 0.178070 
2572 0.179702 
2573 0.179702 
2574 0.179702 
2575 0.181655 
2576 0.181655 
2577 0.181655 
2578 0.184848 
2579 0.184848 
2580 0.184848 
2581 0.186567 
2582 0.186567 
2583 0.186567 
2584 0.187709 
2585 0.187709 
2586 0.187709 
2587 0.188703 
2588 0.188703 
2589 0.188703 
2590 0.189353 
2591 0.189353 
2592 0.189353 
2593 0.191533 
2594 0.191533 
2595 0.191533 
2596 0.193909 
2597 0.193909 
2598 0.193909 
2599 0.196226 
2600 0.196226 
2601 0.196226 
2602 0.201090 
2603 0.201090 
2604 0.201090 
2605 0.204765 
2606 0.204765 
2607 0.204765 
2608 0.208456 
2609 0.208456 
2610 0.208456 
2611 0.224870 
2612 0.224870 
2613 0.224870 
2614 0.226009 
2615 0.226009 
2616 0.226009 
2617 0.229105 
2618 0.229105 
2619 0.229105 
2620 0.231609 
2621 0.231609 
2622 0.231609 
2623 0.238044 
2624 0.238044 
2625 0.238044 
2626 0.268328 
2627 0.268328 
2628 0.268328 
2629 0.305907 
2630 0.305907 
2631 0.305907 
2632 0.325636 
2633 0.325636 
2634 0.325636 
2635 0.310768 
2636 0.310768 
2637 0.310768 
2638 0.327264 
2639 0.327264 
2640 0.327264 
2641 0.365752 
2642 0.365752 
2643 0.365752 
2644 0.423690 
2645 0.423690 
2646 0.423690 
2647 0.471911 
2648 0.471911 
2649 0.471911 
2650 0.533208 
2651 0.533208 
2652 0.533208 
2653 0.647480 
2654 0.647480 
2655 0.647480 
2656 0.716409 
2657 0.716409 
2658 0.716409 
2659 0.748145 
2660 0.748145 
2661 0.748145 
2662 0.763428 
2663 0.763428 
2664 0.763428 
2665 0.750286 
2666 0.750286 
2667 0.750286 
2668 0.731930 
2669 0.731930 
2670 0.731930 
2671 0.700206 
2672 0.700206 
2673 0.700206 
2674 0.684911 
2675 0.684911 
2676 0.684911 
2677 0.637524 
2678 0.637524 
2679 0.637524 
2680 0.509859 
2681 0.509859 
2682 0.509859 
2683 0.400474 
2684 0.400474 
2685 0.400474 
2686 0.262919 
2687 0.262919 
2688 0.262919 
2689 0.262954 
2690 0.262954 
2691 0.262954 
2692 0.260575 
2693 0.260575 
2694 0.260575 
2695 0.255530 
2696 0.255530 
2697 0.255530 
2698 0.246951 
2699 0.246951 
2700 0.246951 
2701 0.240443 
2702 0.240443 
2703 0.240443 
2704 0.233555 
2705 0.233555 
2706 0.233555 
2707 0.229152 
2708 0.229152 
2709 0.229152 
2710 0.223042 
2711 0.223042 
2712 0.223042 
2713 0.223113 
2714 0.223113 
2715 0.223113 
2716 0.217066 
2717 0.217066 
2718 0.217066 
2719 0.199607 
2720 0.199607 
2721 0.199607 
2722 0.183459 
2723 0.183459 
2724 0.183459 
2725 0.179682 
2726 0.179682 
2727 0.179682 
2728 0.194453 
2729 0.194453 
2730 0.194453 
2731 0.218909 
2732 0.218909 
2733 0.218909 
2734 0.235527 
2735 0.235527 
2736 0.235527 
2737 0.270915 
2738 0.270915 
2739 0.270915 
2740 0.280734 
2741 0.280734 
2742 0.280734 
2743 0.284308 
2744 0.284308 
2745 0.284308 
2746 0.292507 
2747 0.292507 
2748 0.292507 
2749 0.305305 
2750 0.305305 
2751 0.305305 
2752 0.313660 
2753 0.313660 
2754 0.313660 
2755 0.320345 
2756 0.320345 
2757 0.320345 
2758 0.325664 
2759 0.325664 
2760 0.325664 
2761 0.369533 
2762 0.369533 
2763 0.369533 
2764 0.371165 
2765 0.371165 
2766 0.371165 
2767 0.370546 
2768 0.370546 
2769 0.370546 
2770 0.369787 
2771 0.369787 
2772 0.369787 
2773 0.368848 
2774 0.368848 
2775 0.368848 
2776 0.368401 
2777 0.368401 
2778 0.368401 
2779 0.376605 
2780 0.376605 
2781 0.376605 
2782 0.383681 
2783 0.383681 
2784 0.383681 
2785 0.421319 
2786 0.421319 
2787 0.421319 
2788 0.425381 
2789 0.425381 
2790 0.425381 
2791 0.423295 
2792 0.423295 
2793 0.423295 
2794 0.426242 
2795 0.426242 
2796 0.426242 
2797 0.427706 
2798 0.427706 
2799 0.427706 
2800 0.430007 
2801 0.430007 
2802 0.430007 
2803 0.436281 
2804 0.436281 
2805 0.436281 
2806 0.442515 
2807 0.442515 
2808 0.442515 
2809 0.443470 
2810 0.443470 
2811 0.443470 
2812 0.458448 
2813 0.458448 
2814 0.458448 
2815 0.461313 
2816 0.461313 
2817 0.461313 
2818 0.464060 
2819 0.464060 
2820 0.464060 
2821 0.465015 
2822 0.465015 
2823 0.465015 
2824 0.469951 
2825 0.469951 
2826 0.469951 
2827 0.473359 
2828 0.473359 
2829 0.473359 
2830 0.476498 
2831 0.476498 
2832 0.476498 
2833 0.478565 
2834 0.478565 
2835 0.478565 
2836 0.459321 
2837 0.459321 
2838 0.459321 
2839 0.457928 
2840 0.457928 
2841 0.457928 
2842 0.459200 
2843 0.459200 
2844 0.459200 
2845 0.460726 
2846 0.460726 
2847 0.460726 
2848 0.463047 
2849 0.463047 
2850 0.463047 
2851 0.465548 
2852 0.465548 
2853 0.465548 
2854 0.471813 
2855 0.471813 
2856 0.471813 
2857 0.480013 
2858 0.480013 
2859 0.480013 
2860 0.494227 
2861 0.494227 
2862 0.494227 
2863 0.498595 
2864 0.498595 
2865 0.498595 
2866 0.497401 
2867 0.497401 
2868 0.497401 
2869 0.500270 
2870 0.500270 
2871 0.500270 
2872 0.499710 
2873 0.499710 
2874 0.499710 
2875 0.498665 
2876 0.498665 
2877 0.498665 
2878 0.497750 
2879 0.497750 
2880 0.497750 
2881 0.506567 
2882 0.506567 
2883 0.506567 
2884 0.502837 
2885 0.502837 
2886 0.502837 
2887 0.502994 
2888 0.502994 
2889 0.502994 
2890 0.495562 
2891 0.495562 
2892 0.495562 
2893 0.492216 
2894 0.492216 
2895 0.492216 
2896 0.487136 
2897 0.487136 
2898 0.487136 
2899 0.485605 
2900 0.485605 
2901 0.485605 
2902 0.479848 
2903 0.479848 
2904 0.479848 
2905 0.481844 
2906 0.481844 
2907 0.481844 
2908 0.482185 
2909 0.482185 
2910 0.482185 
2911 0.488028 
2912 0.488028 
2913 0.488028 
2914 0.488208 
2915 0.488208 
2916 0.488208 
2917 0.490188 
2918 0.490188 
2919 0.490188 
2920 0.492795 
2921 0.492795 
2922 0.492795 
2923 0.498724 
2924 0.498724 
2925 0.498724 
2926 0.506935 
2927 0.506935 
2928 0.506935 
2929 0.512806 
2930 0.512806 
2931 0.512806 
2932 0.515271 
2933 0.515271 
2934 0.515271 
2935 0.541568 
2936 0.541568 
2937 0.541568 
2938 0.541489 
2939 0.541489 
2940 0.541489 
2941 0.538957 
2942 0.538957 
2943 0.538957 
2944 0.538253 
2945 0.538253 
2946 0.538253 
2947 0.541853 
2948 0.541853 
2949 0.541853 
2950 0.549156 
2951 0.549156 
2952 0.549156 
2953 0.557316 
2954 0.557316 
2955 0.557316 
2956 0.533501 
2957 0.533501 
2958 0.533501 
2959 0.425827 
2960 0.425827 
2961 0.425827 
2962 0.475598 
2963 0.475598 
2964 0.475598 
2965 0.614433 
2966 0.614433 
2967 0.614433 
2968 0.828196 
2969 0.828196 
2970 0.828196 
2971 0.888992 
2972 0.888992 
2973 0.888992 
2974 0.944856 
2975 0.944856 
2976 0.944856 
2977 0.957368 
2978 0.957368 
2979 0.957368 
2980 0.962041 
2981 0.962041 
2982 0.962041 
2983 0.971172 
2984 0.971172 
2985 0.971172 
2986 0.987143 
2987 0.987143 
2988 0.987143 
2989 0.987410 
2990 0.987410 
2991 0.987410 
2992 0.988016 
2993 0.988016 
2994 0.988016 
2995 0.988365 
2996 0.988365 
2997 0.988365 
2998 0.989010 
2999 0.989010 
3000 0.989010 
3001 0.990353 
3002 0.990353 
3003 0.990353 
3004 0.990274 
3005 0.990274 
3006 0.990274 
3007 0.989672 
3008 0.989672 
3009 0.989672 
3010 0.990998 
3011 0.990998 
3012 0.990998 
3013 0.990251 
3014 0.990251 
3015 0.990251 
3016 0.989484 
3017 0.989484 
3018 0.989484 
3019 0.988736 
3020 0.988736 
3021 0.988736 
3022 0.987594 
3023 0.987594 
3024 0.987594 
3025 0.987046 
3026 0.987046 
3027 0.987046 
3028 0.986466 
3029 0.986466 
3030 0.986466 
3031 0.986040 
3032 0.986040 
3033 0.986040 
3034 0.986044 
3035 0.986044 
3036 0.986044 
3037 0.984752 
3038 0.984752 
3039 0.984752 
3040 0.985284 
3041 0.985284 
3042 0.985284 
3043 0.985155 
3044 0.985155 
3045 0.985155 
3046 0.984431 
3047 0.984431 
3048 0.984431 
3049 0.984866 
3050 0.984866 
3051 0.984866 
3052 0.984619 
3053 0.984619 
3054 0.984619 
3055 0.984114 
3056 0.984114 
3057 0.984114 
3058 0.983703 
3059 0.983703 
3060 0.983703 
3061 0.982150 
3062 0.982150 
3063 0.982150 
3064 0.981257 
3065 0.981257 
3066 0.981257 
3067 0.980228 
3068 0.980228 
3069 0.980228 
3070 0.980553 
3071 0.980553 
3072 0.980553 
3073 0.980639 
3074 0.980639 
3075 0.980639 
3076 0.980154 
3077 0.980154 
3078 0.980154 
3079 0.980044 
3080 0.980044 
3081 0.980044 
3082 0.979696 
3083 0.979696 
3084 0.979696 
3085 0.977445 
3086 0.977445 
3087 0.977445 
3088 0.976165 
3089 0.976165 
3090 0.976165 
3091 0.976897 
3092 0.976897 
3093 0.976897 
3094 0.976447 
3095 0.976447 
3096 0.976447 
3097 0.975387 
3098 0.975387 
3099 0.975387 
3100 0.975727 
3101 0.975727 
3102 0.975727 
3103 0.975813 
3104 0.975813 
3105 0.975813 
3106 0.977054 
3107 0.977054 
3108 0.977054 
3109 0.977171 
3110 0.977171 
3111 0.977171 
3112 0.977195 
3113 0.977195 
3114 0.977195 
3115 0.976619 
3116 0.976619 
3117 0.976619 
3118 0.975978 
3119 0.975978 
3120 0.975978 
3121 0.975371 
3122 0.975371 
3123 0.975371 
3124 0.973618 
3125 0.973618 
3126 0.973618 
3127 0.973175 
3128 0.973175 
3129 0.973175 
3130 0.972839 
3131 0.972839 
3132 0.972839 
3133 0.973207 
3134 0.973207 
3135 0.973207 
3136 0.971117 
3137 0.971117 
3138 0.971117 
3139 0.969407 
3140 0.969407 
3141 0.969407 
3142 0.966710 
3143 0.966710 
3144 0.966710 
3145 0.964236 
3146 0.964236 
3147 0.964236 
3148 0.963430 
3149 0.963430 
3150 0.963430 
3151 0.962421 
3152 0.962421 
3153 0.962421 
3154 0.962663 
3155 0.962663 
3156 0.962663 
3157 0.961008 
3158 0.961008 
3159 0.961008 
3160 0.962291 
3161 0.962291 
3162 0.962291 
3163 0.961740 
3164 0.961740 
3165 0.961740 
3166 0.961242 
3167 0.961242 
3168 0.961242 
3169 0.960984 
3170 0.960984 
3171 0.960984 
3172 0.960969 
3173 0.960969 
3174 0.960969 
3175 0.960522 
3176 0.960522 
3177 0.960522 
3178 0.960679 
3179 0.960679 
3180 0.960679 
3181 0.959650 
3182 0.959650 
3183 0.959650 
3184 0.959548 
3185 0.959548 
3186 0.959548 
3187 0.959603 
3188 0.959603 
3189 0.959603 
3190 0.959579 
3191 0.959579 
3192 0.959579 
3193 0.959020 
3194 0.959020 
3195 0.959020 
3196 0.959004 
3197 0.959004 
3198 0.959004 
3199 0.959113 
3200 0.959113 
3201 0.959113 
3202 0.959121 
3203 0.959121 
3204 0.959121 
3205 0.958832 
3206 0.958832 
3207 0.958832 
3208 0.958335 
3209 0.958335 
3210 0.958335 
3211 0.959211 
3212 0.959211 
3213 0.959211 
3214 0.959751 
3215 0.959751 
3216 0.959751 
3217 0.960041 
3218 0.960041 
3219 0.960041 
3220 0.960292 
3221 0.960292 
3222 0.960292 
3223 0.960382 
3224 0.960382 
3225 0.960382 
3226 0.960378 
3227 0.960378 
3228 0.960378 
3229 0.960346 
3230 0.960346 
3231 0.960346 
3232 0.960409 
3233 0.960409 
3234 0.960409 
3235 0.959830 
3236 0.959830 
3237 0.959830 
3238 0.960139 
3239 0.960139 
3240 0.960139 
3241 0.959978 
3242 0.959978 
3243 0.959978 
3244 0.959998 
3245 0.959998 
3246 0.959998 
3247 0.959744 
3248 0.959744 
3249 0.959744 
3250 0.959031 
3251 0.959031 
3252 0.959031 
3253 0.959290 
3254 0.959290 
3255 0.959290 
3256 0.959411 
3257 0.959411 
3258 0.959411 
3259 0.959466 
3260 0.959466 
3261 0.959466 
3262 0.958984 
3263 0.958984 
3264 0.958984 
3265 0.959657 
3266 0.959657 
3267 0.959657 
3268 0.959673 
3269 0.959673 
3270 0.959673 
3271 0.959552 
3272 0.959552 
3273 0.959552 
3274 0.959387 
3275 0.959387 
3276 0.959387 
3277 0.958730 
3278 0.958730 
3279 0.958730 
3280 0.958659 
3281 0.958659 
3282 0.958659 
3283 0.958789 
3284 0.958789 
3285 0.958789 
3286 0.957474 
3287 0.957474 
3288 0.957474 
3289 0.957971 
3290 0.957971 
3291 0.957971 
3292 0.957650 
3293 0.957650 
3294 0.957650 
3295 0.957575 
3296 0.957575 
3297 0.957575 
3298 0.957673 
3299 0.957673 
3300 0.957673 
3301 0.957497 
3302 0.957497 
3303 0.957497 
3304 0.957571 
3305 0.957571 
3306 0.957571 
3307 0.957661 
3308 0.957661 
3309 0.957661 
3310 0.958037 
3311 0.958037 
3312 0.958037 
3313 0.958217 
3314 0.958217 
3315 0.958217 
3316 0.958296 
3317 0.958296 
3318 0.958296 
3319 0.957959 
3320 0.957959 
3321 0.957959 
3322 0.958018 
3323 0.958018 
3324 0.958018 
3325 0.957368 
3326 0.957368 
3327 0.957368 
3328 0.957532 
3329 0.957532 
3330 0.957532 
3331 0.957650 
3332 0.957650 
3333 0.957650 
3334 0.957564 
3335 0.957564 
3336 0.957564 
3337 0.957759 
3338 0.957759 
3339 0.957759 
3340 0.957462 
3341 0.957462 
3342 0.957462 
3343 0.957415 
3344 0.957415 
3345 0.957415 
3346 0.957301 
3347 0.957301 
3348 0.957301 
3349 0.956969 
3350 0.956969 
3351 0.956969 
3352 0.956413 
3353 0.956413 
3354 0.956413 
3355 0.956519 
3356 0.956519 
3357 0.956519 
3358 0.956456 
3359 0.956456 
3360 0.956456 
3361 0.957133 
3362 0.957133 
3363 0.957133 
3364 0.957701 
3365 0.957701 
3366 0.957701 
3367 0.957728 
3368 0.957728 
3369 0.957728 
3370 0.957892 
3371 0.957892 
3372 0.957892 
3373 0.957975 
3374 0.957975 
3375 0.957975 
3376 0.958006 
3377 0.958006 
3378 0.958006 
3379 0.958002 
3380 0.958002 
3381 0.958002 
3382 0.958022 
3383 0.958022 
3384 0.958022 
3385 0.958057 
3386 0.958057 
3387 0.958057 
3388 0.957857 
3389 0.957857 
3390 0.957857 
3391 0.957885 
3392 0.957885 
3393 0.957885 
3394 0.957513 
3395 0.957513 
3396 0.957513 
3397 0.957575 
3398 0.957575 
3399 0.957575 
3400 0.957650 
3401 0.957650 
3402 0.957650 
3403 0.957634 
3404 0.957634 
3405 0.957634 
3406 0.957673 
3407 0.957673 
3408 0.957673 
3409 0.957462 
3410 0.957462 
3411 0.957462 
3412 0.957615 
3413 0.957615 
3414 0.957615 
3415 0.957783 
3416 0.957783 
3417 0.957783 
3418 0.958029 
3419 0.958029 
3420 0.958029 
3421 0.957434 
3422 0.957434 
3423 0.957434 
3424 0.957548 
3425 0.957548 
3426 0.957548 
3427 0.957857 
3428 0.957857 
3429 0.957857 
3430 0.957775 
3431 0.957775 
3432 0.957775 
3433 0.958198 
3434 0.958198 
3435 0.958198 
3436 0.959607 
3437 0.959607 
3438 0.959607 
3439 0.959470 
3440 0.959470 
3441 0.959470 
3442 0.959200 
3443 0.959200 
3444 0.959200 
3445 0.958953 
3446 0.958953 
3447 0.958953 
3448 0.958996 
3449 0.958996 
3450 0.958996 
3451 0.958659 
3452 0.958659 
3453 0.958659 
3454 0.958644 
3455 0.958644 
3456 0.958644 
3457 0.958499 
3458 0.958499 
3459 0.958499 
3460 0.959462 
3461 0.959462 
3462 0.959462 
3463 0.959430 
3464 0.959430 
3465 0.959430 
3466 0.958812 
3467 0.958812 
3468 0.958812 
3469 0.958922 
3470 0.958922 
3471 0.958922 
3472 0.958659 
3473 0.958659 
3474 0.958659 
3475 0.958569 
3476 0.958569 
3477 0.958569 
3478 0.958796 
3479 0.958796 
3480 0.958796 
3481 0.958589 
3482 0.958589 
3483 0.958589 
3484 0.958886 
3485 0.958886 
3486 0.958886 
3487 0.958659 
3488 0.958659 
3489 0.958659 
3490 0.958448 
3491 0.958448 
3492 0.958448 
3493 0.958037 
3494 0.958037 
3495 0.958037 
3496 0.958405 
3497 0.958405 
3498 0.958405 
3499 0.958479 
3500 0.958479 
3501 0.958479 
3502 0.958640 
3503 0.958640 
3504 0.958640 
3505 0.958640 
3506 0.958640 
3507 0.958640 
3508 0.958515 
3509 0.958515 
3510 0.958515 
3511 0.959501 
3512 0.959501 
3513 0.959501 
3514 0.959583 
3515 0.959583 
3516 0.959583 
3517 0.959411 
3518 0.959411 
3519 0.959411 
3520 0.959427 
3521 0.959427 
3522 0.959427 
3523 0.959376 
3524 0.959376 
3525 0.959376 
3526 0.959614 
3527 0.959614 
3528 0.959614 
3529 0.959458 
3530 0.959458 
3531 0.959458 
3532 0.959650 
3533 0.959650 
3534 0.959650 
3535 0.959446 
3536 0.959446 
3537 0.959446 
3538 0.958996 
3539 0.958996 
3540 0.958996 
3541 0.959055 
3542 0.959055 
3543 0.959055 
3544 0.959016 
3545 0.959016 
3546 0.959016 
3547 0.958926 
3548 0.958926 
3549 0.958926 
3550 0.958640 
3551 0.958640 
3552 0.958640 
3553 0.958620 
3554 0.958620 
3555 0.958620 
3556 0.958178 
3557 0.958178 
3558 0.958178 
3559 0.958327 
3560 0.958327 
3561 0.958327 
3562 0.958108 
3563 0.958108 
3564 0.958108 
3565 0.957904 
3566 0.957904 
3567 0.957904 
3568 0.957920 
3569 0.957920 
3570 0.957920 
3571 0.958687 
3572 0.958687 
3573 0.958687 
3574 0.958812 
3575 0.958812 
3576 0.958812 
3577 0.958648 
3578 0.958648 
3579 0.958648 
3580 0.958515 
3581 0.958515 
3582 0.958515 
3583 0.958350 
3584 0.958350 
3585 0.958350 
3586 0.958409 
3587 0.958409 
3588 0.958409 
3589 0.958456 
3590 0.958456 
3591 0.958456 
3592 0.958632 
3593 0.958632 
3594 0.958632 
3595 0.957615 
3596 0.957615 
3597 0.957615 
3598 0.957626 
3599 0.957626 
3600 0.957626 
3601 0.957611 
3602 0.957611 
3603 0.957611 
3604 0.957634 
3605 0.957634 
3606 0.957634 
3607 0.957767 
3608 0.957767 
3609 0.957767 
3610 0.957771 
3611 0.957771 
3612 0.957771 
3613 0.957732 
3614 0.957732 
3615 0.957732 
3616 0.957849 
3617 0.957849 
3618 0.957849 
3619 0.958382 
3620 0.958382 
3621 0.958382 
3622 0.958029 
3623 0.958029 
3624 0.958029 
3625 0.958405 
3626 0.958405 
3627 0.958405 
3628 0.958562 
3629 0.958562 
3630 0.958562 
3631 0.958401 
3632 0.958401 
3633 0.958401 
3634 0.958659 
3635 0.958659 
3636 0.958659 
3637 0.958577 
3638 0.958577 
3639 0.958577 
3640 0.958530 
3641 0.958530 
3642 0.958530 
3643 0.958519 
3644 0.958519 
3645 0.958519 
3646 0.960421 
3647 0.960421 
3648 0.960421 
3649 0.960303 
3650 0.960303 
3651 0.960303 
3652 0.960072 
3653 0.960072 
3654 0.960072 
3655 0.960064 
3656 0.960064 
3657 0.960064 
3658 0.959998 
3659 0.959998 
3660 0.959998 
3661 0.959470 
3662 0.959470 
3663 0.959470 
3664 0.959254 
3665 0.959254 
3666 0.959254 
3667 0.959317 
3668 0.959317 
3669 0.959317 
3670 0.959626 
3671 0.959626 
3672 0.959626 
3673 0.959755 
3674 0.959755 
3675 0.959755 
3676 0.959188 
3677 0.959188 
3678 0.959188 
3679 0.959125 
3680 0.959125 
3681 0.959125 
3682 0.959297 
3683 0.959297 
3684 0.959297 
3685 0.958785 
3686 0.958785 
3687 0.958785 
3688 0.958515 
3689 0.958515 
3690 0.958515 
3691 0.958288 
3692 0.958288 
3693 0.958288 
3694 0.957145 
3695 0.957145 
3696 0.957145 
3697 0.957298 
3698 0.957298 
3699 0.957298 
3700 0.957528 
3701 0.957528 
3702 0.957528 
3703 0.958033 
3704 0.958033 
3705 0.958033 
3706 0.958456 
3707 0.958456 
3708 0.958456 
3709 0.958663 
3710 0.958663 
3711 0.958663 
3712 0.958538 
3713 0.958538 
3714 0.958538 
3715 0.959215 
3716 0.959215 
3717 0.959215 
3718 0.958800 
3719 0.958800 
3720 0.958800 
3721 0.959160 
3722 0.959160 
3723 0.959160 
3724 0.959806 
3725 0.959806 
3726 0.959806 
3727 0.959035 
3728 0.959035 
3729 0.959035 
3730 0.958386 
3731 0.958386 
3732 0.958386 
3733 0.958158 
3734 0.958158 
3735 0.958158 
3736 0.958245 
3737 0.958245 
3738 0.958245 
3739 0.957904 
3740 0.957904 
3741 0.957904 
3742 0.957411 
3743 0.957411 
3744 0.957411 
3745 0.957313 
3746 0.957313 
3747 0.957313 
3748 0.957736 
3749 0.957736 
3750 0.957736 
3751 0.957693 
3752 0.957693 
3753 0.957693 
3754 0.957740 
3755 0.957740 
3756 0.957740 
3757 0.957818 
3758 0.957818 
3759 0.957818 
3760 0.957986 
3761 0.957986 
3762 0.957986 
3763 0.957814 
3764 0.957814 
3765 0.957814 
3766 0.957571 
3767 0.957571 
3768 0.957571 
3769 0.958937 
3770 0.958937 
3771 0.958937 
3772 0.958562 
3773 0.958562 
3774 0.958562 
3775 0.958773 
3776 0.958773 
3777 0.958773 
3778 0.958977 
3779 0.958977 
3780 0.958977 
3781 0.958742 
3782 0.958742 
3783 0.958742 
3784 0.958812 
3785 0.958812 
3786 0.958812 
3787 0.958722 
3788 0.958722 
3789 0.958722 
3790 0.958996 
3791 0.958996 
3792 0.958996 
3793 0.959023 
3794 0.959023 
3795 0.959023 
3796 0.958202 
3797 0.958202 
3798 0.958202 
3799 0.957438 
3800 0.957438 
3801 0.957438 
3802 0.956980 
3803 0.956980 
3804 0.956980 
3805 0.956777 
3806 0.956777 
3807 0.956777 
3808 0.956785 
3809 0.956785 
3810 0.956785 
3811 0.957141 
3812 0.957141 
3813 0.957141 
3814 0.956930 
3815 0.956930 
3816 0.956930 
3817 0.957415 
3818 0.957415 
3819 0.957415 
3820 0.961160 
3821 0.961160 
3822 0.961160 
3823 0.960796 
3824 0.960796 
3825 0.960796 
3826 0.960616 
3827 0.960616 
3828 0.960616 
3829 0.960385 
3830 0.960385 
3831 0.960385 
3832 0.960605 
3833 0.960605 
3834 0.960605 
3835 0.960800 
3836 0.960800 
3837 0.960800 
3838 0.960695 
3839 0.960695 
3840 0.960695 
3841 0.960839 
3842 0.960839 
3843 0.960839 
3844 0.960996 
3845 0.960996 
3846 0.960996 
3847 0.960926 
3848 0.960926 
3849 0.960926 
3850 0.961231 
3851 0.961231 
3852 0.961231 
3853 0.961289 
3854 0.961289 
3855 0.961289 
3856 0.961575 
3857 0.961575 
3858 0.961575 
3859 0.961579 
3860 0.961579 
3861 0.961579 
3862 0.961669 
3863 0.961669 
3864 0.961669 
3865 0.961438 
3866 0.961438 
3867 0.961438 
3868 0.961497 
3869 0.961497 
3870 0.961497 
3871 0.961826 
3872 0.961826 
3873 0.961826 
3874 0.961610 
3875 0.961610 
3876 0.961610 
3877 0.961963 
3878 0.961963 
3879 0.961963 
3880 0.961603 
3881 0.961603 
3882 0.961603 
3883 0.961740 
3884 0.961740 
3885 0.961740 
3886 0.961955 
3887 0.961955 
3888 0.961955 
3889 0.961822 
3890 0.961822 
3891 0.961822 
3892 0.961810 
3893 0.961810 
3894 0.961810 
3895 0.960726 
3896 0.960726 
3897 0.960726 
3898 0.961282 
3899 0.961282 
3900 0.961282 
3901 0.961689 
3902 0.961689 
3903 0.961689 
3904 0.961732 
3905 0.961732 
3906 0.961732 
3907 0.961771 
3908 0.961771 
3909 0.961771 
3910 0.961560 
3911 0.961560 
3912 0.961560 
3913 0.961513 
3914 0.961513 
3915 0.961513 
3916 0.961419 
3917 0.961419 
3918 0.961419 
3919 0.964197 
3920 0.964197 
3921 0.964197 
3922 0.963888 
3923 0.963888 
3924 0.963888 
3925 0.964056 
3926 0.964056 
3927 0.964056 
3928 0.963955 
3929 0.963955 
3930 0.963955 
3931 0.963724 
3932 0.963724 
3933 0.963724 
3934 0.963732 
3935 0.963732 
3936 0.963732 
3937 0.963751 
3938 0.963751 
3939 0.963751 
3940 0.963646 
3941 0.963646 
3942 0.963646 
3943 0.963614 
3944 0.963614 
3945 0.963614 
3946 0.962135 
3947 0.962135 
3948 0.962135 
3949 0.961509 
3950 0.961509 
3951 0.961509 
3952 0.961759 
3953 0.961759 
3954 0.961759 
3955 0.961747 
3956 0.961747 
3957 0.961747 
3958 0.961685 
3959 0.961685 
3960 0.961685 
3961 0.961751 
3962 0.961751 
3963 0.961751 
3964 0.962025 
3965 0.962025 
3966 0.962025 
3967 0.961579 
3968 0.961579 
3969 0.961579 
3970 0.961904 
3971 0.961904 
3972 0.961904 
3973 0.962143 
3974 0.962143 
3975 0.962143 
3976 0.962014 
3977 0.962014 
3978 0.962014 
3979 0.962217 
3980 0.962217 
3981 0.962217 
3982 0.962064 
3983 0.962064 
3984 0.962064 
3985 0.962131 
3986 0.962131 
3987 0.962131 
3988 0.962014 
3989 0.962014 
3990 0.962014 
3991 0.962010 
3992 0.962010 
3993 0.962010 
3994 0.962741 
3995 0.962741 
3996 0.962741 
3997 0.962491 
3998 0.962491 
3999 0.962491 
4000 0.962648 
4001 0.962648 
4002 0.962648 
4003 0.962612 
4004 0.962612 
4005 0.962612 
4006 0.962331 
4007 0.962331 
4008 0.962331 
4009 0.962542 
4010 0.962542 
4011 0.962542 
4012 0.962961 
4013 0.962961 
4014 0.962961 
4015 0.963015 
4016 0.963015 
4017 0.963015 
4018 0.962855 
4019 0.962855 
4020 0.962855 
4021 0.962695 
4022 0.962695 
4023 0.962695 
4024 0.962534 
4025 0.962534 
4026 0.962534 
4027 0.962663 
4028 0.962663 
4029 0.962663 
4030 0.962761 
4031 0.962761 
4032 0.962761 
4033 0.962558 
4034 0.962558 
4035 0.962558 
4036 0.962843 
4037 0.962843 
4038 0.962843 
4039 0.962667 
4040 0.962667 
4041 0.962667 
4042 0.962749 
4043 0.962749 
4044 0.962749 
4045 0.961873 
4046 0.961873 
4047 0.961873 
4048 0.961493 
4049 0.961493 
4050 0.961493 
4051 0.961513 
4052 0.961513 
4053 0.961513 
4054 0.961477 
4055 0.961477 
4056 0.961477 
4057 0.961712 
4058 0.961712 
4059 0.961712 
4060 0.961497 
4061 0.961497 
4062 0.961497 
4063 0.961669 
4064 0.961669 
4065 0.961669 
4066 0.962088 
4067 0.962088 
4068 0.962088 
4069 0.961059 
4070 0.961059 
4071 0.961059 
4072 0.960882 
4073 0.960882 
4074 0.960882 
4075 0.961023 
4076 0.961023 
4077 0.961023 
4078 0.961293 
4079 0.961293 
4080 0.961293 
4081 0.961270 
4082 0.961270 
4083 0.961270 
4084 0.961434 
4085 0.961434 
4086 0.961434 
4087 0.961556 
4088 0.961556 
4089 0.961556 
4090 0.961865 
4091 0.961865 
4092 0.961865 
4093 0.961544 
4094 0.961544 
4095 0.961544 
4096 0.964060 
4097 0.964060 
4098 0.964060 
4099 0.964013 
4100 0.964013 
4101 0.964013 
4102 0.963704 
4103 0.963704 
4104 0.963704 
4105 0.963497 
4106 0.963497 
4107 0.963497 
4108 0.963066 
4109 0.963066 
4110 0.963066 
4111 0.963289 
4112 0.963289 
4113 0.963289 
4114 0.963497 
4115 0.963497 
4116 0.963497 
4117 0.963630 
4118 0.963630 
4119 0.963630 
4120 0.964929 
4121 0.964929 
4122 0.964929 
4123 0.965011 
4124 0.965011 
4125 0.965011 
4126 0.964565 
4127 0.964565 
4128 0.964565 
4129 0.964581 
4130 0.964581 
4131 0.964581 
4132 0.964338 
4133 0.964338 
4134 0.964338 
4135 0.964620 
4136 0.964620 
4137 0.964620 
4138 0.964362 
4139 0.964362 
4140 0.964362 
4141 0.964546 
4142 0.964546 
4143 0.964546 
4144 0.966397 
4145 0.966397 
4146 0.966397 
4147 0.966600 
4148 0.966600 
4149 0.966600 
4150 0.965974 
4151 0.965974 
4152 0.965974 
4153 0.966236 
4154 0.966236 
4155 0.966236 
4156 0.966593 
4157 0.966593 
4158 0.966593 
4159 0.965927 
4160 0.965927 
4161 0.965927 
4162 0.965825 
4163 0.965825 
4164 0.965825 
4165 0.965281 
4166 0.965281 
4167 0.965281 
4168 0.964479 
4169 0.964479 
4170 0.964479 
4171 0.964193 
4172 0.964193 
4173 0.964193 
4174 0.963900 
4175 0.963900 
4176 0.963900 
4177 0.963164 
4178 0.963164 
4179 0.963164 
4180 0.962542 
4181 0.962542 
4182 0.962542 
4183 0.962593 
4184 0.962593 
4185 0.962593 
4186 0.963477 
4187 0.963477 
4188 0.963477 
4189 0.965923 
4190 0.965923 
4191 0.965923 
4192 0.967383 
4193 0.967383 
4194 0.967383 
4195 0.970659 
4196 0.970659 
4197 0.970659 
4198 0.970698 
4199 0.970698 
4200 0.970698 
4201 0.970577 
4202 0.970577 
4203 0.970577 
4204 0.971782 
4205 0.971782 
4206 0.971782 
4207 0.972639 
4208 0.972639 
4209 0.972639 
4210 0.973262 
4211 0.973262 
4212 0.973262 
4213 0.974549 
4214 0.974549 
4215 0.974549 
4216 0.974933 
4217 0.974933 
4218 0.974933 
4219 0.974991 
4220 0.974991 
4221 0.974991 
4222 0.976181 
4223 0.976181 
4224 0.976181 
4225 0.976412 
4226 0.976412 
4227 0.976412 
4228 0.975175 
4229 0.975175 
4230 0.975175 
4231 0.975492 
4232 0.975492 
4233 0.975492 
4234 0.976142 
4235 0.976142 
4236 0.976142 
4237 0.977801 
4238 0.977801 
4239 0.977801 
4240 0.978275 
4241 0.978275 
4242 0.978275 
4243 0.975614 
4244 0.975614 
4245 0.975614 
4246 0.975481 
4247 0.975481 
4248 0.975481 
4249 0.976154 
4250 0.976154 
4251 0.976154 
4252 0.975359 
4253 0.975359 
4254 0.975359 
4255 0.976032 
4256 0.976032 
4257 0.976032 
4258 0.978897 
4259 0.978897 
4260 0.978897 
4261 0.979132 
4262 0.979132 
4263 0.979132 
4264 0.980694 
4265 0.980694 
4266 0.980694 
4267 0.982404 
4268 0.982404 
4269 0.982404 
4270 0.983813 
4271 0.983813 
4272 0.983813 
4273 0.982764 
4274 0.982764 
4275 0.982764 
4276 0.985488 
4277 0.985488 
4278 0.985488 
4279 0.985699 
4280 0.985699 
4281 0.985699 
4282 0.985218 
4283 0.985218 
4284 0.985218 
4285 0.986067 
4286 0.986067 
4287 0.986067 
4288 0.985566 
4289 0.985566 
4290 0.985566 
4291 0.985570 
4292 0.985570 
4293 0.985570 
4294 0.985915 
4295 0.985915 
4296 0.985915 
4297 0.985950 
4298 0.985950 
4299 0.985950 
4300 0.987120 
4301 0.987120 
4302 0.987120 
4303 0.988427 
4304 0.988427 
4305 0.988427 
4306 0.989237 
4307 0.989237 
4308 0.989237 
4309 0.988055 
4310 0.988055 
4311 0.988055 
4312 0.988619 
4313 0.988619 
4314 0.988619 
4315 0.987656 
4316 0.987656 
4317 0.987656 
4318 0.986850 
4319 0.986850 
4320 0.986850 
4321 0.988462 
4322 0.988462 
4323 0.988462 
4324 0.988083 
4325 0.988083 
4326 0.988083 
4327 0.988725 
4328 0.988725 
4329 0.988725 
4330 0.986967 
4331 0.986967 
4332 0.986967 
4333 0.986635 
4334 0.986635 
4335 0.986635 
4336 0.986666 
4337 0.986666 
4338 0.986666 
4339 0.987547 
4340 0.987547 
4341 0.987547 
4342 0.987140 
4343 0.987140 
4344 0.987140 
4345 0.985977 
4346 0.985977 
4347 0.985977 
4348 0.986333 
4349 0.986333 
4350 0.986333 
4351 0.984783 
4352 0.984783 
4353 0.984783 
4354 0.985539 
4355 0.985539 
4356 0.985539 
4357 0.985911 
4358 0.985911 
4359 0.985911 
4360 0.987038 
4361 0.987038 
4362 0.987038 
4363 0.987050 
4364 0.987050 
4365 0.987050 
4366 0.986153 
4367 0.986153 
4368 0.986153 
4369 0.986235 
4370 0.986235 
4371 0.986235 
4372 0.985735 
4373 0.985735 
4374 0.985735 
4375 0.985406 
4376 0.985406 
4377 0.985406 
4378 0.984482 
4379 0.984482 
4380 0.984482 
4381 0.980224 
4382 0.980224 
4383 0.980224 
4384 0.973676 
4385 0.973676 
4386 0.973676 
4387 0.970905 
4388 0.970905 
4389 0.970905 
4390 0.966706 
4391 0.966706 
4392 0.966706 
4393 0.956750 
4394 0.956750 
4395 0.956750 
4396 0.933690 
4397 0.933690 
4398 0.933690 
4399 0.916164 
4400 0.916164 
4401 0.916164 
4402 0.894776 
4403 0.894776 
4404 0.894776 
4405 0.883125 
4406 0.883125 
4407 0.883125 
4408 0.870718 
4409 0.870718 
4410 0.870718 
4411 0.820588 
4412 0.820588 
4413 0.820588 
4414 0.854398 
4415 0.854398 
4416 0.854398 
4417 0.935968 
4418 0.935968 
4419 0.935968 
4420 0.981586 
4421 0.981586 
4422 0.981586 
4423 0.984149 
4424 0.984149 
4425 0.984149 
4426 0.984783 
4427 0.984783 
4428 0.984783 
4429 0.983089 
4430 0.983089 
4431 0.983089 
4432 0.981144 
4433 0.981144 
4434 0.981144 
4435 0.980936 
4436 0.980936 
4437 0.980936 
4438 0.979426 
4439 0.979426 
4440 0.979426 
4441 0.979277 
4442 0.979277 
4443 0.979277 
4444 0.977962 
4445 0.977962 
4446 0.977962 
4447 0.975105 
4448 0.975105 
4449 0.975105 
4450 0.971559 
4451 0.971559 
4452 0.971559 
4453 0.967422 
4454 0.967422 
4455 0.967422 
4456 0.964601 
4457 0.964601 
4458 0.964601 
4459 0.962319 
4460 0.962319 
4461 0.962319 
4462 0.959141 
4463 0.959141 
4464 0.959141 
4465 0.952448 
4466 0.952448 
4467 0.952448 
4468 0.952824 
4469 0.952824 
4470 0.952824 
4471 0.957603 
4472 0.957603 
4473 0.957603 
4474 0.962949 
4475 0.962949 
4476 0.962949 
4477 0.966647 
4478 0.966647 
4479 0.966647 
4480 0.967712 
4481 0.967712 
4482 0.967712 
4483 0.960151 
4484 0.960151 
4485 0.960151 
4486 0.938864 
4487 0.938864 
4488 0.938864 
4489 0.925655 
4490 0.925655 
4491 0.925655 
4492 0.928825 
4493 0.928825 
4494 0.928825 
4495 0.926418 
4496 0.926418 
4497 0.926418 
4498 0.932927 
4499 0.932927 
4500 0.932927 
4501 0.946351 
4502 0.946351 
4503 0.946351 
4504 0.965532 
4505 0.965532 
4506 0.965532 
4507 0.977598 
4508 0.977598 
4509 0.977598 
4510 0.980267 
4511 0.980267 
4512 0.980267 
4513 0.980658 
4514 0.980658 
4515 0.980658 
4516 0.983856 
4517 0.983856 
4518 0.983856 
4519 0.981527 
4520 0.981527 
4521 0.981527 
4522 0.983089 
4523 0.983089 
4524 0.983089 
4525 0.984259 
4526 0.984259 
4527 0.984259 
4528 0.984353 
4529 0.984353 
4530 0.984353 
4531 0.984521 
4532 0.984521 
4533 0.984521 
4534 0.984521 
4535 0.984521 
4536 0.984521 
4537 0.984032 
4538 0.984032 
4539 0.984032 
4540 0.983637 
4541 0.983637 
4542 0.983637 
4543 0.983829 
4544 0.983829 
4545 0.983829 
4546 0.983962 
4547 0.983962 
4548 0.983962 
4549 0.983922 
4550 0.983922 
4551 0.983922 
4552 0.980494 
4553 0.980494 
4554 0.980494 
4555 0.980107 
4556 0.980107 
4557 0.980107 
4558 0.981676 
4559 0.981676 
4560 0.981676 
4561 0.980365 
4562 0.980365 
4563 0.980365 
4564 0.980013 
4565 0.980013 
4566 0.980013 
4567 0.982228 
4568 0.982228 
4569 0.982228 
4570 0.982087 
4571 0.982087 
4572 0.982087 
4573 0.981472 
4574 0.981472 
4575 0.981472 
4576 0.982451 
4577 0.982451 
4578 0.982451 
4579 0.983962 
4580 0.983962 
4581 0.983962 
4582 0.984134 
4583 0.984134 
4584 0.984134 
4585 0.982842 
4586 0.982842 
4587 0.982842 
4588 0.980968 
4589 0.980968 
4590 0.980968 
4591 0.979387 
4592 0.979387 
4593 0.979387 
4594 0.980428 
4595 0.980428 
4596 0.980428 
4597 0.979891 
4598 0.979891 
4599 0.979891 
4600 0.978745 
4601 0.978745 
4602 0.978745 
4603 0.976318 
4604 0.976318 
4605 0.976318 
4606 0.975692 
4607 0.975692 
4608 0.975692 
4609 0.976976 
4610 0.976976 
4611 0.976976 
4612 0.977066 
4613 0.977066 
4614 0.977066 
4615 0.979880 
4616 0.979880 
4617 0.979880 
4618 0.980208 
4619 0.980208 
4620 0.980208 
4621 0.981504 
4622 0.981504 
4623 0.981504 
4624 0.978807 
4625 0.978807 
4626 0.978807 
4627 0.979265 
4628 0.979265 
4629 0.979265 
4630 0.981144 
4631 0.981144 
4632 0.981144 
4633 0.981332 
4634 0.981332 
4635 0.981332 
4636 0.983335 
4637 0.983335 
4638 0.983335 
4639 0.983609 
4640 0.983609 
4641 0.983609 
4642 0.981923 
4643 0.981923 
4644 0.981923 
4645 0.980478 
4646 0.980478 
4647 0.980478 
4648 0.982764 
4649 0.982764 
4650 0.982764 
4651 0.982604 
4652 0.982604 
4653 0.982604 
4654 0.981723 
4655 0.981723 
4656 0.981723 
4657 0.982584 
4658 0.982584 
4659 0.982584 
4660 0.985320 
4661 0.985320 
4662 0.985320 
4663 0.986971 
4664 0.986971 
4665 0.986971 
4666 0.986012 
4667 0.986012 
4668 0.986012 
4669 0.986576 
4670 0.986576 
4671 0.986576 
4672 0.987190 
4673 0.987190 
4674 0.987190 
4675 0.984114 
4676 0.984114 
4677 0.984114 
4678 0.981758 
4679 0.981758 
4680 0.981758 
4681 0.978486 
4682 0.978486 
4683 0.978486 
4684 0.975715 
4685 0.975715 
4686 0.975715 
4687 0.968025 
4688 0.968025 
4689 0.968025 
4690 0.959012 
4691 0.959012 
4692 0.959012 
4693 0.953963 
4694 0.953963 
4695 0.953963 
4696 0.951180 
4697 0.951180 
4698 0.951180 
4699 0.957110 
4700 0.957110 
4701 0.957110 
4702 0.960691 
4703 0.960691 
4704 0.960691 
4705 0.962182 
4706 0.962182 
4707 0.962182 
4708 0.963833 
4709 0.963833 
4710 0.963833 
4711 0.973696 
4712 0.973696 
4713 0.973696 
4714 0.982099 
4715 0.982099 
4716 0.982099 
4717 0.985664 
4718 0.985664 
4719 0.985664 
4720 0.988098 
4721 0.988098 
4722 0.988098 
4723 0.988239 
4724 0.988239 
4725 0.988239 
4726 0.986705 
4727 0.986705 
4728 0.986705 
4729 0.984556 
4730 0.984556 
4731 0.984556 
4732 0.981261 
4733 0.981261 
4734 0.981261 
4735 0.981504 
4736 0.981504 
4737 0.981504 
4738 0.983997 
4739 0.983997 
4740 0.983997 
4741 0.986279 
4742 0.986279 
4743 0.986279 
4744 0.987151 
4745 0.987151 
4746 0.987151 
4747 0.982795 
4748 0.982795 
4749 0.982795 
4750 0.941662 
4751 0.941662 
4752 0.941662 
4753 0.832121 
4754 0.832121 
4755 0.832121 
4756 0.670880 
4757 0.670880 
4758 0.670880 
4759 0.417499 
4760 0.417499 
4761 0.417499 
4762 0.320733 
4763 0.320733 
4764 0.320733 
4765 0.265467 
4766 0.265467 
4767 0.265467 
4768 0.223172 
4769 0.223172 
4770 0.223172 
4771 0.172657 
4772 0.172657 
4773 0.172657 
4774 0.143336 
4775 0.143336 
4776 0.143336 
4777 0.122996 
4778 0.122996 
4779 0.122996 
4780 0.101064 
4781 0.101064 
4782 0.101064 
4783 0.080270 
4784 0.080270 
4785 0.080270 
4786 0.073989 
4787 0.073989 
4788 0.073989 
4789 0.070572 
4790 0.070572 
4791 0.070572 
4792 0.069054 
4793 0.069054 
4794 0.069054 
4795 0.062932 
4796 0.062932 
4797 0.062932 
4798 0.062064 
4799 0.062064 
4800 0.062064 
4801 0.061097 
4802 0.061097 
4803 0.061097 
4804 0.059786 
4805 0.059786 
4806 0.059786 
4807 0.059469 
4808 0.059469 
4809 0.059469 
4810 0.059727 
4811 0.059727 
4812 0.059727 
4813 0.063402 
4814 0.063402 
4815 0.063402 
4816 0.068760 
4817 0.068760 
4818 0.068760 
4819 0.093205 
4820 0.093205 
4821 0.093205 
4822 0.092508 
4823 0.092508 
4824 0.092508 
4825 0.092767 
4826 0.092767 
4827 0.092767 
4828 0.094763 
4829 0.094763 
4830 0.094763 
4831 0.095189 
4832 0.095189 
4833 0.095189 
4834 0.096997 
4835 0.096997 
4836 0.096997 
4837 0.098453 
4838 0.098453 
4839 0.098453 
4840 0.101103 
4841 0.101103 
4842 0.101103 
4843 0.103060 
4844 0.103060 
4845 0.103060 
4846 0.106895 
4847 0.106895 
4848 0.106895 
4849 0.110014 
4850 0.110014 
4851 0.110014 
4852 0.114543 
4853 0.114543 
4854 0.114543 
4855 0.116918 
4856 0.116918 
4857 0.116918 
4858 0.106966 
4859 0.106966 
4860 0.106966 
4861 0.108907 
4862 0.108907 
4863 0.108907 
4864 0.109709 
4865 0.109709 
4866 0.109709 
4867 0.112742 
4868 0.112742 
4869 0.112742 
4870 0.116026 
4871 0.116026 
4872 0.116026 
4873 0.119908 
4874 0.119908 
4875 0.119908 
4876 0.121521 
4877 0.121521 
4878 0.121521 
4879 0.124096 
4880 0.124096 
4881 0.124096 
4882 0.125806 
4883 0.125806 
4884 0.125806 
4885 0.107846 
4886 0.107846 
4887 0.107846 
4888 0.109165 
4889 0.109165 
4890 0.109165 
4891 0.110018 
4892 0.110018 
4893 0.110018 
4894 0.113196 
4895 0.113196 
4896 0.113196 
4897 0.117744 
4898 0.117744 
4899 0.117744 
4900 0.120687 
4901 0.120687 
4902 0.120687 
4903 0.121759 
4904 0.121759 
4905 0.121759 
4906 0.122722 
4907 0.122722 
4908 0.122722 
4909 0.102300 
4910 0.102300 
4911 0.102300 
4912 0.101874 
4913 0.101874 
4914 0.101874 
4915 0.105345 
4916 0.105345 
4917 0.105345 
4918 0.153120 
4919 0.153120 
4920 0.153120 
4921 0.199180 
4922 0.199180 
4923 0.199180 
4924 0.207458 
4925 0.207458 
4926 0.207458 
4927 0.237883 
4928 0.237883 
4929 0.237883 
4930 0.275529 
4931 0.275529 
4932 0.275529 
4933 0.309297 
4934 0.309297 
4935 0.309297 
4936 0.382068 
4937 0.382068 
4938 0.382068 
4939 0.516265 
4940 0.516265 
4941 0.516265 
4942 0.615877 
4943 0.615877 
4944 0.615877 
4945 0.681252 
4946 0.681252 
4947 0.681252 
4948 0.714056 
4949 0.714056 
4950 0.714056 
4951 0.720541 
4952 0.720541 
4953 0.720541 
4954 0.713900 
4955 0.713900 
4956 0.713900 
4957 0.557735 
4958 0.557735 
4959 0.557735 
4960 0.224980 
4961 0.224980 
4962 0.224980 
4963 0.140150 
4964 0.140150 
4965 0.140150 
4966 0.104715 
4967 0.104715 
4968 0.104715 
4969 0.150815 
4970 0.150815 
4971 0.150815 
4972 0.225911 
4973 0.225911 
4974 0.225911 
4975 0.284554 
4976 0.284554 
4977 0.284554 
4978 0.319836 
4979 0.319836 
4980 0.319836 
4981 0.322756 
4982 0.322756 
4983 0.322756 
4984 0.324959 
4985 0.324959 
4986 0.324959 
4987 0.314224 
4988 0.314224 
4989 0.314224 
4990 0.300420 
4991 0.300420 
4992 0.300420 
4993 0.275588 
4994 0.275588 
4995 0.275588 
4996 0.247033 
4997 0.247033 
4998 0.247033 
4999 0.226412 
5000 0.226412 
5001 0.226412 
5002 0.195693 
5003 0.195693 
5004 0.195693 
5005 0.156196 
5006 0.156196 
5007 0.156196 
5008 0.141375 
5009 0.141375 
5010 0.141375 
5011 0.126221 
5012 0.126221 
5013 0.126221 
5014 0.114777 
5015 0.114777 
5016 0.114777 
5017 0.105729 
5018 0.105729 
5019 0.105729 
5020 0.112304 
5021 0.112304 
5022 0.112304 
5023 0.135144 
5024 0.135144 
5025 0.135144 
5026 0.139825 
5027 0.139825 
5028 0.139825 
5029 0.137829 
5030 0.137829 
5031 0.137829 
5032 0.129610 
5033 0.129610 
5034 0.129610 
5035 0.118499 
5036 0.118499 
5037 0.118499 
5038 0.118965 
5039 0.118965 
5040 0.118965 
5041 0.115740 
5042 0.115740 
5043 0.115740 
5044 0.109032 
5045 0.109032 
5046 0.109032 
5047 0.106476 
5048 0.106476 
5049 0.106476 
5050 0.123286 
5051 0.123286 
5052 0.123286 
5053 0.152850 
5054 0.152850 
5055 0.152850 
5056 0.186606 
5057 0.186606 
5058 0.186606 
5059 0.252180 
5060 0.252180 
5061 0.252180 
5062 0.314654 
5063 0.314654 
5064 0.314654 
5065 0.377164 
5066 0.377164 
5067 0.377164 
5068 0.461908 
5069 0.461908 
5070 0.461908 
5071 0.540413 
5072 0.540413 
5073 0.540413 
5074 0.594794 
5075 0.594794 
5076 0.594794 
5077 0.635536 
5078 0.635536 
5079 0.635536 
5080 0.669695 
5081 0.669695 
5082 0.669695 
5083 0.725132 
5084 0.725132 
5085 0.725132 
5086 0.665225 
5087 0.665225 
5088 0.665225 
5089 0.446558 
5090 0.446558 
5091 0.446558 
5092 0.349177 
5093 0.349177 
5094 0.349177 
5095 0.325558 
5096 0.325558 
5097 0.325558 
5098 0.315586 
5099 0.315586 
5100 0.315586 
5101 0.307218 
5102 0.307218 
5103 0.307218 
5104 0.304655 
5105 0.304655 
5106 0.304655 
5107 0.311531 
5108 0.311531 
5109 0.311531 
5110 0.383512 
5111 0.383512 
5112 0.383512 
5113 0.360026 
5114 0.360026 
5115 0.360026 
5116 0.339918 
5117 0.339918 
5118 0.339918 
5119 0.331253 
5120 0.331253 
5121 0.331253 
5122 0.328842 
5123 0.328842 
5124 0.328842 
5125 0.334673 
5126 0.334673 
5127 0.334673 
5128 0.343385 
5129 0.343385 
5130 0.343385 
5131 0.342367 
5132 0.342367 
5133 0.342367 
5134 0.423096 
5135 0.423096 
5136 0.423096 
5137 0.424058 
5138 0.424058 
5139 0.424058 
5140 0.425244 
5141 0.425244 
5142 0.425244 
5143 0.423428 
5144 0.423428 
5145 0.423428 
5146 0.422309 
5147 0.422309 
5148 0.422309 
5149 0.421800 
5150 0.421800 
5151 0.421800 
5152 0.421968 
5153 0.421968 
5154 0.421968 
5155 0.421980 
5156 0.421980 
5157 0.421980 
5158 0.403280 
5159 0.403280 
5160 0.403280 
5161 0.401511 
5162 0.401511 
5163 0.401511 
5164 0.402960 
5165 0.402960 
5166 0.402960 
5167 0.402924 
5168 0.402924 
5169 0.402924 
5170 0.405253 
5171 0.405253 
5172 0.405253 
5173 0.408717 
5174 0.408717 
5175 0.408717 
5176 0.411163 
5177 0.411163 
5178 0.411163 
5179 0.414560 
5180 0.414560 
5181 0.414560 
5182 0.416117 
5183 0.416117 
5184 0.416117 
5185 0.349847 
5186 0.349847 
5187 0.349847 
5188 0.355404 
5189 0.355404 
5190 0.355404 
5191 0.359095 
5192 0.359095 
5193 0.359095 
5194 0.323961 
5195 0.323961 
5196 0.323961 
5197 0.329006 
5198 0.329006 
5199 0.329006 
5200 0.334301 
5201 0.334301 
5202 0.334301 
5203 0.340074 
5204 0.340074 
5205 0.340074 
5206 0.344888 
5207 0.344888 
5208 0.344888 
5209 0.346857 
5210 0.346857 
5211 0.346857 
5212 0.349522 
5213 0.349522 
5214 0.349522 
5215 0.350978 
5216 0.350978 
5217 0.350978 
5218 0.354300 
5219 0.354300 
5220 0.354300 
5221 0.029498 
5222 0.029498 
5223 0.029498 
5224 0.091777 
5225 0.091777 
5226 0.091777 
5227 0.128010 
5228 0.128010 
5229 0.128010 
5230 0.158282 
5231 0.158282 
5232 0.158282 
5233 0.194766 
5234 0.194766 
5235 0.194766 
5236 0.218189 
5237 0.218189 
5238 0.218189 
5239 0.236537 
5240 0.236537 
5241 0.236537 
5242 0.252008 
5243 0.252008 
5244 0.252008 
5245 0.344602 
5246 0.344602 
5247 0.344602 
5248 0.349283 
5249 0.349283 
5250 0.349283 
5251 0.358441 
5252 0.358441 
5253 0.358441 
5254 0.365869 
5255 0.365869 
5256 0.365869 
5257 0.384385 
5258 0.384385 
5259 0.384385 
5260 0.413734 
5261 0.413734 
5262 0.413734 
5263 0.450515 
5264 0.450515 
5265 0.450515 
5266 0.446089 
5267 0.446089 
5268 0.446089 
5269 0.211912 
5270 0.211912 
5271 0.211912 
5272 0.222252 
5273 0.222252 
5274 0.222252 
5275 0.229316 
5276 0.229316 
5277 0.229316 
5278 0.232028 
5279 0.232028 
5280 0.232028 
5281 0.232651 
5282 0.232651 
5283 0.232651 
5284 0.226776 
5285 0.226776 
5286 0.226776 
5287 0.224725 
5288 0.224725 
5289 0.224725 
5290 0.275416 
5291 0.275416 
5292 0.275416 
5293 0.339980 
5294 0.339980 
5295 0.339980 
5296 0.450934 
5297 0.450934 
5298 0.450934 
5299 0.527963 
5300 0.527963 
5301 0.527963 
5302 0.637516 
5303 0.637516 
5304 0.637516 
5305 0.710706 
5306 0.710706 
5307 0.710706 
5308 0.764923 
5309 0.764923 
5310 0.764923 
5311 0.803966 
5312 0.803966 
5313 0.803966 
5314 0.829828 
5315 0.829828 
5316 0.829828 
5317 0.848489 
5318 0.848489 
5319 0.848489 
5320 0.912395 
5321 0.912395 
5322 0.912395 
5323 0.914419 
5324 0.914419 
5325 0.914419 
5326 0.919792 
5327 0.919792 
5328 0.919792 
5329 0.923734 
5330 0.923734 
5331 0.923734 
5332 0.928176 
5333 0.928176 
5334 0.928176 
5335 0.931768 
5336 0.931768 
5337 0.931768 
5338 0.934367 
5339 0.934367 
5340 0.934367 
5341 0.936148 
5342 0.936148 
5343 0.936148 
5344 0.880777 
5345 0.880777 
5346 0.880777 
5347 0.895113 
5348 0.895113 
5349 0.895113 
5350 0.900326 
5351 0.900326 
5352 0.900326 
5353 0.909425 
5354 0.909425 
5355 0.909425 
5356 0.913253 
5357 0.913253 
5358 0.913253 
5359 0.919288 
5360 0.919288 
5361 0.919288 
5362 0.887007 
5363 0.887007 
5364 0.887007 
5365 0.855392 
5366 0.855392 
5367 0.855392 
5368 0.691768 
5369 0.691768 
5370 0.691768 
5371 0.635176 
5372 0.635176 
5373 0.635176 
5374 0.629090 
5375 0.629090 
5376 0.629090 
5377 0.614222 
5378 0.614222 
5379 0.614222 
5380 0.587409 
5381 0.587409 
5382 0.587409 
5383 0.558663 
5384 0.558663 
5385 0.558663 
5386 0.553399 
5387 0.553399 
5388 0.553399 
5389 0.560819 
5390 0.560819 
5391 0.560819 
5392 0.570365 
5393 0.570365 
5394 0.570365 
5395 0.583256 
5396 0.583256 
5397 0.583256 
5398 0.594853 
5399 0.594853 
5400 0.594853 
5401 0.591726 
5402 0.591726 
5403 0.591726 
5404 0.585785 
5405 0.585785 
5406 0.585785 
5407 0.577840 
5408 0.577840 
5409 0.577840 
5410 0.569136 
5411 0.569136 
5412 0.569136 
5413 0.562154 
5414 0.562154 
5415 0.562154 
5416 0.565805 
5417 0.565805 
5418 0.565805 
5419 0.576955 
5420 0.576955 
5421 0.576955 
5422 0.599330 
5423 0.599330 
5424 0.599330 
5425 0.618781 
5426 0.618781 
5427 0.618781 
5428 0.627078 
5429 0.627078 
5430 0.627078 
5431 0.635849 
5432 0.635849 
5433 0.635849 
5434 0.652263 
5435 0.652263 
5436 0.652263 
5437 0.672841 
5438 0.672841 
5439 0.672841 
5440 0.683682 
5441 0.683682 
5442 0.683682 
5443 0.693842 
5444 0.693842 
5445 0.693842 
5446 0.708879 
5447 0.708879 
5448 0.708879 
5449 0.714910 
5450 0.714910 
5451 0.714910 
5452 0.720459 
5453 0.720459 
5454 0.720459 
5455 0.722166 
5456 0.722166 
5457 0.722166 
5458 0.724862 
5459 0.724862 
5460 0.724862 
5461 0.726400 
5462 0.726400 
5463 0.726400 
5464 0.747538 
5465 0.747538 
5466 0.747538 
5467 0.763209 
5468 0.763209 
5469 0.763209 
5470 0.824427 
5471 0.824427 
5472 0.824427 
5473 0.823155 
5474 0.823155 
5475 0.823155 
5476 0.824278 
5477 0.824278 
5478 0.824278 
5479 0.825969 
5480 0.825969 
5481 0.825969 
5482 0.828822 
5483 0.828822 
5484 0.828822 
5485 0.833307 
5486 0.833307 
5487 0.833307 
5488 0.835002 
5489 0.835002 
5490 0.835002 
5491 0.839201 
5492 0.839201 
5493 0.839201 
5494 0.897187 
5495 0.897187 
5496 0.897187 
5497 0.916564 
5498 0.916564 
5499 0.916564 
5500 0.964824 
5501 0.964824 
5502 0.964824 
5503 0.974181 
5504 0.974181 
5505 0.974181 
5506 0.975144 
5507 0.975144 
5508 0.975144 
5509 0.977277 
5510 0.977277 
5511 0.977277 
5512 0.978768 
5513 0.978768 
5514 0.978768 
5515 0.979484 
5516 0.979484 
5517 0.979484 
5518 0.979277 
5519 0.979277 
5520 0.979277 
5521 0.981504 
5522 0.981504 
5523 0.981504 
5524 0.980838 
5525 0.980838 
5526 0.980838 
5527 0.980709 
5528 0.980709 
5529 0.980709 
5530 0.980584 
5531 0.980584 
5532 0.980584 
5533 0.980361 
5534 0.980361 
5535 0.980361 
5536 0.979977 
5537 0.979977 
5538 0.979977 
5539 0.979359 
5540 0.979359 
5541 0.979359 
5542 0.979046 
5543 0.979046 
5544 0.979046 
5545 0.979743 
5546 0.979743 
5547 0.979743 
5548 0.979465 
5549 0.979465 
5550 0.979465 
5551 0.978482 
5552 0.978482 
5553 0.978482 
5554 0.978107 
5555 0.978107 
5556 0.978107 
5557 0.977524 
5558 0.977524 
5559 0.977524 
5560 0.977535 
5561 0.977535 
5562 0.977535 
5563 0.977406 
5564 0.977406 
5565 0.977406 
5566 0.975606 
5567 0.975606 
5568 0.975606 
5569 0.974162 
5570 0.974162 
5571 0.974162 
5572 0.974142 
5573 0.974142 
5574 0.974142 
5575 0.974130 
5576 0.974130 
5577 0.974130 
5578 0.973344 
5579 0.973344 
5580 0.973344 
5581 0.973168 
5582 0.973168 
5583 0.973168 
5584 0.973250 
5585 0.973250 
5586 0.973250 
5587 0.973183 
5588 0.973183 
5589 0.973183 
5590 0.972839 
5591 0.972839 
5592 0.972839 
5593 0.973712 
5594 0.973712 
5595 0.973712 
5596 0.973543 
5597 0.973543 
5598 0.973543 
5599 0.973739 
5600 0.973739 
5601 0.973739 
5602 0.973355 
5603 0.973355 
5604 0.973355 
5605 0.973316 
5606 0.973316 
5607 0.973316 
5608 0.972909 
5609 0.972909 
5610 0.972909 
5611 0.971990 
5612 0.971990 
5613 0.971990 
5614 0.971473 
5615 0.971473 
5616 0.971473 
5617 0.971050 
5618 0.971050 
5619 0.971050 
5620 0.969074 
5621 0.969074 
5622 0.969074 
5623 0.969090 
5624 0.969090 
5625 0.969090 
5626 0.969328 
5627 0.969328 
5628 0.969328 
5629 0.969191 
5630 0.969191 
5631 0.969191 
5632 0.969872 
5633 0.969872 
5634 0.969872 
5635 0.971489 
5636 0.971489 
5637 0.971489 
5638 0.971536 
5639 0.971536 
5640 0.971536 
5641 0.972001 
5642 0.972001 
5643 0.972001 
5644 0.972361 
5645 0.972361 
5646 0.972361 
5647 0.972326 
5648 0.972326 
5649 0.972326 
5650 0.972205 
5651 0.972205 
5652 0.972205 
5653 0.972467 
5654 0.972467 
5655 0.972467 
5656 0.972330 
5657 0.972330 
5658 0.972330 
5659 0.973042 
5660 0.973042 
5661 0.973042 
5662 0.972808 
5663 0.972808 
5664 0.972808 
5665 0.972898 
5666 0.972898 
5667 0.972898 
5668 0.973285 
5669 0.973285 
5670 0.973285 
5671 0.974408 
5672 0.974408 
5673 0.974408 
5674 0.974416 
5675 0.974416 
5676 0.974416 
5677 0.974447 
5678 0.974447 
5679 0.974447 
5680 0.974588 
5681 0.974588 
5682 0.974588 
5683 0.974385 
5684 0.974385 
5685 0.974385 
5686 0.974310 
5687 0.974310 
5688 0.974310 
5689 0.974283 
5690 0.974283 
5691 0.974283 
5692 0.974901 
5693 0.974901 
5694 0.974901 
5695 0.975187 
5696 0.975187 
5697 0.975187 
5698 0.975124 
5699 0.975124 
5700 0.975124 
5701 0.975222 
5702 0.975222 
5703 0.975222 
5704 0.975195 
5705 0.975195 
5706 0.975195 
5707 0.974886 
5708 0.974886 
5709 0.974886 
5710 0.975864 
5711 0.975864 
5712 0.975864 
5713 0.975461 
5714 0.975461 
5715 0.975461 
5716 0.975453 
5717 0.975453 
5718 0.975453 
5719 0.975097 
5720 0.975097 
5721 0.975097 
5722 0.975187 
5723 0.975187 
5724 0.975187 
5725 0.975179 
5726 0.975179 
5727 0.975179 
5728 0.975168 
5729 0.975168 
5730 0.975168 
5731 0.975007 
5732 0.975007 
5733 0.975007 
5734 0.975105 
5735 0.975105 
5736 0.975105 
Time taken: 284.288621
