5 3.300192
10 3.986906
15 4.275096
20 4.404300
25 4.411232
30 4.484916
35 4.701540
40 4.781002
45 4.814377
50 4.789410
55 4.879846
60 4.959306
65 4.936714
70 4.954108
75 4.809371
80 4.821117
85 5.324968
90 6.154043
95 6.965982
100 7.526572
105 7.812452
110 7.943261
115 7.950257
120 7.958215
125 7.899743
130 7.675481
135 7.691720
140 7.586521
145 7.348908
150 7.223812
155 7.102439
160 6.931451
165 6.841528
170 6.910013
175 6.757895
180 6.690501
185 6.582863
190 6.492105
195 6.436200
200 6.418934
205 6.418998
210 6.419769
215 6.424005
220 6.677150
225 6.626251
230 6.561746
235 6.533955
240 6.529782
245 6.445571
250 6.483568
255 6.425033
260 6.401091
265 6.404750
270 6.417137
275 6.363415
280 6.597112
285 6.843517
290 6.918742
295 6.824069
300 6.660848
305 6.543966
310 6.536585
315 6.514762
320 6.595058
325 6.489024
330 6.403017
335 6.392169
340 6.401990
345 6.697433
350 6.879782
355 6.921694
360 6.904108
365 6.854621
370 6.863543
375 6.831130
380 6.797239
385 6.870988
390 7.084211
395 7.272721
400 7.382029
405 7.593517
410 7.994608
415 8.581964
420 9.426573
425 9.958408
430 10.606869
435 11.074262
440 11.434530
445 11.780617
450 11.961423
455 12.112389
460 12.355777
465 12.491079
470 12.650255
475 12.688640
480 12.693903
485 12.704686
490 12.698910
495 12.639472
500 12.724006
505 12.901861
510 12.993197
515 13.138383
520 13.865084
525 14.348652
530 14.624455
535 14.747816
540 14.805456
545 15.101477
550 15.111168
555 15.110526
560 15.108858
565 15.112259
570 14.966368
575 14.978627
580 15.005840
585 15.016303
590 15.054300
595 15.239794
600 15.325289
605 15.362515
610 15.405457
615 15.418870
620 15.450192
625 15.465083
630 15.469384
635 15.482222
640 15.495893
645 15.494351
650 15.486072
655 15.494223
660 15.497818
665 15.500065
670 15.507509
675 15.503916
680 15.508408
685 15.508022
690 15.516943
695 15.509820
700 15.512837
705 15.511361
710 15.523233
715 15.528883
720 15.527920
725 15.530489
730 15.534274
735 15.552375
740 15.560975
745 15.590179
750 15.596406
755 15.596533
760 15.592490
765 15.609179
770 15.612516
775 15.617267
780 15.618806
785 15.616689
790 15.612387
795 15.595572
800 15.592426
805 15.583441
810 15.580937
815 15.587740
820 15.589282
825 15.586265
830 15.588961
835 15.599358
840 15.601155
845 15.609628
850 15.603786
855 15.600898
860 15.597560
865 15.605391
870 15.601348
875 15.605456
880 15.607702
885 15.598652
890 15.600770
895 15.601861
900 15.602502
905 15.586199
910 15.593516
915 15.597049
920 15.592554
925 15.600385
930 15.598073
935 15.603273
940 15.603465
945 15.606931
950 15.601411
955 15.607253
960 15.607060
965 15.603659
970 15.608409
975 15.598972
980 15.598009
985 15.600322
990 15.601797
995 15.603337
1000 15.610075
1005 15.610785
1010 15.587806
1015 15.580809
1020 15.586522
1025 15.589152
1030 15.589345
1035 15.608217
1040 15.602695
1045 15.599615
1050 15.603210
1055 15.598781
1060 15.601347
1065 15.596020
1070 15.600963
1075 15.603210
1080 15.605906
1085 15.610398
1090 15.611747
1095 15.610975
1100 15.605649
1105 15.604492
1110 15.598781
1115 15.598781
1120 15.597754
1125 15.598524
1130 15.603401
1135 15.609306
1140 15.614633
1145 15.611746
1150 15.610014
1155 15.609756
1160 15.607638
1165 15.602118
1170 15.606420
1175 15.613672
1180 15.610269
1185 15.603209
1190 15.604301
1195 15.612324
1200 15.611810
1205 15.610975
1210 15.615983
1215 15.610077
1220 15.604686
1225 15.609564
1230 15.612259
1235 15.612389
1240 15.604429
1245 15.607829
1250 15.602246
1255 15.600386
1260 15.609179
1265 15.607832
1270 15.608794
1275 15.612003
1280 15.614249
1285 15.607444
1290 15.605008
1295 15.600450
1300 15.607445
1305 15.606097
1310 15.604877
1315 15.611745
1320 15.610911
1325 15.615918
1330 15.620861
1335 15.625483
1340 15.625933
1345 15.620796
1350 15.619961
1355 15.622658
1360 15.610847
1365 15.618100
1370 15.620410
1375 15.618807
1380 15.621695
1385 15.617330
1390 15.621246
1395 15.622273
1400 15.628305
1405 15.627856
1410 15.624774
1415 15.634851
1420 15.633954
1425 15.638384
1430 15.638896
1435 15.608150
1440 15.609242
1445 15.605455
1450 15.608601
1455 15.611103
1460 15.610589
1465 15.634915
1470 15.662323
1475 15.660333
1480 15.662067
1485 15.649358
1490 15.670922
1495 15.650386
1500 15.706418
1505 15.742298
1510 15.767458
1515 15.779332
1520 15.797562
1525 15.789858
1530 15.789154
1535 15.793902
1540 15.776571
1545 15.761554
1550 15.766239
1555 15.780680
1560 15.770411
1565 15.766174
1570 15.762003
1575 15.741206
1580 15.746790
1585 15.704236
1590 15.699744
1595 15.705007
1600 15.702503
1605 15.687613
1610 15.715405
1615 15.758344
1620 15.786778
1625 15.808600
1630 15.794096
1635 15.782736
1640 15.795506
1645 15.816239
1650 15.832541
1655 15.817137
1660 15.806097
1665 15.783440
1670 15.775290
1675 15.758152
1680 15.732735
1685 15.672785
1690 15.630617
1695 15.631323
1700 15.656804
1705 15.663927
1710 15.566818
1715 15.516367
1720 15.371374
1725 15.504814
1730 15.564762
1735 14.950192
1740 14.774583
1745 14.132221
1750 12.140116
1755 11.305648
1760 11.352696
1765 11.098781
1770 11.540051
1775 12.398909
1780 13.244800
1785 13.212581
1790 13.110012
1795 12.683376
1800 12.721760
1805 12.814763
1810 12.214185
1815 12.252118
1820 12.068485
1825 11.715532
1830 11.480166
1835 10.400385
1840 10.048139
1845 9.447496
1850 8.867137
1855 8.835237
1860 9.143325
1865 9.683311
1870 10.491399
1875 11.534082
1880 12.198586
1885 10.871438
1890 10.882862
1895 11.322144
1900 11.104943
1905 12.218422
1910 13.088575
1915 13.498330
1920 13.813478
1925 12.446278
1930 10.912517
1935 8.172336
1940 7.172015
1945 6.675545
1950 5.825160
1955 4.684531
1960 3.077535
1965 2.594159
1970 2.268870
1975 2.095571
1980 2.026765
1985 1.555456
1990 1.454557
1995 1.447368
2000 1.947240
2005 3.726508
2010 7.098844
2015 8.501092
2020 11.427343
2025 13.358215
2030 14.129267
2035 15.078948
2040 14.393131
2045 9.520733
2050 7.986586
2055 6.233119
2060 4.619319
2065 3.617972
2070 2.443261
2075 1.783826
2080 1.558023
2085 1.420732
2090 1.380360
2095 1.382157
2100 1.712580
2105 2.433889
2110 3.711617
2115 6.231450
2120 13.720346
2125 15.152761
2130 15.740309
2135 15.826635
2140 15.853145
2145 15.870539
2150 15.872272
2155 15.857188
2160 15.115211
2165 14.997882
2170 15.004621
2175 14.059949
2180 6.689282
2185 2.670988
2190 2.088062
2195 1.816496
2200 1.537805
2205 1.541592
2210 2.042298
2215 1.951926
2220 1.951605
2225 1.963607
2230 2.007766
2235 1.879461
2240 1.861040
2245 1.895443
2250 1.936136
2255 1.966175
2260 1.957445
2265 2.026765
2270 2.752760
2275 3.758601
2280 4.578497
2285 5.775096
2290 5.713671
2295 5.356547
2300 5.112388
2305 4.723492
2310 4.309243
2315 4.255135
2320 3.745186
2325 3.181322
2330 2.895058
2335 3.219833
2340 2.746085
2345 2.605327
2350 2.554365
2355 2.850706
2360 2.791014
2365 2.735879
2370 2.697882
2375 2.477728
2380 2.229910
2385 3.643582
2390 4.538575
2395 6.169384
2400 9.274583
2405 10.792683
2410 7.963287
2415 3.217843
2420 1.577985
2425 1.543004
2430 1.708087
2435 3.723363
2440 4.160975
2445 4.224968
2450 4.204236
2455 3.854044
2460 2.989153
2465 2.666688
2470 2.315019
2475 2.429846
2480 2.891848
2485 3.013286
2490 2.875930
2495 2.795314
2500 2.795764
2505 2.597753
2510 3.242811
2515 4.132798
2520 4.708280
2525 5.023877
2530 5.301540
2535 5.247689
2540 4.314698
2545 3.160334
2550 2.586264
2555 2.307381
2560 3.207638
2565 3.244801
2570 3.272786
2575 3.332606
2580 3.402760
2585 3.433440
2590 3.407060
2595 3.461360
2600 3.518165
2605 3.615276
2610 4.103850
2615 4.102824
2620 4.175738
2625 4.455199
2630 5.134788
2635 5.126508
2640 5.689024
2645 6.979075
2650 8.035045
2655 10.945571
2660 12.172272
2665 12.205647
2670 11.462902
2675 10.581579
2680 8.064827
2685 4.074583
2690 3.892233
2695 3.699037
2700 3.605648
2705 3.558215
2710 3.595956
2715 3.590244
2720 3.176187
2725 3.083569
2730 3.383312
2735 4.070796
2740 4.488511
2745 4.691591
2750 5.109628
2755 5.399230
2760 6.296085
2765 6.369192
2770 6.322657
2775 6.247561
2780 6.439281
2785 7.262708
2790 7.287869
2795 7.360076
2800 7.408473
2805 7.535430
2810 7.866303
2815 7.892554
2820 7.935943
2825 8.034724
2830 8.096855
2835 7.902632
2840 7.887356
2845 7.906099
2850 8.024776
2855 8.269383
2860 8.364570
2865 8.334532
2870 8.474968
2875 8.457317
2880 8.470667
2885 8.559051
2890 8.423171
2895 8.309820
2900 8.172722
2905 8.134852
2910 8.330359
2915 8.323556
2920 8.407895
2925 8.590437
2930 8.760205
2935 9.247946
2940 9.272530
2945 9.474839
2950 9.786137
2955 9.794801
2960 8.713158
2965 10.785366
2970 14.111812
2975 15.162453
2980 15.329205
2985 15.735300
2990 15.746469
2995 15.770026
3000 15.804428
3005 15.813671
3010 15.829524
3015 15.819576
3020 15.797048
3025 15.763029
3030 15.746984
3035 15.719512
3040 15.723363
3045 15.712194
3050 15.709372
3055 15.701797
3060 15.674006
3065 15.652631
3070 15.652119
3075 15.643837
3080 15.624712
3085 15.614313
3090 15.603851
3095 15.594608
3100 15.572270
3105 15.589730
3110 15.586907
3115 15.573234
3120 15.556417
3125 15.556803
3130 15.548203
3135 15.526379
3140 15.486585
3145 15.443837
3150 15.416817
3155 15.411039
3160 15.421309
3165 15.397304
3170 15.398073
3175 15.389988
3180 15.389989
3185 15.404366
3190 15.391786
3195 15.386265
3200 15.374905
3205 15.364893
3210 15.362708
3215 15.382734
3220 15.393775
3225 15.396598
3230 15.396406
3235 15.378882
3240 15.388638
3245 15.391722
3250 15.374197
3255 15.382348
3260 15.367970
3265 15.380746
3270 15.385751
3275 15.380681
3280 15.373556
3285 15.360655
3290 15.356675
3295 15.358023
3300 15.353659
3305 15.352053
3310 15.372466
3315 15.379525
3320 15.372850
3325 15.361360
3330 15.363351
3335 15.351155
3340 15.346920
3345 15.344609
3350 15.337612
3355 15.331514
3360 15.352375
3365 15.357701
3370 15.362515
3375 15.366112
3380 15.368548
3385 15.365532
3390 15.360783
3395 15.351604
3400 15.353658
3405 15.355585
3410 15.346791
3415 15.349680
3420 15.347497
3425 15.350962
3430 15.353596
3435 15.366560
3440 15.369127
3445 15.360334
3450 15.362515
3455 15.362709
3460 15.372016
3465 15.365341
3470 15.369255
3475 15.361810
3480 15.362708
3485 15.360076
3490 15.364700
3495 15.363799
3500 15.368808
3505 15.373170
3510 15.383312
3515 15.382798
3520 15.380809
3525 15.377342
3530 15.377471
3535 15.371630
3540 15.374840
3545 15.370860
3550 15.363736
3555 15.357766
3560 15.350577
3565 15.346469
3570 15.354814
3575 15.353594
3580 15.358087
3585 15.356162
3590 15.360077
3595 15.347881
3600 15.348459
3605 15.350321
3610 15.352761
3615 15.355648
3620 15.359436
3625 15.361297
3630 15.359820
3635 15.361747
3640 15.359241
3645 15.389153
3650 15.388061
3655 15.390307
3660 15.375737
3665 15.371566
3670 15.387613
3675 15.389089
3680 15.380295
3685 15.377341
3690 15.365276
3695 15.347818
3700 15.348203
3705 15.353979
3710 15.350834
3715 15.364056
3720 15.365212
3725 15.364056
3730 15.351860
3735 15.347624
3740 15.341658
3745 15.330936
3750 15.341721
3755 15.334210
3760 15.334980
3765 15.336137
3770 15.352504
3775 15.345764
3780 15.350577
3785 15.348330
3790 15.350064
3795 15.349102
3800 15.345314
3805 15.344802
3810 15.339539
3815 15.327407
3820 15.381899
3825 15.369320
3830 15.370412
3835 15.380680
3840 15.380231
3845 15.386521
3850 15.389344
3855 15.387356
3860 15.386201
3865 15.392234
3870 15.386201
3875 15.390565
3880 15.389409
3885 15.392554
3890 15.387228
3895 15.376251
3900 15.384787
3905 15.387547
3910 15.384852
3915 15.378562
3920 15.440823
3925 15.438253
3930 15.430038
3935 15.429975
3940 15.426123
3945 15.409435
3950 15.400002
3955 15.401733
3960 15.408024
3965 15.403274
3970 15.400257
3975 15.402374
3980 15.404686
3985 15.399937
3990 15.398653
3995 15.408151
4000 15.399742
4005 15.403338
4010 15.402181
4015 15.403273
4020 15.406610
4025 15.403916
4030 15.405070
4035 15.405583
4040 15.398715
4045 15.390566
4050 15.390885
4055 15.393197
4060 15.390437
4065 15.387034
4070 15.375672
4075 15.376317
4080 15.381128
4085 15.383889
4090 15.386520
4095 15.432734
4100 15.429783
4105 15.419255
4110 15.411938
4115 15.414508
4120 15.443838
4125 15.437033
4130 15.422016
4135 15.410975
4140 15.408922
4145 15.434724
4150 15.426379
4155 15.442041
4160 15.435623
4165 15.423491
4170 15.396406
4175 15.384082
4180 15.360334
4185 15.371824
4190 15.442811
4195 15.513544
4200 15.506354
4205 15.539474
4210 15.561874
4215 15.584340
4220 15.582734
4225 15.605005
4230 15.583890
4235 15.604042
4240 15.629846
4245 15.568998
4250 15.617650
4255 15.594673
4260 15.628433
4265 15.652952
4270 15.690632
4275 15.699037
4280 15.716754
4285 15.724519
4290 15.690502
4295 15.669641
4300 15.701283
4305 15.732157
4310 15.737099
4315 15.751863
4320 15.709949
4325 15.724197
4330 15.683569
4335 15.678755
4340 15.686393
4345 15.727728
4350 15.760462
4355 15.792940
4360 15.806740
4365 15.771824
4370 15.743196
4375 15.686907
4380 15.605648
4385 15.605199
4390 15.534981
4395 15.213543
4400 14.836136
4405 14.435557
4410 13.837227
4415 14.136200
4420 15.717072
4425 15.756419
4430 15.719192
4435 15.645508
4440 15.598779
4445 15.542876
4450 15.473363
4455 15.393968
4460 15.283055
4465 15.137806
4470 15.112773
4475 15.333055
4480 15.437484
4485 15.258729
4490 14.771888
4495 14.723297
4500 14.913927
4505 15.439473
4510 15.691141
4515 15.707830
4520 15.719576
4525 15.732477
4530 15.756483
4535 15.752696
4540 15.715918
4545 15.734788
4550 15.749231
4555 15.698267
4560 15.717136
4565 15.706801
4570 15.717778
4575 15.721889
4580 15.770025
4585 15.736650
4590 15.703402
4595 15.701989
4600 15.703144
4605 15.649872
4610 15.672721
4615 15.689218
4620 15.677215
4625 15.669963
4630 15.708473
4635 15.718036
4640 15.747305
4645 15.702567
4650 15.722851
4655 15.719255
4660 15.763542
4665 15.787226
4670 15.764827
4675 15.735302
4680 15.657062
4685 15.618164
4690 15.487612
4695 15.368547
4700 15.403593
4705 15.392299
4710 15.467330
4715 15.654493
4720 15.773491
4725 15.777534
4730 15.720345
4735 15.667267
4740 15.755776
4745 15.729462
4750 15.035687
4755 11.738062
4760 6.629397
4765 4.856804
4770 3.389602
4775 2.619961
4780 1.808601
4785 1.284852
4790 1.208344
4795 1.076701
4800 1.066303
4805 1.032221
4810 1.031451
4815 1.164313
4820 1.697882
4825 1.694865
4830 1.730745
4835 1.772336
4840 1.846598
4845 1.915918
4850 2.005327
4855 2.107638
4860 1.984339
4865 2.045635
4870 2.110334
4875 2.181130
4880 2.241656
4885 2.003979
4890 2.023235
4895 2.108280
4900 2.275417
4905 2.392747
4910 2.056290
4915 1.968935
4920 2.830809
4925 3.298203
4930 4.088190
4935 5.583055
4940 8.487420
4945 10.652247
4950 11.407959
4955 10.342876
4960 3.717458
4965 1.725289
4970 2.415918
4975 3.799486
4980 4.729397
4985 5.103723
4990 5.146213
4995 4.600000
5000 4.057702
5005 2.986970
5010 2.408408
5015 1.981386
5020 1.829268
5025 2.236457
5030 2.254493
5035 2.104621
5040 2.133504
5045 2.137933
5050 2.658665
5055 3.663543
5060 5.164378
5065 6.649166
5070 8.778947
5075 9.955071
5080 10.788767
5085 11.064120
5090 7.410783
5095 5.921438
5100 5.364185
5105 5.242426
5110 6.323620
5115 5.529782
5120 5.148459
5125 5.286842
5130 5.442041
5135 6.932926
5140 6.978883
5145 6.919833
5150 6.926958
5155 6.931580
5160 6.560719
5165 6.609435
5170 6.632285
5175 6.714763
5180 6.772336
5185 5.748587
5190 5.862324
5195 5.333248
5200 5.412644
5205 5.581836
5210 5.650257
5215 5.694223
5220 0.511810
5225 1.681836
5230 2.545956
5235 3.341720
5240 3.797433
5245 5.586906
5250 5.767201
5255 5.948396
5260 6.453915
5265 7.155584
5270 3.151476
5275 3.525417
5280 3.854621
5285 3.948203
5290 4.577664
5295 6.196277
5300 8.306290
5305 11.126187
5310 12.423684
5315 13.144224
5320 14.604493
5325 14.724454
5330 14.821115
5335 14.894865
5340 14.939859
5345 14.196341
5350 14.399808
5355 14.507958
5360 14.620667
5365 13.451090
5370 10.062259
5375 10.112451
5380 9.942427
5385 9.571503
5390 9.763414
5395 10.125802
5400 10.180680
5405 9.847817
5410 9.485623
5415 9.324453
5420 9.502053
5425 10.046149
5430 10.524068
5435 11.223620
5440 11.907252
5445 12.363799
5450 12.539538
5455 12.652953
5460 12.669703
5465 13.025610
5470 13.804492
5475 13.787806
5480 13.962837
5485 14.043324
5490 14.101926
5495 14.678369
5500 15.407701
5505 15.532797
5510 15.577986
5515 15.611039
5520 15.668165
5525 15.654751
5530 15.657574
5535 15.659693
5540 15.652504
5545 15.653787
5550 15.637420
5555 15.622849
5560 15.616753
5565 15.608920
5570 15.573812
5575 15.582221
5580 15.569577
5585 15.563479
5590 15.558920
5595 15.575545
5600 15.573171
5605 15.562066
5610 15.566752
5615 15.540950
5620 15.506035
5625 15.503467
5630 15.502760
5635 15.514762
5640 15.527921
5645 15.534402
5650 15.538832
5655 15.540823
5660 15.553080
5665 15.549101
5670 15.571438
5675 15.574517
5680 15.574262
5685 15.571373
5690 15.573748
5695 15.572401
5700 15.584083
5705 15.580359
5710 15.587101
5715 15.588124
5720 15.582671
5725 15.583249
5730 15.580489
5735 15.578883
CPU clock time taken: 296.433554
Wall clock time taken: 250.544114
