5 0.782795
10 0.983881
15 1.059814
20 1.089101
25 1.084095
30 1.106727
35 1.162649
40 1.179239
45 1.176256
50 1.171124
55 1.170496
60 1.177857
65 1.168362
70 1.169084
75 1.150595
80 1.160985
85 1.291113
90 1.513513
95 1.719167
100 1.854286
105 1.921964
110 1.959679
115 1.960527
120 1.971482
125 1.988338
130 1.928148
135 1.922278
140 1.886713
145 1.819145
150 1.780299
155 1.746445
160 1.703127
165 1.679129
170 1.691543
175 1.651631
180 1.633048
185 1.606319
190 1.584691
195 1.577016
200 1.573814
205 1.571931
210 1.570377
215 1.570644
220 1.634680
225 1.619754
230 1.604436
235 1.595756
240 1.594077
245 1.572543
250 1.578868
255 1.566955
260 1.560583
265 1.562372
270 1.567976
275 1.554823
280 1.599052
285 1.650658
290 1.661660
295 1.633205
300 1.586339
305 1.558355
310 1.562969
315 1.559108
320 1.587516
325 1.569106
330 1.564695
335 1.562529
340 1.564680
345 1.646467
350 1.705041
355 1.722196
360 1.723044
365 1.709844
370 1.708981
375 1.696707
380 1.684261
385 1.704712
390 1.761999
395 1.811502
400 1.836158
405 1.868773
410 1.954406
415 2.083514
420 2.282465
425 2.414446
430 2.578021
435 2.692061
440 2.779703
445 2.869338
450 2.913818
455 2.949838
460 3.013984
465 3.049408
470 3.096007
475 3.106240
480 3.105550
485 3.108218
490 3.107449
495 3.092272
500 3.105032
505 3.153326
510 3.183618
515 3.229071
520 3.434300
525 3.578068
530 3.656810
535 3.694525
540 3.709546
545 3.793358
550 3.795320
555 3.795320
560 3.795147
565 3.795257
570 3.761450
575 3.763003
580 3.769439
585 3.773865
590 3.784349
595 3.832015
600 3.852324
605 3.860439
610 3.869950
615 3.873890
620 3.881737
625 3.883181
630 3.886352
635 3.889004
640 3.893445
645 3.890495
650 3.890542
655 3.891186
660 3.889663
665 3.891625
670 3.894278
675 3.893038
680 3.895345
685 3.895125
690 3.897181
695 3.896177
700 3.897322
705 3.897417
710 3.899944
715 3.899865
720 3.900399
725 3.901999
730 3.902612
735 3.905845
740 3.905264
745 3.909062
750 3.909737
755 3.909659
760 3.909784
765 3.911699
770 3.911354
775 3.911417
780 3.910726
785 3.910428
790 3.909659
795 3.905657
800 3.904668
805 3.904605
810 3.903239
815 3.904040
820 3.901560
825 3.899222
830 3.899645
835 3.901748
840 3.901843
845 3.905845
850 3.904024
855 3.901764
860 3.901403
865 3.902816
870 3.903694
875 3.904024
880 3.903946
885 3.903428
890 3.903020
895 3.902816
900 3.903302
905 3.900995
910 3.902251
915 3.902172
920 3.902423
925 3.904715
930 3.903930
935 3.904370
940 3.903145
945 3.903569
950 3.905201
955 3.905201
960 3.904809
965 3.904715
970 3.905468
975 3.904244
980 3.901686
985 3.903459
990 3.905076
995 3.903867
1000 3.905170
1005 3.904181
1010 3.900524
1015 3.901858
1020 3.901623
1025 3.901560
1030 3.901246
1035 3.907603
1040 3.907116
1045 3.905358
1050 3.905186
1055 3.904652
1060 3.906284
1065 3.904652
1070 3.904731
1075 3.904605
1080 3.904558
1085 3.906300
1090 3.906598
1095 3.905719
1100 3.905327
1105 3.904621
1110 3.903757
1115 3.902941
1120 3.903663
1125 3.904056
1130 3.904024
1135 3.906881
1140 3.907414
1145 3.906410
1150 3.907273
1155 3.905735
1160 3.905044
1165 3.904212
1170 3.904966
1175 3.907634
1180 3.905562
1185 3.902957
1190 3.903977
1195 3.905138
1200 3.905452
1205 3.904731
1210 3.906096
1215 3.904934
1220 3.903161
1225 3.904150
1230 3.905013
1235 3.904903
1240 3.905358
1245 3.904684
1250 3.903381
1255 3.901544
1260 3.903946
1265 3.904024
1270 3.905170
1275 3.905390
1280 3.905327
1285 3.903365
1290 3.903710
1295 3.902706
1300 3.905515
1305 3.904919
1310 3.905076
1315 3.906269
1320 3.906661
1325 3.906457
1330 3.906049
1335 3.908811
1340 3.908011
1345 3.907697
1350 3.907775
1355 3.907712
1360 3.909455
1365 3.908701
1370 3.908748
1375 3.909204
1380 3.909345
1385 3.908482
1390 3.908168
1395 3.907665
1400 3.910004
1405 3.910758
1410 3.910192
1415 3.912217
1420 3.912154
1425 3.914665
1430 3.913488
1435 3.906598
1440 3.909204
1445 3.906143
1450 3.906614
1455 3.909533
1460 3.907650
1465 3.914493
1470 3.921022
1475 3.918291
1480 3.917789
1485 3.915576
1490 3.920990
1495 3.917757
1500 3.929011
1505 3.938051
1510 3.941865
1515 3.944298
1520 3.948928
1525 3.947453
1530 3.947484
1535 3.951612
1540 3.946291
1545 3.939244
1550 3.941833
1555 3.943984
1560 3.943623
1565 3.942258
1570 3.938365
1575 3.932982
1580 3.935964
1585 3.926029
1590 3.924349
1595 3.927991
1600 3.927127
1605 3.927394
1610 3.935116
1615 3.942634
1620 3.948347
1625 3.951581
1630 3.951706
1635 3.948975
1640 3.954217
1645 3.956917
1650 3.960872
1655 3.958172
1660 3.953087
1665 3.946621
1670 3.945146
1675 3.942524
1680 3.931757
1685 3.914681
1690 3.906786
1695 3.906944
1700 3.918009
1705 3.916643
1710 3.893116
1715 3.882569
1720 3.843300
1725 3.877578
1730 3.892473
1735 3.732351
1740 3.701871
1745 3.543900
1750 3.022099
1755 2.789779
1760 2.793248
1765 2.737169
1770 2.856939
1775 3.118373
1780 3.340255
1785 3.295932
1790 3.261795
1795 3.132702
1800 3.131494
1805 3.166212
1810 3.014471
1815 3.029962
1820 2.993628
1825 2.909235
1830 2.857802
1835 2.590106
1840 2.504803
1845 2.354553
1850 2.225963
1855 2.223546
1860 2.313071
1865 2.446684
1870 2.649308
1875 2.890150
1880 3.033760
1885 2.635025
1890 2.638368
1895 2.742474
1900 2.691732
1905 2.995166
1910 3.245440
1915 3.371096
1920 3.462865
1925 3.089353
1930 2.655664
1935 1.904071
1940 1.651976
1945 1.535361
1950 1.330916
1955 1.064193
1960 0.688326
1965 0.581316
1970 0.511913
1975 0.479471
1980 0.466868
1985 0.358697
1990 0.336959
1995 0.333914
2000 0.458816
2005 0.894874
2010 1.726591
2015 2.118420
2020 2.876118
2025 3.352937
2030 3.555121
2035 3.785699
2040 3.610619
2045 2.316806
2050 1.909204
2055 1.469159
2060 1.062357
2065 0.825250
2070 0.557962
2075 0.416235
2080 0.379147
2085 0.344100
2090 0.337712
2095 0.337430
2100 0.398248
2105 0.567002
2110 0.878630
2115 1.546536
2120 3.462944
2125 3.803544
2130 3.939479
2135 3.959789
2140 3.968688
2145 3.970368
2150 3.970760
2155 3.966381
2160 3.780190
2165 3.751499
2170 3.752252
2175 3.509103
2180 1.641774
2185 0.630066
2190 0.490348
2195 0.423737
2200 0.378394
2205 0.383730
2210 0.489767
2215 0.474542
2220 0.471874
2225 0.477666
2230 0.490583
2235 0.459554
2240 0.455175
2245 0.465737
2250 0.478341
2255 0.489484
2260 0.484650
2265 0.499058
2270 0.692375
2275 0.957592
2280 1.169555
2285 1.434520
2290 1.406379
2295 1.303230
2300 1.231456
2305 1.143375
2310 1.032567
2315 1.025834
2320 0.898217
2325 0.763741
2330 0.692721
2335 0.764385
2340 0.655617
2345 0.624227
2350 0.620680
2355 0.705920
2360 0.674090
2365 0.643234
2370 0.631415
2375 0.574081
2380 0.518677
2385 0.887262
2390 1.130662
2395 1.565904
2400 2.336661
2405 2.696205
2410 1.959821
2415 0.761889
2420 0.362464
2425 0.358398
2430 0.389946
2435 0.886618
2440 1.018646
2445 1.031579
2450 1.005839
2455 0.902266
2460 0.693851
2465 0.613617
2470 0.544511
2475 0.577628
2480 0.709483
2485 0.730797
2490 0.687996
2495 0.662351
2500 0.658364
2505 0.611294
2510 0.782591
2515 1.045751
2520 1.192454
2525 1.284207
2530 1.329488
2535 1.269093
2540 1.011505
2545 0.721144
2550 0.585240
2555 0.533054
2560 0.760916
2565 0.769266
2570 0.785212
2575 0.799903
2580 0.817560
2585 0.831795
2590 0.829802
2595 0.843739
2600 0.861977
2605 0.886289
2610 0.983300
2615 0.985796
2620 1.004661
2625 1.079747
2630 1.269030
2635 1.263694
2640 1.410789
2645 1.757212
2650 2.045641
2655 2.767461
2660 3.044888
2665 3.031374
2670 2.825250
2675 2.615893
2680 2.004411
2685 1.004975
2690 0.984682
2695 0.962818
2700 0.942509
2705 0.922921
2710 0.912201
2715 0.909141
2720 0.796246
2725 0.768340
2730 0.845324
2735 1.021848
2740 1.129846
2745 1.171061
2750 1.271008
2755 1.338717
2760 1.541545
2765 1.550475
2770 1.536413
2775 1.511253
2780 1.558747
2785 1.766378
2790 1.770427
2795 1.788838
2800 1.796716
2805 1.827087
2810 1.904887
2815 1.913316
2820 1.924350
2825 1.948363
2830 1.967652
2835 1.912861
2840 1.911119
2845 1.919154
2850 1.939558
2855 1.986706
2860 2.035330
2865 2.047509
2870 2.068917
2875 2.062498
2880 2.074379
2885 2.092350
2890 2.051810
2895 2.019336
2900 1.993047
2905 1.984509
2910 2.032128
2915 2.026713
2920 2.046411
2925 2.087673
2930 2.128480
2935 2.252362
2940 2.254952
2945 2.286263
2950 2.354239
2955 2.354381
2960 2.056408
2965 2.609442
2970 3.523511
2975 3.801472
2980 3.840961
2985 3.942085
2990 3.945601
2995 3.950686
3000 3.957450
3005 3.959930
3010 3.962190
3015 3.958063
3020 3.951706
3025 3.945334
3030 3.939919
3035 3.935368
3040 3.937863
3045 3.935132
3050 3.933861
3055 3.931915
3060 3.923706
3065 3.917020
3070 3.917365
3075 3.916910
3080 3.912955
3085 3.910051
3090 3.903836
3095 3.902957
3100 3.896459
3105 3.901607
3110 3.902737
3115 3.900477
3120 3.894168
3125 3.894592
3130 3.890542
3135 3.885551
3140 3.874125
3145 3.862589
3150 3.853831
3155 3.852983
3160 3.853565
3165 3.849531
3170 3.848448
3175 3.847788
3180 3.847726
3185 3.849107
3190 3.846015
3195 3.844603
3200 3.844430
3205 3.842421
3210 3.840051
3215 3.843080
3220 3.847538
3225 3.848557
3230 3.847773
3235 3.846235
3240 3.847757
3245 3.847412
3250 3.844665
3255 3.846549
3260 3.845057
3265 3.846627
3270 3.846894
3275 3.845999
3280 3.844116
3285 3.841793
3290 3.840930
3295 3.840804
3300 3.840145
3305 3.839705
3310 3.841526
3315 3.842954
3320 3.840930
3325 3.838654
3330 3.838325
3335 3.840788
3340 3.840977
3345 3.840836
3350 3.837869
3355 3.835217
3360 3.839627
3365 3.840804
3370 3.842688
3375 3.842939
3380 3.843504
3385 3.840538
3390 3.840223
3395 3.836582
3400 3.837524
3405 3.836755
3410 3.841102
3415 3.840475
3420 3.840224
3425 3.839439
3430 3.840694
3435 3.847427
3440 3.847176
3445 3.845293
3450 3.844304
3455 3.844241
3460 3.844194
3465 3.844477
3470 3.844383
3475 3.843755
3480 3.843300
3485 3.845309
3490 3.844901
3495 3.843441
3500 3.844901
3505 3.844147
3510 3.846800
3515 3.847632
3520 3.846282
3525 3.846392
3530 3.847647
3535 3.848464
3540 3.847804
3545 3.847286
3550 3.844885
3555 3.843865
3560 3.839690
3565 3.839611
3570 3.840663
3575 3.840851
3580 3.841228
3585 3.840773
3590 3.841150
3595 3.838968
3600 3.838277
3605 3.839062
3610 3.839706
3615 3.839643
3620 3.841150
3625 3.840412
3630 3.838842
3635 3.840161
3640 3.840004
3645 3.849217
3650 3.849751
3655 3.849876
3660 3.846109
3665 3.846109
3670 3.848746
3675 3.848997
3680 3.847286
3685 3.845701
3690 3.842217
3695 3.836990
3700 3.836252
3705 3.838544
3710 3.838450
3715 3.841589
3720 3.842829
3725 3.841024
3730 3.838151
3735 3.838325
3740 3.836237
3745 3.835688
3750 3.836912
3755 3.835436
3760 3.835719
3765 3.835389
3770 3.841918
3775 3.839862
3780 3.840930
3785 3.840428
3790 3.841212
3795 3.839925
3800 3.837853
3805 3.837147
3810 3.836457
3815 3.834918
3820 3.850017
3825 3.846847
3830 3.847584
3835 3.848840
3840 3.850080
3845 3.848448
3850 3.850033
3855 3.851147
3860 3.848322
3865 3.849123
3870 3.852042
3875 3.852418
3880 3.852654
3885 3.854443
3890 3.853172
3895 3.849264
3900 3.851932
3905 3.852952
3910 3.852529
3915 3.851540
3920 3.864080
3925 3.863484
3930 3.863374
3935 3.862558
3940 3.860941
3945 3.854365
3950 3.852591
3955 3.853690
3960 3.855087
3965 3.855699
3970 3.853674
3975 3.853062
3980 3.853910
3985 3.853784
3990 3.852921
3995 3.855620
4000 3.854271
4005 3.854694
4010 3.854679
4015 3.856076
4020 3.855731
4025 3.855510
4030 3.856955
4035 3.856374
4040 3.855589
4045 3.851838
4050 3.851242
4055 3.852011
4060 3.851571
4065 3.851807
4070 3.849264
4075 3.849688
4080 3.849970
4085 3.850347
4090 3.849703
4095 3.862024
4100 3.862652
4105 3.859670
4110 3.858414
4115 3.859183
4120 3.863970
4125 3.864268
4130 3.865100
4135 3.864347
4140 3.866089
4145 3.870217
4150 3.869338
4155 3.872461
4160 3.871394
4165 3.867863
4170 3.864520
4175 3.861977
4180 3.861789
4185 3.860141
4190 3.868396
4195 3.887921
4200 3.889930
4205 3.893242
4210 3.899112
4215 3.903365
4220 3.903553
4225 3.907650
4230 3.905484
4235 3.912594
4240 3.918401
4245 3.904636
4250 3.913190
4255 3.911024
4260 3.918982
4265 3.922874
4270 3.934017
4275 3.935697
4280 3.937831
4285 3.941143
4290 3.935524
4295 3.943042
4300 3.945271
4305 3.946276
4310 3.944016
4315 3.945711
4320 3.935807
4325 3.936607
4330 3.926578
4335 3.928163
4340 3.930894
4345 3.937879
4350 3.942697
4355 3.949493
4360 3.955739
4365 3.948928
4370 3.944518
4375 3.935446
4380 3.916753
4385 3.910569
4390 3.901403
4395 3.813510
4400 3.713846
4405 3.594077
4410 3.423753
4415 3.509653
4420 3.927018
4425 3.941316
4430 3.928760
4435 3.915215
4440 3.903271
4445 3.892112
4450 3.876008
4455 3.852717
4460 3.826521
4465 3.793279
4470 3.794017
4475 3.843692
4480 3.869919
4485 3.819788
4490 3.696519
4495 3.678312
4500 3.728945
4505 3.866607
4510 3.921399
4515 3.928885
4520 3.930298
4525 3.934818
4530 3.940170
4535 3.938475
4540 3.932605
4545 3.937282
4550 3.940939
4555 3.923816
4560 3.929702
4565 3.928587
4570 3.931051
4575 3.934018
4580 3.942273
4585 3.932558
4590 3.924334
4595 3.926327
4600 3.925809
4605 3.908325
4610 3.915639
4615 3.921289
4620 3.919233
4625 3.918181
4630 3.927849
4635 3.931585
4640 3.937047
4645 3.925323
4650 3.931381
4655 3.931224
4660 3.940688
4665 3.946872
4670 3.948959
4675 3.936246
4680 3.918840
4685 3.908278
4690 3.871174
4695 3.837869
4700 3.852199
4705 3.856845
4710 3.879603
4715 3.921006
4720 3.945554
4725 3.944832
4730 3.931757
4735 3.922105
4740 3.942933
4745 3.935116
4750 3.764118
4755 2.931240
4760 1.582415
4765 1.133550
4770 0.768089
4775 0.596902
4780 0.414383
4785 0.309320
4790 0.295743
4795 0.268042
4800 0.265891
4805 0.255784
4810 0.256584
4815 0.289669
4820 0.410867
4825 0.415136
4830 0.424161
4835 0.436843
4840 0.451847
4845 0.469599
4850 0.492341
4855 0.514518
4860 0.467715
4865 0.480632
4870 0.503312
4875 0.522664
4880 0.540493
4885 0.478011
4890 0.485356
4895 0.504018
4900 0.534592
4905 0.551276
4910 0.462002
4915 0.448928
4920 0.713124
4925 0.830257
4930 1.033886
4935 1.428713
4940 2.157218
4945 2.694432
4950 2.859717
4955 2.589776
4960 0.904056
4965 0.393069
4970 0.611467
4975 0.987742
4980 1.217707
4985 1.276643
4990 1.248815
4995 1.077565
5000 0.925762
5005 0.665380
5010 0.545061
5015 0.459098
5020 0.442163
5025 0.552594
5030 0.551590
5035 0.506309
5040 0.503924
5045 0.484415
5050 0.596651
5055 0.844194
5060 1.224550
5065 1.612848
5070 2.159934
5075 2.467197
5080 2.676994
5085 2.746225
5090 1.772421
5095 1.389318
5100 1.260696
5105 1.246398
5110 1.540603
5115 1.368381
5120 1.294425
5125 1.334542
5130 1.361349
5135 1.716091
5140 1.732210
5145 1.719182
5150 1.717786
5155 1.718963
5160 1.625702
5165 1.640409
5170 1.647377
5175 1.668079
5180 1.683806
5185 1.429152
5190 1.456116
5195 1.321672
5200 1.342703
5205 1.383605
5210 1.397966
5215 1.411056
5220 0.124353
5225 0.419013
5230 0.640189
5235 0.843441
5240 0.959679
5245 1.386665
5250 1.430879
5255 1.481935
5260 1.619456
5265 1.809744
5270 0.816445
5275 0.901136
5280 0.961531
5285 0.953166
5290 1.092962
5295 1.521298
5300 2.077456
5305 2.787252
5310 3.116223
5315 3.300970
5320 3.664155
5325 3.691324
5330 3.712277
5335 3.733858
5340 3.742961
5345 3.549204
5350 3.602128
5355 3.633817
5360 3.664265
5365 3.388423
5370 2.541780
5375 2.543899
5380 2.461343
5385 2.327149
5390 2.358053
5395 2.447186
5400 2.477305
5405 2.405531
5410 2.331670
5415 2.286923
5420 2.341369
5425 2.486549
5430 2.601108
5435 2.756396
5440 2.901576
5445 2.996987
5450 3.035628
5455 3.064287
5460 3.074254
5465 3.180745
5470 3.417271
5475 3.409910
5480 3.443309
5485 3.457372
5490 3.470603
5495 3.649135
5500 3.862683
5505 3.894717
5510 3.904589
5515 3.911840
5520 3.918746
5525 3.917240
5530 3.915827
5535 3.915278
5540 3.912390
5545 3.913724
5550 3.910192
5555 3.906159
5560 3.905138
5565 3.902094
5570 3.893022
5575 3.893038
5580 3.889522
5585 3.888533
5590 3.886760
5595 3.892065
5600 3.892661
5605 3.889302
5610 3.888266
5615 3.883056
5620 3.875020
5625 3.876087
5630 3.876793
5635 3.879273
5640 3.881407
5645 3.881674
5650 3.883181
5655 3.883636
5660 3.886854
5665 3.886085
5670 3.893430
5675 3.890903
5680 3.891798
5685 3.891562
5690 3.890856
5695 3.892881
5700 3.895109
5705 3.894434
5710 3.895674
5715 3.896271
5720 3.894591
5725 3.893665
5730 3.893603
5735 3.894434
