1 0.164528 
2 0.164528 
3 0.164528 
4 0.164528 
5 0.164528 
6 0.164528 
7 0.164528 
8 0.164528 
9 0.164528 
10 0.164528 
11 0.264695 
12 0.264695 
13 0.264695 
14 0.264695 
15 0.264695 
16 0.264695 
17 0.264695 
18 0.264695 
19 0.264695 
20 0.264695 
21 0.279852 
22 0.279852 
23 0.279852 
24 0.279852 
25 0.279852 
26 0.279852 
27 0.279852 
28 0.279852 
29 0.279852 
30 0.279852 
31 0.290419 
32 0.290419 
33 0.290419 
34 0.290419 
35 0.290419 
36 0.290419 
37 0.290419 
38 0.290419 
39 0.290419 
40 0.290419 
41 0.299573 
42 0.299573 
43 0.299573 
44 0.299573 
45 0.299573 
46 0.299573 
47 0.299573 
48 0.299573 
49 0.299573 
50 0.299573 
51 0.287103 
52 0.287103 
53 0.287103 
54 0.287103 
55 0.287103 
56 0.287103 
57 0.287103 
58 0.287103 
59 0.287103 
60 0.287103 
61 0.275081 
62 0.275081 
63 0.275081 
64 0.275081 
65 0.275081 
66 0.275081 
67 0.275081 
68 0.275081 
69 0.275081 
70 0.275081 
71 0.275622 
72 0.275622 
73 0.275622 
74 0.275622 
75 0.275622 
76 0.275622 
77 0.275622 
78 0.275622 
79 0.275622 
80 0.275622 
81 0.278848 
82 0.278848 
83 0.278848 
84 0.278848 
85 0.278848 
86 0.278848 
87 0.278848 
88 0.278848 
89 0.278848 
90 0.278848 
91 0.381474 
92 0.381474 
93 0.381474 
94 0.381474 
95 0.381474 
96 0.381474 
97 0.381474 
98 0.381474 
99 0.381474 
100 0.381474 
101 0.441622 
102 0.441622 
103 0.441622 
104 0.441622 
105 0.441622 
106 0.441622 
107 0.441622 
108 0.441622 
109 0.441622 
110 0.441622 
111 0.460158 
112 0.460158 
113 0.460158 
114 0.460158 
115 0.460158 
116 0.460158 
117 0.460158 
118 0.460158 
119 0.460158 
120 0.460158 
121 0.491917 
122 0.491917 
123 0.491917 
124 0.491917 
125 0.491917 
126 0.491917 
127 0.491917 
128 0.491917 
129 0.491917 
130 0.491917 
131 0.480522 
132 0.480522 
133 0.480522 
134 0.480522 
135 0.480522 
136 0.480522 
137 0.480522 
138 0.480522 
139 0.480522 
140 0.480522 
141 0.460778 
142 0.460778 
143 0.460778 
144 0.460778 
145 0.460778 
146 0.460778 
147 0.460778 
148 0.460778 
149 0.460778 
150 0.460778 
151 0.432024 
152 0.432024 
153 0.432024 
154 0.432024 
155 0.432024 
156 0.432024 
157 0.432024 
158 0.432024 
159 0.432024 
160 0.432024 
161 0.410738 
162 0.410738 
163 0.410738 
164 0.410738 
165 0.410738 
166 0.410738 
167 0.410738 
168 0.410738 
169 0.410738 
170 0.410738 
171 0.406920 
172 0.406920 
173 0.406920 
174 0.406920 
175 0.406920 
176 0.406920 
177 0.406920 
178 0.406920 
179 0.406920 
180 0.406920 
181 0.392378 
182 0.392378 
183 0.392378 
184 0.392378 
185 0.392378 
186 0.392378 
187 0.392378 
188 0.392378 
189 0.392378 
190 0.392378 
191 0.380697 
192 0.380697 
193 0.380697 
194 0.380697 
195 0.380697 
196 0.380697 
197 0.380697 
198 0.380697 
199 0.380697 
200 0.380697 
201 0.376813 
202 0.376813 
203 0.376813 
204 0.376813 
205 0.376813 
206 0.376813 
207 0.376813 
208 0.376813 
209 0.376813 
210 0.376813 
211 0.376703 
212 0.376703 
213 0.376703 
214 0.376703 
215 0.376703 
216 0.376703 
217 0.376703 
218 0.376703 
219 0.376703 
220 0.376703 
221 0.392037 
222 0.392037 
223 0.392037 
224 0.392037 
225 0.392037 
226 0.392037 
227 0.392037 
228 0.392037 
229 0.392037 
230 0.392037 
231 0.384943 
232 0.384943 
233 0.384943 
234 0.384943 
235 0.384943 
236 0.384943 
237 0.384943 
238 0.384943 
239 0.384943 
240 0.384943 
241 0.383648 
242 0.383648 
243 0.383648 
244 0.383648 
245 0.383648 
246 0.383648 
247 0.383648 
248 0.383648 
249 0.383648 
250 0.383648 
251 0.378394 
252 0.378394 
253 0.378394 
254 0.378394 
255 0.378394 
256 0.378394 
257 0.378394 
258 0.378394 
259 0.378394 
260 0.378394 
261 0.374776 
262 0.374776 
263 0.374776 
264 0.374776 
265 0.374776 
266 0.374776 
267 0.374776 
268 0.374776 
269 0.374776 
270 0.374776 
271 0.374733 
272 0.374733 
273 0.374733 
274 0.374733 
275 0.374733 
276 0.374733 
277 0.374733 
278 0.374733 
279 0.374733 
280 0.374733 
281 0.374078 
282 0.374078 
283 0.374078 
284 0.374078 
285 0.374078 
286 0.374078 
287 0.374078 
288 0.374078 
289 0.374078 
290 0.374078 
291 0.375286 
292 0.375286 
293 0.375286 
294 0.375286 
295 0.375286 
296 0.375286 
297 0.375286 
298 0.375286 
299 0.375286 
300 0.375286 
301 0.368863 
302 0.368863 
303 0.368863 
304 0.368863 
305 0.368863 
306 0.368863 
307 0.368863 
308 0.368863 
309 0.368863 
310 0.368863 
311 0.369899 
312 0.369899 
313 0.369899 
314 0.369899 
315 0.369899 
316 0.369899 
317 0.369899 
318 0.369899 
319 0.369899 
320 0.369899 
321 0.375180 
322 0.375180 
323 0.375180 
324 0.375180 
325 0.375180 
326 0.375180 
327 0.375180 
328 0.375180 
329 0.375180 
330 0.375180 
331 0.373556 
332 0.373556 
333 0.373556 
334 0.373556 
335 0.373556 
336 0.373556 
337 0.373556 
338 0.373556 
339 0.373556 
340 0.373556 
341 0.376648 
342 0.376648 
343 0.376648 
344 0.376648 
345 0.376648 
346 0.376648 
347 0.376648 
348 0.376648 
349 0.376648 
350 0.376648 
351 0.422011 
352 0.422011 
353 0.422011 
354 0.422011 
355 0.422011 
356 0.422011 
357 0.422011 
358 0.422011 
359 0.422011 
360 0.422011 
361 0.423502 
362 0.423502 
363 0.423502 
364 0.423502 
365 0.423502 
366 0.423502 
367 0.423502 
368 0.423502 
369 0.423502 
370 0.423502 
371 0.417157 
372 0.417157 
373 0.417157 
374 0.417157 
375 0.417157 
376 0.417157 
377 0.417157 
378 0.417157 
379 0.417157 
380 0.417157 
381 0.407548 
382 0.407548 
383 0.407548 
384 0.407548 
385 0.407548 
386 0.407548 
387 0.407548 
388 0.407548 
389 0.407548 
390 0.407548 
391 0.422560 
392 0.422560 
393 0.422560 
394 0.422560 
395 0.422560 
396 0.422560 
397 0.422560 
398 0.422560 
399 0.422560 
400 0.422560 
401 0.435485 
402 0.435485 
403 0.435485 
404 0.435485 
405 0.435485 
406 0.435485 
407 0.435485 
408 0.435485 
409 0.435485 
410 0.435485 
411 0.460958 
412 0.460958 
413 0.460958 
414 0.460958 
415 0.460958 
416 0.460958 
417 0.460958 
418 0.460958 
419 0.460958 
420 0.460958 
421 0.535075 
422 0.535075 
423 0.535075 
424 0.535075 
425 0.535075 
426 0.535075 
427 0.535075 
428 0.535075 
429 0.535075 
430 0.535075 
431 0.601061 
432 0.601061 
433 0.601061 
434 0.601061 
435 0.601061 
436 0.601061 
437 0.601061 
438 0.601061 
439 0.601061 
440 0.601061 
441 0.657403 
442 0.657403 
443 0.657403 
444 0.657403 
445 0.657403 
446 0.657403 
447 0.657403 
448 0.657403 
449 0.657403 
450 0.657403 
451 0.697582 
452 0.697582 
453 0.697582 
454 0.697582 
455 0.697582 
456 0.697582 
457 0.697582 
458 0.697582 
459 0.697582 
460 0.697582 
461 0.722785 
462 0.722785 
463 0.722785 
464 0.722785 
465 0.722785 
466 0.722785 
467 0.722785 
468 0.722785 
469 0.722785 
470 0.722785 
471 0.745535 
472 0.745535 
473 0.745535 
474 0.745535 
475 0.745535 
476 0.745535 
477 0.745535 
478 0.745535 
479 0.745535 
480 0.745535 
481 0.745527 
482 0.745527 
483 0.745527 
484 0.745527 
485 0.745527 
486 0.745527 
487 0.745527 
488 0.745527 
489 0.745527 
490 0.745527 
491 0.743694 
492 0.743694 
493 0.743694 
494 0.743694 
495 0.743694 
496 0.743694 
497 0.743694 
498 0.743694 
499 0.743694 
500 0.743694 
501 0.748784 
502 0.748784 
503 0.748784 
504 0.748784 
505 0.748784 
506 0.748784 
507 0.748784 
508 0.748784 
509 0.748784 
510 0.748784 
511 0.772679 
512 0.772679 
513 0.772679 
514 0.772679 
515 0.772679 
516 0.772679 
517 0.772679 
518 0.772679 
519 0.772679 
520 0.772679 
521 0.848044 
522 0.848044 
523 0.848044 
524 0.848044 
525 0.848044 
526 0.848044 
527 0.848044 
528 0.848044 
529 0.848044 
530 0.848044 
531 0.915019 
532 0.915019 
533 0.915019 
534 0.915019 
535 0.915019 
536 0.915019 
537 0.915019 
538 0.915019 
539 0.915019 
540 0.915019 
541 0.927692 
542 0.927692 
543 0.927692 
544 0.927692 
545 0.927692 
546 0.927692 
547 0.927692 
548 0.927692 
549 0.927692 
550 0.927692 
551 0.954139 
552 0.954139 
553 0.954139 
554 0.954139 
555 0.954139 
556 0.954139 
557 0.954139 
558 0.954139 
559 0.954139 
560 0.954139 
561 0.953927 
562 0.953927 
563 0.953927 
564 0.953927 
565 0.953927 
566 0.953927 
567 0.953927 
568 0.953927 
569 0.953927 
570 0.953927 
571 0.947245 
572 0.947245 
573 0.947245 
574 0.947245 
575 0.947245 
576 0.947245 
577 0.947245 
578 0.947245 
579 0.947245 
580 0.947245 
581 0.949136 
582 0.949136 
583 0.949136 
584 0.949136 
585 0.949136 
586 0.949136 
587 0.949136 
588 0.949136 
589 0.949136 
590 0.949136 
591 0.952715 
592 0.952715 
593 0.952715 
594 0.952715 
595 0.952715 
596 0.952715 
597 0.952715 
598 0.952715 
599 0.952715 
600 0.952715 
601 0.971855 
602 0.971855 
603 0.971855 
604 0.971855 
605 0.971855 
606 0.971855 
607 0.971855 
608 0.971855 
609 0.971855 
610 0.971855 
611 0.976814 
612 0.976814 
613 0.976814 
614 0.976814 
615 0.976814 
616 0.976814 
617 0.976814 
618 0.976814 
619 0.976814 
620 0.976814 
621 0.980617 
622 0.980617 
623 0.980617 
624 0.980617 
625 0.980617 
626 0.980617 
627 0.980617 
628 0.980617 
629 0.980617 
630 0.980617 
631 0.980927 
632 0.980927 
633 0.980927 
634 0.980927 
635 0.980927 
636 0.980927 
637 0.980927 
638 0.980927 
639 0.980927 
640 0.980927 
641 0.982445 
642 0.982445 
643 0.982445 
644 0.982445 
645 0.982445 
646 0.982445 
647 0.982445 
648 0.982445 
649 0.982445 
650 0.982445 
651 0.981601 
652 0.981601 
653 0.981601 
654 0.981601 
655 0.981601 
656 0.981601 
657 0.981601 
658 0.981601 
659 0.981601 
660 0.981601 
661 0.980067 
662 0.980067 
663 0.980067 
664 0.980067 
665 0.980067 
666 0.980067 
667 0.980067 
668 0.980067 
669 0.980067 
670 0.980067 
671 0.980726 
672 0.980726 
673 0.980726 
674 0.980726 
675 0.980726 
676 0.980726 
677 0.980726 
678 0.980726 
679 0.980726 
680 0.980726 
681 0.980770 
682 0.980770 
683 0.980770 
684 0.980770 
685 0.980770 
686 0.980770 
687 0.980770 
688 0.980770 
689 0.980770 
690 0.980770 
691 0.981307 
692 0.981307 
693 0.981307 
694 0.981307 
695 0.981307 
696 0.981307 
697 0.981307 
698 0.981307 
699 0.981307 
700 0.981307 
701 0.980444 
702 0.980444 
703 0.980444 
704 0.980444 
705 0.980444 
706 0.980444 
707 0.980444 
708 0.980444 
709 0.980444 
710 0.980444 
711 0.981178 
712 0.981178 
713 0.981178 
714 0.981178 
715 0.981178 
716 0.981178 
717 0.981178 
718 0.981178 
719 0.981178 
720 0.981178 
721 0.980715 
722 0.980715 
723 0.980715 
724 0.980715 
725 0.980715 
726 0.980715 
727 0.980715 
728 0.980715 
729 0.980715 
730 0.980715 
731 0.980314 
732 0.980314 
733 0.980314 
734 0.980314 
735 0.980314 
736 0.980314 
737 0.980314 
738 0.980314 
739 0.980314 
740 0.980314 
741 0.979895 
742 0.979895 
743 0.979895 
744 0.979895 
745 0.979895 
746 0.979895 
747 0.979895 
748 0.979895 
749 0.979895 
750 0.979895 
751 0.979294 
752 0.979294 
753 0.979294 
754 0.979294 
755 0.979294 
756 0.979294 
757 0.979294 
758 0.979294 
759 0.979294 
760 0.979294 
761 0.979086 
762 0.979086 
763 0.979086 
764 0.979086 
765 0.979086 
766 0.979086 
767 0.979086 
768 0.979086 
769 0.979086 
770 0.979086 
771 0.979416 
772 0.979416 
773 0.979416 
774 0.979416 
775 0.979416 
776 0.979416 
777 0.979416 
778 0.979416 
779 0.979416 
780 0.979416 
781 0.978819 
782 0.978819 
783 0.978819 
784 0.978819 
785 0.978819 
786 0.978819 
787 0.978819 
788 0.978819 
789 0.978819 
790 0.978819 
791 0.978604 
792 0.978604 
793 0.978604 
794 0.978604 
795 0.978604 
796 0.978604 
797 0.978604 
798 0.978604 
799 0.978604 
800 0.978604 
801 0.978015 
802 0.978015 
803 0.978015 
804 0.978015 
805 0.978015 
806 0.978015 
807 0.978015 
808 0.978015 
809 0.978015 
810 0.978015 
811 0.977234 
812 0.977234 
813 0.977234 
814 0.977234 
815 0.977234 
816 0.977234 
817 0.977234 
818 0.977234 
819 0.977234 
820 0.977234 
821 0.975394 
822 0.975394 
823 0.975394 
824 0.975394 
825 0.975394 
826 0.975394 
827 0.975394 
828 0.975394 
829 0.975394 
830 0.975394 
831 0.975641 
832 0.975641 
833 0.975641 
834 0.975641 
835 0.975641 
836 0.975641 
837 0.975641 
838 0.975641 
839 0.975641 
840 0.975641 
841 0.976112 
842 0.976112 
843 0.976112 
844 0.976112 
845 0.976112 
846 0.976112 
847 0.976112 
848 0.976112 
849 0.976112 
850 0.976112 
851 0.976406 
852 0.976406 
853 0.976406 
854 0.976406 
855 0.976406 
856 0.976406 
857 0.976406 
858 0.976406 
859 0.976406 
860 0.976406 
861 0.976136 
862 0.976136 
863 0.976136 
864 0.976136 
865 0.976136 
866 0.976136 
867 0.976136 
868 0.976136 
869 0.976136 
870 0.976136 
871 0.975861 
872 0.975861 
873 0.975861 
874 0.975861 
875 0.975861 
876 0.975861 
877 0.975861 
878 0.975861 
879 0.975861 
880 0.975861 
881 0.976481 
882 0.976481 
883 0.976481 
884 0.976481 
885 0.976481 
886 0.976481 
887 0.976481 
888 0.976481 
889 0.976481 
890 0.976481 
891 0.976183 
892 0.976183 
893 0.976183 
894 0.976183 
895 0.976183 
896 0.976183 
897 0.976183 
898 0.976183 
899 0.976183 
900 0.976183 
901 0.976300 
902 0.976300 
903 0.976300 
904 0.976300 
905 0.976300 
906 0.976300 
907 0.976300 
908 0.976300 
909 0.976300 
910 0.976300 
911 0.975778 
912 0.975778 
913 0.975778 
914 0.975778 
915 0.975778 
916 0.975778 
917 0.975778 
918 0.975778 
919 0.975778 
920 0.975778 
921 0.976426 
922 0.976426 
923 0.976426 
924 0.976426 
925 0.976426 
926 0.976426 
927 0.976426 
928 0.976426 
929 0.976426 
930 0.976426 
931 0.975865 
932 0.975865 
933 0.975865 
934 0.975865 
935 0.975865 
936 0.975865 
937 0.975865 
938 0.975865 
939 0.975865 
940 0.975865 
941 0.976430 
942 0.976430 
943 0.976430 
944 0.976430 
945 0.976430 
946 0.976430 
947 0.976430 
948 0.976430 
949 0.976430 
950 0.976430 
951 0.976618 
952 0.976618 
953 0.976618 
954 0.976618 
955 0.976618 
956 0.976618 
957 0.976618 
958 0.976618 
959 0.976618 
960 0.976618 
961 0.977058 
962 0.977058 
963 0.977058 
964 0.977058 
965 0.977058 
966 0.977058 
967 0.977058 
968 0.977058 
969 0.977058 
970 0.977058 
971 0.976928 
972 0.976928 
973 0.976928 
974 0.976928 
975 0.976928 
976 0.976928 
977 0.976928 
978 0.976928 
979 0.976928 
980 0.976928 
981 0.976057 
982 0.976057 
983 0.976057 
984 0.976057 
985 0.976057 
986 0.976057 
987 0.976057 
988 0.976057 
989 0.976057 
990 0.976057 
991 0.976332 
992 0.976332 
993 0.976332 
994 0.976332 
995 0.976332 
996 0.976332 
997 0.976332 
998 0.976332 
999 0.976332 
1000 0.976332 
1001 0.976912 
1002 0.976912 
1003 0.976912 
1004 0.976912 
1005 0.976912 
1006 0.976912 
1007 0.976912 
1008 0.976912 
1009 0.976912 
1010 0.976912 
1011 0.975213 
1012 0.975213 
1013 0.975213 
1014 0.975213 
1015 0.975213 
1016 0.975213 
1017 0.975213 
1018 0.975213 
1019 0.975213 
1020 0.975213 
1021 0.975488 
1022 0.975488 
1023 0.975488 
1024 0.975488 
1025 0.975488 
1026 0.975488 
1027 0.975488 
1028 0.975488 
1029 0.975488 
1030 0.975488 
1031 0.975979 
1032 0.975979 
1033 0.975979 
1034 0.975979 
1035 0.975979 
1036 0.975979 
1037 0.975979 
1038 0.975979 
1039 0.975979 
1040 0.975979 
1041 0.976842 
1042 0.976842 
1043 0.976842 
1044 0.976842 
1045 0.976842 
1046 0.976842 
1047 0.976842 
1048 0.976842 
1049 0.976842 
1050 0.976842 
1051 0.976767 
1052 0.976767 
1053 0.976767 
1054 0.976767 
1055 0.976767 
1056 0.976767 
1057 0.976767 
1058 0.976767 
1059 0.976767 
1060 0.976767 
1061 0.975673 
1062 0.975673 
1063 0.975673 
1064 0.975673 
1065 0.975673 
1066 0.975673 
1067 0.975673 
1068 0.975673 
1069 0.975673 
1070 0.975673 
1071 0.976147 
1072 0.976147 
1073 0.976147 
1074 0.976147 
1075 0.976147 
1076 0.976147 
1077 0.976147 
1078 0.976147 
1079 0.976147 
1080 0.976147 
1081 0.976500 
1082 0.976500 
1083 0.976500 
1084 0.976500 
1085 0.976500 
1086 0.976500 
1087 0.976500 
1088 0.976500 
1089 0.976500 
1090 0.976500 
1091 0.976555 
1092 0.976555 
1093 0.976555 
1094 0.976555 
1095 0.976555 
1096 0.976555 
1097 0.976555 
1098 0.976555 
1099 0.976555 
1100 0.976555 
1101 0.976646 
1102 0.976646 
1103 0.976646 
1104 0.976646 
1105 0.976646 
1106 0.976646 
1107 0.976646 
1108 0.976646 
1109 0.976646 
1110 0.976646 
1111 0.975704 
1112 0.975704 
1113 0.975704 
1114 0.975704 
1115 0.975704 
1116 0.975704 
1117 0.975704 
1118 0.975704 
1119 0.975704 
1120 0.975704 
1121 0.976324 
1122 0.976324 
1123 0.976324 
1124 0.976324 
1125 0.976324 
1126 0.976324 
1127 0.976324 
1128 0.976324 
1129 0.976324 
1130 0.976324 
1131 0.976728 
1132 0.976728 
1133 0.976728 
1134 0.976728 
1135 0.976728 
1136 0.976728 
1137 0.976728 
1138 0.976728 
1139 0.976728 
1140 0.976728 
1141 0.976465 
1142 0.976465 
1143 0.976465 
1144 0.976465 
1145 0.976465 
1146 0.976465 
1147 0.976465 
1148 0.976465 
1149 0.976465 
1150 0.976465 
1151 0.976610 
1152 0.976610 
1153 0.976610 
1154 0.976610 
1155 0.976610 
1156 0.976610 
1157 0.976610 
1158 0.976610 
1159 0.976610 
1160 0.976610 
1161 0.976928 
1162 0.976928 
1163 0.976928 
1164 0.976928 
1165 0.976928 
1166 0.976928 
1167 0.976928 
1168 0.976928 
1169 0.976928 
1170 0.976928 
1171 0.976983 
1172 0.976983 
1173 0.976983 
1174 0.976983 
1175 0.976983 
1176 0.976983 
1177 0.976983 
1178 0.976983 
1179 0.976983 
1180 0.976983 
1181 0.976893 
1182 0.976893 
1183 0.976893 
1184 0.976893 
1185 0.976893 
1186 0.976893 
1187 0.976893 
1188 0.976893 
1189 0.976893 
1190 0.976893 
1191 0.976402 
1192 0.976402 
1193 0.976402 
1194 0.976402 
1195 0.976402 
1196 0.976402 
1197 0.976402 
1198 0.976402 
1199 0.976402 
1200 0.976402 
1201 0.976861 
1202 0.976861 
1203 0.976861 
1204 0.976861 
1205 0.976861 
1206 0.976861 
1207 0.976861 
1208 0.976861 
1209 0.976861 
1210 0.976861 
1211 0.976489 
1212 0.976489 
1213 0.976489 
1214 0.976489 
1215 0.976489 
1216 0.976489 
1217 0.976489 
1218 0.976489 
1219 0.976489 
1220 0.976489 
1221 0.976622 
1222 0.976622 
1223 0.976622 
1224 0.976622 
1225 0.976622 
1226 0.976622 
1227 0.976622 
1228 0.976622 
1229 0.976622 
1230 0.976622 
1231 0.976936 
1232 0.976936 
1233 0.976936 
1234 0.976936 
1235 0.976936 
1236 0.976936 
1237 0.976936 
1238 0.976936 
1239 0.976936 
1240 0.976936 
1241 0.976265 
1242 0.976265 
1243 0.976265 
1244 0.976265 
1245 0.976265 
1246 0.976265 
1247 0.976265 
1248 0.976265 
1249 0.976265 
1250 0.976265 
1251 0.976226 
1252 0.976226 
1253 0.976226 
1254 0.976226 
1255 0.976226 
1256 0.976226 
1257 0.976226 
1258 0.976226 
1259 0.976226 
1260 0.976226 
1261 0.976120 
1262 0.976120 
1263 0.976120 
1264 0.976120 
1265 0.976120 
1266 0.976120 
1267 0.976120 
1268 0.976120 
1269 0.976120 
1270 0.976120 
1271 0.976826 
1272 0.976826 
1273 0.976826 
1274 0.976826 
1275 0.976826 
1276 0.976826 
1277 0.976826 
1278 0.976826 
1279 0.976826 
1280 0.976826 
1281 0.976661 
1282 0.976661 
1283 0.976661 
1284 0.976661 
1285 0.976661 
1286 0.976661 
1287 0.976661 
1288 0.976661 
1289 0.976661 
1290 0.976661 
1291 0.976245 
1292 0.976245 
1293 0.976245 
1294 0.976245 
1295 0.976245 
1296 0.976245 
1297 0.976245 
1298 0.976245 
1299 0.976245 
1300 0.976245 
1301 0.976524 
1302 0.976524 
1303 0.976524 
1304 0.976524 
1305 0.976524 
1306 0.976524 
1307 0.976524 
1308 0.976524 
1309 0.976524 
1310 0.976524 
1311 0.976493 
1312 0.976493 
1313 0.976493 
1314 0.976493 
1315 0.976493 
1316 0.976493 
1317 0.976493 
1318 0.976493 
1319 0.976493 
1320 0.976493 
1321 0.976803 
1322 0.976803 
1323 0.976803 
1324 0.976803 
1325 0.976803 
1326 0.976803 
1327 0.976803 
1328 0.976803 
1329 0.976803 
1330 0.976803 
1331 0.977411 
1332 0.977411 
1333 0.977411 
1334 0.977411 
1335 0.977411 
1336 0.977411 
1337 0.977411 
1338 0.977411 
1339 0.977411 
1340 0.977411 
1341 0.977085 
1342 0.977085 
1343 0.977085 
1344 0.977085 
1345 0.977085 
1346 0.977085 
1347 0.977085 
1348 0.977085 
1349 0.977085 
1350 0.977085 
1351 0.977136 
1352 0.977136 
1353 0.977136 
1354 0.977136 
1355 0.977136 
1356 0.977136 
1357 0.977136 
1358 0.977136 
1359 0.977136 
1360 0.977136 
1361 0.977089 
1362 0.977089 
1363 0.977089 
1364 0.977089 
1365 0.977089 
1366 0.977089 
1367 0.977089 
1368 0.977089 
1369 0.977089 
1370 0.977089 
1371 0.977297 
1372 0.977297 
1373 0.977297 
1374 0.977297 
1375 0.977297 
1376 0.977297 
1377 0.977297 
1378 0.977297 
1379 0.977297 
1380 0.977297 
1381 0.977956 
1382 0.977956 
1383 0.977956 
1384 0.977956 
1385 0.977956 
1386 0.977956 
1387 0.977956 
1388 0.977956 
1389 0.977956 
1390 0.977956 
1391 0.977179 
1392 0.977179 
1393 0.977179 
1394 0.977179 
1395 0.977179 
1396 0.977179 
1397 0.977179 
1398 0.977179 
1399 0.977179 
1400 0.977179 
1401 0.977670 
1402 0.977670 
1403 0.977670 
1404 0.977670 
1405 0.977670 
1406 0.977670 
1407 0.977670 
1408 0.977670 
1409 0.977670 
1410 0.977670 
1411 0.977536 
1412 0.977536 
1413 0.977536 
1414 0.977536 
1415 0.977536 
1416 0.977536 
1417 0.977536 
1418 0.977536 
1419 0.977536 
1420 0.977536 
1421 0.978054 
1422 0.978054 
1423 0.978054 
1424 0.978054 
1425 0.978054 
1426 0.978054 
1427 0.978054 
1428 0.978054 
1429 0.978054 
1430 0.978054 
1431 0.978094 
1432 0.978094 
1433 0.978094 
1434 0.978094 
1435 0.978094 
1436 0.978094 
1437 0.978094 
1438 0.978094 
1439 0.978094 
1440 0.978094 
1441 0.977003 
1442 0.977003 
1443 0.977003 
1444 0.977003 
1445 0.977003 
1446 0.977003 
1447 0.977003 
1448 0.977003 
1449 0.977003 
1450 0.977003 
1451 0.977148 
1452 0.977148 
1453 0.977148 
1454 0.977148 
1455 0.977148 
1456 0.977148 
1457 0.977148 
1458 0.977148 
1459 0.977148 
1460 0.977148 
1461 0.977572 
1462 0.977572 
1463 0.977572 
1464 0.977572 
1465 0.977572 
1466 0.977572 
1467 0.977572 
1468 0.977572 
1469 0.977572 
1470 0.977572 
1471 0.979781 
1472 0.979781 
1473 0.979781 
1474 0.979781 
1475 0.979781 
1476 0.979781 
1477 0.979781 
1478 0.979781 
1479 0.979781 
1480 0.979781 
1481 0.979675 
1482 0.979675 
1483 0.979675 
1484 0.979675 
1485 0.979675 
1486 0.979675 
1487 0.979675 
1488 0.979675 
1489 0.979675 
1490 0.979675 
1491 0.981119 
1492 0.981119 
1493 0.981119 
1494 0.981119 
1495 0.981119 
1496 0.981119 
1497 0.981119 
1498 0.981119 
1499 0.981119 
1500 0.981119 
1501 0.983465 
1502 0.983465 
1503 0.983465 
1504 0.983465 
1505 0.983465 
1506 0.983465 
1507 0.983465 
1508 0.983465 
1509 0.983465 
1510 0.983465 
1511 0.985168 
1512 0.985168 
1513 0.985168 
1514 0.985168 
1515 0.985168 
1516 0.985168 
1517 0.985168 
1518 0.985168 
1519 0.985168 
1520 0.985168 
1521 0.987193 
1522 0.987193 
1523 0.987193 
1524 0.987193 
1525 0.987193 
1526 0.987193 
1527 0.987193 
1528 0.987193 
1529 0.987193 
1530 0.987193 
1531 0.987585 
1532 0.987585 
1533 0.987585 
1534 0.987585 
1535 0.987585 
1536 0.987585 
1537 0.987585 
1538 0.987585 
1539 0.987585 
1540 0.987585 
1541 0.987824 
1542 0.987824 
1543 0.987824 
1544 0.987824 
1545 0.987824 
1546 0.987824 
1547 0.987824 
1548 0.987824 
1549 0.987824 
1550 0.987824 
1551 0.986106 
1552 0.986106 
1553 0.986106 
1554 0.986106 
1555 0.986106 
1556 0.986106 
1557 0.986106 
1558 0.986106 
1559 0.986106 
1560 0.986106 
1561 0.987091 
1562 0.987091 
1563 0.987091 
1564 0.987091 
1565 0.987091 
1566 0.987091 
1567 0.987091 
1568 0.987091 
1569 0.987091 
1570 0.987091 
1571 0.984317 
1572 0.984317 
1573 0.984317 
1574 0.984317 
1575 0.984317 
1576 0.984317 
1577 0.984317 
1578 0.984317 
1579 0.984317 
1580 0.984317 
1581 0.984407 
1582 0.984407 
1583 0.984407 
1584 0.984407 
1585 0.984407 
1586 0.984407 
1587 0.984407 
1588 0.984407 
1589 0.984407 
1590 0.984407 
1591 0.982649 
1592 0.982649 
1593 0.982649 
1594 0.982649 
1595 0.982649 
1596 0.982649 
1597 0.982649 
1598 0.982649 
1599 0.982649 
1600 0.982649 
1601 0.984077 
1602 0.984077 
1603 0.984077 
1604 0.984077 
1605 0.984077 
1606 0.984077 
1607 0.984077 
1608 0.984077 
1609 0.984077 
1610 0.984077 
1611 0.987773 
1612 0.987773 
1613 0.987773 
1614 0.987773 
1615 0.987773 
1616 0.987773 
1617 0.987773 
1618 0.987773 
1619 0.987773 
1620 0.987773 
1621 0.988586 
1622 0.988586 
1623 0.988586 
1624 0.988586 
1625 0.988586 
1626 0.988586 
1627 0.988586 
1628 0.988586 
1629 0.988586 
1630 0.988586 
1631 0.989645 
1632 0.989645 
1633 0.989645 
1634 0.989645 
1635 0.989645 
1636 0.989645 
1637 0.989645 
1638 0.989645 
1639 0.989645 
1640 0.989645 
1641 0.990273 
1642 0.990273 
1643 0.990273 
1644 0.990273 
1645 0.990273 
1646 0.990273 
1647 0.990273 
1648 0.990273 
1649 0.990273 
1650 0.990273 
1651 0.990630 
1652 0.990630 
1653 0.990630 
1654 0.990630 
1655 0.990630 
1656 0.990630 
1657 0.990630 
1658 0.990630 
1659 0.990630 
1660 0.990630 
1661 0.988539 
1662 0.988539 
1663 0.988539 
1664 0.988539 
1665 0.988539 
1666 0.988539 
1667 0.988539 
1668 0.988539 
1669 0.988539 
1670 0.988539 
1671 0.986824 
1672 0.986824 
1673 0.986824 
1674 0.986824 
1675 0.986824 
1676 0.986824 
1677 0.986824 
1678 0.986824 
1679 0.986824 
1680 0.986824 
1681 0.982123 
1682 0.982123 
1683 0.982123 
1684 0.982123 
1685 0.982123 
1686 0.982123 
1687 0.982123 
1688 0.982123 
1689 0.982123 
1690 0.982123 
1691 0.973232 
1692 0.973232 
1693 0.973232 
1694 0.973232 
1695 0.973232 
1696 0.973232 
1697 0.973232 
1698 0.973232 
1699 0.973232 
1700 0.973232 
1701 0.977670 
1702 0.977670 
1703 0.977670 
1704 0.977670 
1705 0.977670 
1706 0.977670 
1707 0.977670 
1708 0.977670 
1709 0.977670 
1710 0.977670 
1711 0.972063 
1712 0.972063 
1713 0.972063 
1714 0.972063 
1715 0.972063 
1716 0.972063 
1717 0.972063 
1718 0.972063 
1719 0.972063 
1720 0.972063 
1721 0.961904 
1722 0.961904 
1723 0.961904 
1724 0.961904 
1725 0.961904 
1726 0.961904 
1727 0.961904 
1728 0.961904 
1729 0.961904 
1730 0.961904 
1731 0.963705 
1732 0.963705 
1733 0.963705 
1734 0.963705 
1735 0.963705 
1736 0.963705 
1737 0.963705 
1738 0.963705 
1739 0.963705 
1740 0.963705 
1741 0.928862 
1742 0.928862 
1743 0.928862 
1744 0.928862 
1745 0.928862 
1746 0.928862 
1747 0.928862 
1748 0.928862 
1749 0.928862 
1750 0.928862 
1751 0.759452 
1752 0.759452 
1753 0.759452 
1754 0.759452 
1755 0.759452 
1756 0.759452 
1757 0.759452 
1758 0.759452 
1759 0.759452 
1760 0.759452 
1761 0.705312 
1762 0.705312 
1763 0.705312 
1764 0.705312 
1765 0.705312 
1766 0.705312 
1767 0.705312 
1768 0.705312 
1769 0.705312 
1770 0.705312 
1771 0.746378 
1772 0.746378 
1773 0.746378 
1774 0.746378 
1775 0.746378 
1776 0.746378 
1777 0.746378 
1778 0.746378 
1779 0.746378 
1780 0.746378 
1781 0.852120 
1782 0.852120 
1783 0.852120 
1784 0.852120 
1785 0.852120 
1786 0.852120 
1787 0.852120 
1788 0.852120 
1789 0.852120 
1790 0.852120 
1791 0.799903 
1792 0.799903 
1793 0.799903 
1794 0.799903 
1795 0.799903 
1796 0.799903 
1797 0.799903 
1798 0.799903 
1799 0.799903 
1800 0.799903 
1801 0.758974 
1802 0.758974 
1803 0.758974 
1804 0.758974 
1805 0.758974 
1806 0.758974 
1807 0.758974 
1808 0.758974 
1809 0.758974 
1810 0.758974 
1811 0.749643 
1812 0.749643 
1813 0.749643 
1814 0.749643 
1815 0.749643 
1816 0.749643 
1817 0.749643 
1818 0.749643 
1819 0.749643 
1820 0.749643 
1821 0.734195 
1822 0.734195 
1823 0.734195 
1824 0.734195 
1825 0.734195 
1826 0.734195 
1827 0.734195 
1828 0.734195 
1829 0.734195 
1830 0.734195 
1831 0.707984 
1832 0.707984 
1833 0.707984 
1834 0.707984 
1835 0.707984 
1836 0.707984 
1837 0.707984 
1838 0.707984 
1839 0.707984 
1840 0.707984 
1841 0.618812 
1842 0.618812 
1843 0.618812 
1844 0.618812 
1845 0.618812 
1846 0.618812 
1847 0.618812 
1848 0.618812 
1849 0.618812 
1850 0.618812 
1851 0.553858 
1852 0.553858 
1853 0.553858 
1854 0.553858 
1855 0.553858 
1856 0.553858 
1857 0.553858 
1858 0.553858 
1859 0.553858 
1860 0.553858 
1861 0.602768 
1862 0.602768 
1863 0.602768 
1864 0.602768 
1865 0.602768 
1866 0.602768 
1867 0.602768 
1868 0.602768 
1869 0.602768 
1870 0.602768 
1871 0.680212 
1872 0.680212 
1873 0.680212 
1874 0.680212 
1875 0.680212 
1876 0.680212 
1877 0.680212 
1878 0.680212 
1879 0.680212 
1880 0.680212 
1881 0.770207 
1882 0.770207 
1883 0.770207 
1884 0.770207 
1885 0.770207 
1886 0.770207 
1887 0.770207 
1888 0.770207 
1889 0.770207 
1890 0.770207 
1891 0.643728 
1892 0.643728 
1893 0.643728 
1894 0.643728 
1895 0.643728 
1896 0.643728 
1897 0.643728 
1898 0.643728 
1899 0.643728 
1900 0.643728 
1901 0.671340 
1902 0.671340 
1903 0.671340 
1904 0.671340 
1905 0.671340 
1906 0.671340 
1907 0.671340 
1908 0.671340 
1909 0.671340 
1910 0.671340 
1911 0.818172 
1912 0.818172 
1913 0.818172 
1914 0.818172 
1915 0.818172 
1916 0.818172 
1917 0.818172 
1918 0.818172 
1919 0.818172 
1920 0.818172 
1921 0.868734 
1922 0.868734 
1923 0.868734 
1924 0.868734 
1925 0.868734 
1926 0.868734 
1927 0.868734 
1928 0.868734 
1929 0.868734 
1930 0.868734 
1931 0.613401 
1932 0.613401 
1933 0.613401 
1934 0.613401 
1935 0.613401 
1936 0.613401 
1937 0.613401 
1938 0.613401 
1939 0.613401 
1940 0.613401 
1941 0.364779 
1942 0.364779 
1943 0.364779 
1944 0.364779 
1945 0.364779 
1946 0.364779 
1947 0.364779 
1948 0.364779 
1949 0.364779 
1950 0.364779 
1951 0.288335 
1952 0.288335 
1953 0.288335 
1954 0.288335 
1955 0.288335 
1956 0.288335 
1957 0.288335 
1958 0.288335 
1959 0.288335 
1960 0.288335 
1961 0.137262 
1962 0.137262 
1963 0.137262 
1964 0.137262 
1965 0.137262 
1966 0.137262 
1967 0.137262 
1968 0.137262 
1969 0.137262 
1970 0.137262 
1971 0.098099 
1972 0.098099 
1973 0.098099 
1974 0.098099 
1975 0.098099 
1976 0.098099 
1977 0.098099 
1978 0.098099 
1979 0.098099 
1980 0.098099 
1981 0.091428 
1982 0.091428 
1983 0.091428 
1984 0.091428 
1985 0.091428 
1986 0.091428 
1987 0.091428 
1988 0.091428 
1989 0.091428 
1990 0.091428 
1991 0.072829 
1992 0.072829 
1993 0.072829 
1994 0.072829 
1995 0.072829 
1996 0.072829 
1997 0.072829 
1998 0.072829 
1999 0.072829 
2000 0.072829 
2001 0.121469 
2002 0.121469 
2003 0.121469 
2004 0.121469 
2005 0.121469 
2006 0.121469 
2007 0.121469 
2008 0.121469 
2009 0.121469 
2010 0.121469 
2011 0.415317 
2012 0.415317 
2013 0.415317 
2014 0.415317 
2015 0.415317 
2016 0.415317 
2017 0.415317 
2018 0.415317 
2019 0.415317 
2020 0.415317 
2021 0.759778 
2022 0.759778 
2023 0.759778 
2024 0.759778 
2025 0.759778 
2026 0.759778 
2027 0.759778 
2028 0.759778 
2029 0.759778 
2030 0.759778 
2031 0.900403 
2032 0.900403 
2033 0.900403 
2034 0.900403 
2035 0.900403 
2036 0.900403 
2037 0.900403 
2038 0.900403 
2039 0.900403 
2040 0.900403 
2041 0.817607 
2042 0.817607 
2043 0.817607 
2044 0.817607 
2045 0.817607 
2046 0.817607 
2047 0.817607 
2048 0.817607 
2049 0.817607 
2050 0.817607 
2051 0.426829 
2052 0.426829 
2053 0.426829 
2054 0.426829 
2055 0.426829 
2056 0.426829 
2057 0.426829 
2058 0.426829 
2059 0.426829 
2060 0.426829 
2061 0.235223 
2062 0.235223 
2063 0.235223 
2064 0.235223 
2065 0.235223 
2066 0.235223 
2067 0.235223 
2068 0.235223 
2069 0.235223 
2070 0.235223 
2071 0.114206 
2072 0.114206 
2073 0.114206 
2074 0.114206 
2075 0.114206 
2076 0.114206 
2077 0.114206 
2078 0.114206 
2079 0.114206 
2080 0.114206 
2081 0.083710 
2082 0.083710 
2083 0.083710 
2084 0.083710 
2085 0.083710 
2086 0.083710 
2087 0.083710 
2088 0.083710 
2089 0.083710 
2090 0.083710 
2091 0.076890 
2092 0.076890 
2093 0.076890 
2094 0.076890 
2095 0.076890 
2096 0.076890 
2097 0.076890 
2098 0.076890 
2099 0.076890 
2100 0.076890 
2101 0.086939 
2102 0.086939 
2103 0.086939 
2104 0.086939 
2105 0.086939 
2106 0.086939 
2107 0.086939 
2108 0.086939 
2109 0.086939 
2110 0.086939 
2111 0.210342 
2112 0.210342 
2113 0.210342 
2114 0.210342 
2115 0.210342 
2116 0.210342 
2117 0.210342 
2118 0.210342 
2119 0.210342 
2120 0.210342 
2121 0.896086 
2122 0.896086 
2123 0.896086 
2124 0.896086 
2125 0.896086 
2126 0.896086 
2127 0.896086 
2128 0.896086 
2129 0.896086 
2130 0.896086 
2131 0.987887 
2132 0.987887 
2133 0.987887 
2134 0.987887 
2135 0.987887 
2136 0.987887 
2137 0.987887 
2138 0.987887 
2139 0.987887 
2140 0.987887 
2141 0.993086 
2142 0.993086 
2143 0.993086 
2144 0.993086 
2145 0.993086 
2146 0.993086 
2147 0.993086 
2148 0.993086 
2149 0.993086 
2150 0.993086 
2151 0.994365 
2152 0.994365 
2153 0.994365 
2154 0.994365 
2155 0.994365 
2156 0.994365 
2157 0.994365 
2158 0.994365 
2159 0.994365 
2160 0.994365 
2161 0.946362 
2162 0.946362 
2163 0.946362 
2164 0.946362 
2165 0.946362 
2166 0.946362 
2167 0.946362 
2168 0.946362 
2169 0.946362 
2170 0.946362 
2171 0.941253 
2172 0.941253 
2173 0.941253 
2174 0.941253 
2175 0.941253 
2176 0.941253 
2177 0.941253 
2178 0.941253 
2179 0.941253 
2180 0.941253 
2181 0.336276 
2182 0.336276 
2183 0.336276 
2184 0.336276 
2185 0.336276 
2186 0.336276 
2187 0.336276 
2188 0.336276 
2189 0.336276 
2190 0.336276 
2191 0.109925 
2192 0.109925 
2193 0.109925 
2194 0.109925 
2195 0.109925 
2196 0.109925 
2197 0.109925 
2198 0.109925 
2199 0.109925 
2200 0.109925 
2201 0.086468 
2202 0.086468 
2203 0.086468 
2204 0.086468 
2205 0.086468 
2206 0.086468 
2207 0.086468 
2208 0.086468 
2209 0.086468 
2210 0.086468 
2211 0.107304 
2212 0.107304 
2213 0.107304 
2214 0.107304 
2215 0.107304 
2216 0.107304 
2217 0.107304 
2218 0.107304 
2219 0.107304 
2220 0.107304 
2221 0.105911 
2222 0.105911 
2223 0.105911 
2224 0.105911 
2225 0.105911 
2226 0.105911 
2227 0.105911 
2228 0.105911 
2229 0.105911 
2230 0.105911 
2231 0.110231 
2232 0.110231 
2233 0.110231 
2234 0.110231 
2235 0.110231 
2236 0.110231 
2237 0.110231 
2238 0.110231 
2239 0.110231 
2240 0.110231 
2241 0.101312 
2242 0.101312 
2243 0.101312 
2244 0.101312 
2245 0.101312 
2246 0.101312 
2247 0.101312 
2248 0.101312 
2249 0.101312 
2250 0.101312 
2251 0.108359 
2252 0.108359 
2253 0.108359 
2254 0.108359 
2255 0.108359 
2256 0.108359 
2257 0.108359 
2258 0.108359 
2259 0.108359 
2260 0.108359 
2261 0.105597 
2262 0.105597 
2263 0.105597 
2264 0.105597 
2265 0.105597 
2266 0.105597 
2267 0.105597 
2268 0.105597 
2269 0.105597 
2270 0.105597 
2271 0.165772 
2272 0.165772 
2273 0.165772 
2274 0.165772 
2275 0.165772 
2276 0.165772 
2277 0.165772 
2278 0.165772 
2279 0.165772 
2280 0.165772 
2281 0.268771 
2282 0.268771 
2283 0.268771 
2284 0.268771 
2285 0.268771 
2286 0.268771 
2287 0.268771 
2288 0.268771 
2289 0.268771 
2290 0.268771 
2291 0.336276 
2292 0.336276 
2293 0.336276 
2294 0.336276 
2295 0.336276 
2296 0.336276 
2297 0.336276 
2298 0.336276 
2299 0.336276 
2300 0.336276 
2301 0.304552 
2302 0.304552 
2303 0.304552 
2304 0.304552 
2305 0.304552 
2306 0.304552 
2307 0.304552 
2308 0.304552 
2309 0.304552 
2310 0.304552 
2311 0.251652 
2312 0.251652 
2313 0.251652 
2314 0.251652 
2315 0.251652 
2316 0.251652 
2317 0.251652 
2318 0.251652 
2319 0.251652 
2320 0.251652 
2321 0.203484 
2322 0.203484 
2323 0.203484 
2324 0.203484 
2325 0.203484 
2326 0.203484 
2327 0.203484 
2328 0.203484 
2329 0.203484 
2330 0.203484 
2331 0.160526 
2332 0.160526 
2333 0.160526 
2334 0.160526 
2335 0.160526 
2336 0.160526 
2337 0.160526 
2338 0.160526 
2339 0.160526 
2340 0.160526 
2341 0.151882 
2342 0.151882 
2343 0.151882 
2344 0.151882 
2345 0.151882 
2346 0.151882 
2347 0.151882 
2348 0.151882 
2349 0.151882 
2350 0.151882 
2351 0.162790 
2352 0.162790 
2353 0.162790 
2354 0.162790 
2355 0.162790 
2356 0.162790 
2357 0.162790 
2358 0.162790 
2359 0.162790 
2360 0.162790 
2361 0.153824 
2362 0.153824 
2363 0.153824 
2364 0.153824 
2365 0.153824 
2366 0.153824 
2367 0.153824 
2368 0.153824 
2369 0.153824 
2370 0.153824 
2371 0.144482 
2372 0.144482 
2373 0.144482 
2374 0.144482 
2375 0.144482 
2376 0.144482 
2377 0.144482 
2378 0.144482 
2379 0.144482 
2380 0.144482 
2381 0.113291 
2382 0.113291 
2383 0.113291 
2384 0.113291 
2385 0.113291 
2386 0.113291 
2387 0.113291 
2388 0.113291 
2389 0.113291 
2390 0.113291 
2391 0.306765 
2392 0.306765 
2393 0.306765 
2394 0.306765 
2395 0.306765 
2396 0.306765 
2397 0.306765 
2398 0.306765 
2399 0.306765 
2400 0.306765 
2401 0.621947 
2402 0.621947 
2403 0.621947 
2404 0.621947 
2405 0.621947 
2406 0.621947 
2407 0.621947 
2408 0.621947 
2409 0.621947 
2410 0.621947 
2411 0.459828 
2412 0.459828 
2413 0.459828 
2414 0.459828 
2415 0.459828 
2416 0.459828 
2417 0.459828 
2418 0.459828 
2419 0.459828 
2420 0.459828 
2421 0.071982 
2422 0.071982 
2423 0.071982 
2424 0.071982 
2425 0.071982 
2426 0.071982 
2427 0.071982 
2428 0.071982 
2429 0.071982 
2430 0.071982 
2431 0.087391 
2432 0.087391 
2433 0.087391 
2434 0.087391 
2435 0.087391 
2436 0.087391 
2437 0.087391 
2438 0.087391 
2439 0.087391 
2440 0.087391 
2441 0.256678 
2442 0.256678 
2443 0.256678 
2444 0.256678 
2445 0.256678 
2446 0.256678 
2447 0.256678 
2448 0.256678 
2449 0.256678 
2450 0.256678 
2451 0.237911 
2452 0.237911 
2453 0.237911 
2454 0.237911 
2455 0.237911 
2456 0.237911 
2457 0.237911 
2458 0.237911 
2459 0.237911 
2460 0.237911 
2461 0.154421 
2462 0.154421 
2463 0.154421 
2464 0.154421 
2465 0.154421 
2466 0.154421 
2467 0.154421 
2468 0.154421 
2469 0.154421 
2470 0.154421 
2471 0.125369 
2472 0.125369 
2473 0.125369 
2474 0.125369 
2475 0.125369 
2476 0.125369 
2477 0.125369 
2478 0.125369 
2479 0.125369 
2480 0.125369 
2481 0.171085 
2482 0.171085 
2483 0.171085 
2484 0.171085 
2485 0.171085 
2486 0.171085 
2487 0.171085 
2488 0.171085 
2489 0.171085 
2490 0.171085 
2491 0.156830 
2492 0.156830 
2493 0.156830 
2494 0.156830 
2495 0.156830 
2496 0.156830 
2497 0.156830 
2498 0.156830 
2499 0.156830 
2500 0.156830 
2501 0.143783 
2502 0.143783 
2503 0.143783 
2504 0.143783 
2505 0.143783 
2506 0.143783 
2507 0.143783 
2508 0.143783 
2509 0.143783 
2510 0.143783 
2511 0.203064 
2512 0.203064 
2513 0.203064 
2514 0.203064 
2515 0.203064 
2516 0.203064 
2517 0.203064 
2518 0.203064 
2519 0.203064 
2520 0.203064 
2521 0.287343 
2522 0.287343 
2523 0.287343 
2524 0.287343 
2525 0.287343 
2526 0.287343 
2527 0.287343 
2528 0.287343 
2529 0.287343 
2530 0.287343 
2531 0.323363 
2532 0.323363 
2533 0.323363 
2534 0.323363 
2535 0.323363 
2536 0.323363 
2537 0.323363 
2538 0.323363 
2539 0.323363 
2540 0.323363 
2541 0.223322 
2542 0.223322 
2543 0.223322 
2544 0.223322 
2545 0.223322 
2546 0.223322 
2547 0.223322 
2548 0.223322 
2549 0.223322 
2550 0.223322 
2551 0.131678 
2552 0.131678 
2553 0.131678 
2554 0.131678 
2555 0.131678 
2556 0.131678 
2557 0.131678 
2558 0.131678 
2559 0.131678 
2560 0.131678 
2561 0.172062 
2562 0.172062 
2563 0.172062 
2564 0.172062 
2565 0.172062 
2566 0.172062 
2567 0.172062 
2568 0.172062 
2569 0.172062 
2570 0.172062 
2571 0.177328 
2572 0.177328 
2573 0.177328 
2574 0.177328 
2575 0.177328 
2576 0.177328 
2577 0.177328 
2578 0.177328 
2579 0.177328 
2580 0.177328 
2581 0.186180 
2582 0.186180 
2583 0.186180 
2584 0.186180 
2585 0.186180 
2586 0.186180 
2587 0.186180 
2588 0.186180 
2589 0.186180 
2590 0.186180 
2591 0.190056 
2592 0.190056 
2593 0.190056 
2594 0.190056 
2595 0.190056 
2596 0.190056 
2597 0.190056 
2598 0.190056 
2599 0.190056 
2600 0.190056 
2601 0.199277 
2602 0.199277 
2603 0.199277 
2604 0.199277 
2605 0.199277 
2606 0.199277 
2607 0.199277 
2608 0.199277 
2609 0.199277 
2610 0.199277 
2611 0.225304 
2612 0.225304 
2613 0.225304 
2614 0.225304 
2615 0.225304 
2616 0.225304 
2617 0.225304 
2618 0.225304 
2619 0.225304 
2620 0.225304 
2621 0.234791 
2622 0.234791 
2623 0.234791 
2624 0.234791 
2625 0.234791 
2626 0.234791 
2627 0.234791 
2628 0.234791 
2629 0.234791 
2630 0.234791 
2631 0.323598 
2632 0.323598 
2633 0.323598 
2634 0.323598 
2635 0.323598 
2636 0.323598 
2637 0.323598 
2638 0.323598 
2639 0.323598 
2640 0.323598 
2641 0.364178 
2642 0.364178 
2643 0.364178 
2644 0.364178 
2645 0.364178 
2646 0.364178 
2647 0.364178 
2648 0.364178 
2649 0.364178 
2650 0.364178 
2651 0.599382 
2652 0.599382 
2653 0.599382 
2654 0.599382 
2655 0.599382 
2656 0.599382 
2657 0.599382 
2658 0.599382 
2659 0.599382 
2660 0.599382 
2661 0.771165 
2662 0.771165 
2663 0.771165 
2664 0.771165 
2665 0.771165 
2666 0.771165 
2667 0.771165 
2668 0.771165 
2669 0.771165 
2670 0.771165 
2671 0.699430 
2672 0.699430 
2673 0.699430 
2674 0.699430 
2675 0.699430 
2676 0.699430 
2677 0.699430 
2678 0.699430 
2679 0.699430 
2680 0.699430 
2681 0.435454 
2682 0.435454 
2683 0.435454 
2684 0.435454 
2685 0.435454 
2686 0.435454 
2687 0.435454 
2688 0.435454 
2689 0.435454 
2690 0.435454 
2691 0.253857 
2692 0.253857 
2693 0.253857 
2694 0.253857 
2695 0.253857 
2696 0.253857 
2697 0.253857 
2698 0.253857 
2699 0.253857 
2700 0.253857 
2701 0.243200 
2702 0.243200 
2703 0.243200 
2704 0.243200 
2705 0.243200 
2706 0.243200 
2707 0.243200 
2708 0.243200 
2709 0.243200 
2710 0.243200 
2711 0.228819 
2712 0.228819 
2713 0.228819 
2714 0.228819 
2715 0.228819 
2716 0.228819 
2717 0.228819 
2718 0.228819 
2719 0.228819 
2720 0.228819 
2721 0.190339 
2722 0.190339 
2723 0.190339 
2724 0.190339 
2725 0.190339 
2726 0.190339 
2727 0.190339 
2728 0.190339 
2729 0.190339 
2730 0.190339 
2731 0.220371 
2732 0.220371 
2733 0.220371 
2734 0.220371 
2735 0.220371 
2736 0.220371 
2737 0.220371 
2738 0.220371 
2739 0.220371 
2740 0.220371 
2741 0.286789 
2742 0.286789 
2743 0.286789 
2744 0.286789 
2745 0.286789 
2746 0.286789 
2747 0.286789 
2748 0.286789 
2749 0.286789 
2750 0.286789 
2751 0.317787 
2752 0.317787 
2753 0.317787 
2754 0.317787 
2755 0.317787 
2756 0.317787 
2757 0.317787 
2758 0.317787 
2759 0.317787 
2760 0.317787 
2761 0.372426 
2762 0.372426 
2763 0.372426 
2764 0.372426 
2765 0.372426 
2766 0.372426 
2767 0.372426 
2768 0.372426 
2769 0.372426 
2770 0.372426 
2771 0.372167 
2772 0.372167 
2773 0.372167 
2774 0.372167 
2775 0.372167 
2776 0.372167 
2777 0.372167 
2778 0.372167 
2779 0.372167 
2780 0.372167 
2781 0.386952 
2782 0.386952 
2783 0.386952 
2784 0.386952 
2785 0.386952 
2786 0.386952 
2787 0.386952 
2788 0.386952 
2789 0.386952 
2790 0.386952 
2791 0.429415 
2792 0.429415 
2793 0.429415 
2794 0.429415 
2795 0.429415 
2796 0.429415 
2797 0.429415 
2798 0.429415 
2799 0.429415 
2800 0.429415 
2801 0.437922 
2802 0.437922 
2803 0.437922 
2804 0.437922 
2805 0.437922 
2806 0.437922 
2807 0.437922 
2808 0.437922 
2809 0.437922 
2810 0.437922 
2811 0.465663 
2812 0.465663 
2813 0.465663 
2814 0.465663 
2815 0.465663 
2816 0.465663 
2817 0.465663 
2818 0.465663 
2819 0.465663 
2820 0.465663 
2821 0.470254 
2822 0.470254 
2823 0.470254 
2824 0.470254 
2825 0.470254 
2826 0.470254 
2827 0.470254 
2828 0.470254 
2829 0.470254 
2830 0.470254 
2831 0.481974 
2832 0.481974 
2833 0.481974 
2834 0.481974 
2835 0.481974 
2836 0.481974 
2837 0.481974 
2838 0.481974 
2839 0.481974 
2840 0.481974 
2841 0.464137 
2842 0.464137 
2843 0.464137 
2844 0.464137 
2845 0.464137 
2846 0.464137 
2847 0.464137 
2848 0.464137 
2849 0.464137 
2850 0.464137 
2851 0.470784 
2852 0.470784 
2853 0.470784 
2854 0.470784 
2855 0.470784 
2856 0.470784 
2857 0.470784 
2858 0.470784 
2859 0.470784 
2860 0.470784 
2861 0.504834 
2862 0.504834 
2863 0.504834 
2864 0.504834 
2865 0.504834 
2866 0.504834 
2867 0.504834 
2868 0.504834 
2869 0.504834 
2870 0.504834 
2871 0.503700 
2872 0.503700 
2873 0.503700 
2874 0.503700 
2875 0.503700 
2876 0.503700 
2877 0.503700 
2878 0.503700 
2879 0.503700 
2880 0.503700 
2881 0.510751 
2882 0.510751 
2883 0.510751 
2884 0.510751 
2885 0.510751 
2886 0.510751 
2887 0.510751 
2888 0.510751 
2889 0.510751 
2890 0.510751 
2891 0.500930 
2892 0.500930 
2893 0.500930 
2894 0.500930 
2895 0.500930 
2896 0.500930 
2897 0.500930 
2898 0.500930 
2899 0.500930 
2900 0.500930 
2901 0.485301 
2902 0.485301 
2903 0.485301 
2904 0.485301 
2905 0.485301 
2906 0.485301 
2907 0.485301 
2908 0.485301 
2909 0.485301 
2910 0.485301 
2911 0.490603 
2912 0.490603 
2913 0.490603 
2914 0.490603 
2915 0.490603 
2916 0.490603 
2917 0.490603 
2918 0.490603 
2919 0.490603 
2920 0.490603 
2921 0.499180 
2922 0.499180 
2923 0.499180 
2924 0.499180 
2925 0.499180 
2926 0.499180 
2927 0.499180 
2928 0.499180 
2929 0.499180 
2930 0.499180 
2931 0.516056 
2932 0.516056 
2933 0.516056 
2934 0.516056 
2935 0.516056 
2936 0.516056 
2937 0.516056 
2938 0.516056 
2939 0.516056 
2940 0.516056 
2941 0.539430 
2942 0.539430 
2943 0.539430 
2944 0.539430 
2945 0.539430 
2946 0.539430 
2947 0.539430 
2948 0.539430 
2949 0.539430 
2950 0.539430 
2951 0.553944 
2952 0.553944 
2953 0.553944 
2954 0.553944 
2955 0.553944 
2956 0.553944 
2957 0.553944 
2958 0.553944 
2959 0.553944 
2960 0.553944 
2961 0.474931 
2962 0.474931 
2963 0.474931 
2964 0.474931 
2965 0.474931 
2966 0.474931 
2967 0.474931 
2968 0.474931 
2969 0.474931 
2970 0.474931 
2971 0.893948 
2972 0.893948 
2973 0.893948 
2974 0.893948 
2975 0.893948 
2976 0.893948 
2977 0.893948 
2978 0.893948 
2979 0.893948 
2980 0.893948 
2981 0.967060 
2982 0.967060 
2983 0.967060 
2984 0.967060 
2985 0.967060 
2986 0.967060 
2987 0.967060 
2988 0.967060 
2989 0.967060 
2990 0.967060 
2991 0.988260 
2992 0.988260 
2993 0.988260 
2994 0.988260 
2995 0.988260 
2996 0.988260 
2997 0.988260 
2998 0.988260 
2999 0.988260 
3000 0.988260 
3001 0.990697 
3002 0.990697 
3003 0.990697 
3004 0.990697 
3005 0.990697 
3006 0.990697 
3007 0.990697 
3008 0.990697 
3009 0.990697 
3010 0.990697 
3011 0.991505 
3012 0.991505 
3013 0.991505 
3014 0.991505 
3015 0.991505 
3016 0.991505 
3017 0.991505 
3018 0.991505 
3019 0.991505 
3020 0.991505 
3021 0.988433 
3022 0.988433 
3023 0.988433 
3024 0.988433 
3025 0.988433 
3026 0.988433 
3027 0.988433 
3028 0.988433 
3029 0.988433 
3030 0.988433 
3031 0.986569 
3032 0.986569 
3033 0.986569 
3034 0.986569 
3035 0.986569 
3036 0.986569 
3037 0.986569 
3038 0.986569 
3039 0.986569 
3040 0.986569 
3041 0.985812 
3042 0.985812 
3043 0.985812 
3044 0.985812 
3045 0.985812 
3046 0.985812 
3047 0.985812 
3048 0.985812 
3049 0.985812 
3050 0.985812 
3051 0.985301 
3052 0.985301 
3053 0.985301 
3054 0.985301 
3055 0.985301 
3056 0.985301 
3057 0.985301 
3058 0.985301 
3059 0.985301 
3060 0.985301 
3061 0.982280 
3062 0.982280 
3063 0.982280 
3064 0.982280 
3065 0.982280 
3066 0.982280 
3067 0.982280 
3068 0.982280 
3069 0.982280 
3070 0.982280 
3071 0.980891 
3072 0.980891 
3073 0.980891 
3074 0.980891 
3075 0.980891 
3076 0.980891 
3077 0.980891 
3078 0.980891 
3079 0.980891 
3080 0.980891 
3081 0.979306 
3082 0.979306 
3083 0.979306 
3084 0.979306 
3085 0.979306 
3086 0.979306 
3087 0.979306 
3088 0.979306 
3089 0.979306 
3090 0.979306 
3091 0.976909 
3092 0.976909 
3093 0.976909 
3094 0.976909 
3095 0.976909 
3096 0.976909 
3097 0.976909 
3098 0.976909 
3099 0.976909 
3100 0.976909 
3101 0.975119 
3102 0.975119 
3103 0.975119 
3104 0.975119 
3105 0.975119 
3106 0.975119 
3107 0.975119 
3108 0.975119 
3109 0.975119 
3110 0.975119 
3111 0.977340 
3112 0.977340 
3113 0.977340 
3114 0.977340 
3115 0.977340 
3116 0.977340 
3117 0.977340 
3118 0.977340 
3119 0.977340 
3120 0.977340 
3121 0.975943 
3122 0.975943 
3123 0.975943 
3124 0.975943 
3125 0.975943 
3126 0.975943 
3127 0.975943 
3128 0.975943 
3129 0.975943 
3130 0.975943 
3131 0.972753 
3132 0.972753 
3133 0.972753 
3134 0.972753 
3135 0.972753 
3136 0.972753 
3137 0.972753 
3138 0.972753 
3139 0.972753 
3140 0.972753 
3141 0.967954 
3142 0.967954 
3143 0.967954 
3144 0.967954 
3145 0.967954 
3146 0.967954 
3147 0.967954 
3148 0.967954 
3149 0.967954 
3150 0.967954 
3151 0.962936 
3152 0.962936 
3153 0.962936 
3154 0.962936 
3155 0.962936 
3156 0.962936 
3157 0.962936 
3158 0.962936 
3159 0.962936 
3160 0.962936 
3161 0.963065 
3162 0.963065 
3163 0.963065 
3164 0.963065 
3165 0.963065 
3166 0.963065 
3167 0.963065 
3168 0.963065 
3169 0.963065 
3170 0.963065 
3171 0.961539 
3172 0.961539 
3173 0.961539 
3174 0.961539 
3175 0.961539 
3176 0.961539 
3177 0.961539 
3178 0.961539 
3179 0.961539 
3180 0.961539 
3181 0.960593 
3182 0.960593 
3183 0.960593 
3184 0.960593 
3185 0.960593 
3186 0.960593 
3187 0.960593 
3188 0.960593 
3189 0.960593 
3190 0.960593 
3191 0.959871 
3192 0.959871 
3193 0.959871 
3194 0.959871 
3195 0.959871 
3196 0.959871 
3197 0.959871 
3198 0.959871 
3199 0.959871 
3200 0.959871 
3201 0.960221 
3202 0.960221 
3203 0.960221 
3204 0.960221 
3205 0.960221 
3206 0.960221 
3207 0.960221 
3208 0.960221 
3209 0.960221 
3210 0.960221 
3211 0.959667 
3212 0.959667 
3213 0.959667 
3214 0.959667 
3215 0.959667 
3216 0.959667 
3217 0.959667 
3218 0.959667 
3219 0.959667 
3220 0.959667 
3221 0.960966 
3222 0.960966 
3223 0.960966 
3224 0.960966 
3225 0.960966 
3226 0.960966 
3227 0.960966 
3228 0.960966 
3229 0.960966 
3230 0.960966 
3231 0.960554 
3232 0.960554 
3233 0.960554 
3234 0.960554 
3235 0.960554 
3236 0.960554 
3237 0.960554 
3238 0.960554 
3239 0.960554 
3240 0.960554 
3241 0.959922 
3242 0.959922 
3243 0.959922 
3244 0.959922 
3245 0.959922 
3246 0.959922 
3247 0.959922 
3248 0.959922 
3249 0.959922 
3250 0.959922 
3251 0.960166 
3252 0.960166 
3253 0.960166 
3254 0.960166 
3255 0.960166 
3256 0.960166 
3257 0.960166 
3258 0.960166 
3259 0.960166 
3260 0.960166 
3261 0.960566 
3262 0.960566 
3263 0.960566 
3264 0.960566 
3265 0.960566 
3266 0.960566 
3267 0.960566 
3268 0.960566 
3269 0.960566 
3270 0.960566 
3271 0.960495 
3272 0.960495 
3273 0.960495 
3274 0.960495 
3275 0.960495 
3276 0.960495 
3277 0.960495 
3278 0.960495 
3279 0.960495 
3280 0.960495 
3281 0.959675 
3282 0.959675 
3283 0.959675 
3284 0.959675 
3285 0.959675 
3286 0.959675 
3287 0.959675 
3288 0.959675 
3289 0.959675 
3290 0.959675 
3291 0.957917 
3292 0.957917 
3293 0.957917 
3294 0.957917 
3295 0.957917 
3296 0.957917 
3297 0.957917 
3298 0.957917 
3299 0.957917 
3300 0.957917 
3301 0.958047 
3302 0.958047 
3303 0.958047 
3304 0.958047 
3305 0.958047 
3306 0.958047 
3307 0.958047 
3308 0.958047 
3309 0.958047 
3310 0.958047 
3311 0.958675 
3312 0.958675 
3313 0.958675 
3314 0.958675 
3315 0.958675 
3316 0.958675 
3317 0.958675 
3318 0.958675 
3319 0.958675 
3320 0.958675 
3321 0.959240 
3322 0.959240 
3323 0.959240 
3324 0.959240 
3325 0.959240 
3326 0.959240 
3327 0.959240 
3328 0.959240 
3329 0.959240 
3330 0.959240 
3331 0.958067 
3332 0.958067 
3333 0.958067 
3334 0.958067 
3335 0.958067 
3336 0.958067 
3337 0.958067 
3338 0.958067 
3339 0.958067 
3340 0.958067 
3341 0.957921 
3342 0.957921 
3343 0.957921 
3344 0.957921 
3345 0.957921 
3346 0.957921 
3347 0.957921 
3348 0.957921 
3349 0.957921 
3350 0.957921 
3351 0.957168 
3352 0.957168 
3353 0.957168 
3354 0.957168 
3355 0.957168 
3356 0.957168 
3357 0.957168 
3358 0.957168 
3359 0.957168 
3360 0.957168 
3361 0.957655 
3362 0.957655 
3363 0.957655 
3364 0.957655 
3365 0.957655 
3366 0.957655 
3367 0.957655 
3368 0.957655 
3369 0.957655 
3370 0.957655 
3371 0.958255 
3372 0.958255 
3373 0.958255 
3374 0.958255 
3375 0.958255 
3376 0.958255 
3377 0.958255 
3378 0.958255 
3379 0.958255 
3380 0.958255 
3381 0.958451 
3382 0.958451 
3383 0.958451 
3384 0.958451 
3385 0.958451 
3386 0.958451 
3387 0.958451 
3388 0.958451 
3389 0.958451 
3390 0.958451 
3391 0.958145 
3392 0.958145 
3393 0.958145 
3394 0.958145 
3395 0.958145 
3396 0.958145 
3397 0.958145 
3398 0.958145 
3399 0.958145 
3400 0.958145 
3401 0.957505 
3402 0.957505 
3403 0.957505 
3404 0.957505 
3405 0.957505 
3406 0.957505 
3407 0.957505 
3408 0.957505 
3409 0.957505 
3410 0.957505 
3411 0.957537 
3412 0.957537 
3413 0.957537 
3414 0.957537 
3415 0.957537 
3416 0.957537 
3417 0.957537 
3418 0.957537 
3419 0.957537 
3420 0.957537 
3421 0.957560 
3422 0.957560 
3423 0.957560 
3424 0.957560 
3425 0.957560 
3426 0.957560 
3427 0.957560 
3428 0.957560 
3429 0.957560 
3430 0.957560 
3431 0.957556 
3432 0.957556 
3433 0.957556 
3434 0.957556 
3435 0.957556 
3436 0.957556 
3437 0.957556 
3438 0.957556 
3439 0.957556 
3440 0.957556 
3441 0.958545 
3442 0.958545 
3443 0.958545 
3444 0.958545 
3445 0.958545 
3446 0.958545 
3447 0.958545 
3448 0.958545 
3449 0.958545 
3450 0.958545 
3451 0.958082 
3452 0.958082 
3453 0.958082 
3454 0.958082 
3455 0.958082 
3456 0.958082 
3457 0.958082 
3458 0.958082 
3459 0.958082 
3460 0.958082 
3461 0.957933 
3462 0.957933 
3463 0.957933 
3464 0.957933 
3465 0.957933 
3466 0.957933 
3467 0.957933 
3468 0.957933 
3469 0.957933 
3470 0.957933 
3471 0.957921 
3472 0.957921 
3473 0.957921 
3474 0.957921 
3475 0.957921 
3476 0.957921 
3477 0.957921 
3478 0.957921 
3479 0.957921 
3480 0.957921 
3481 0.957906 
3482 0.957906 
3483 0.957906 
3484 0.957906 
3485 0.957906 
3486 0.957906 
3487 0.957906 
3488 0.957906 
3489 0.957906 
3490 0.957906 
3491 0.959020 
3492 0.959020 
3493 0.959020 
3494 0.959020 
3495 0.959020 
3496 0.959020 
3497 0.959020 
3498 0.959020 
3499 0.959020 
3500 0.959020 
3501 0.958718 
3502 0.958718 
3503 0.958718 
3504 0.958718 
3505 0.958718 
3506 0.958718 
3507 0.958718 
3508 0.958718 
3509 0.958718 
3510 0.958718 
3511 0.959459 
3512 0.959459 
3513 0.959459 
3514 0.959459 
3515 0.959459 
3516 0.959459 
3517 0.959459 
3518 0.959459 
3519 0.959459 
3520 0.959459 
3521 0.959267 
3522 0.959267 
3523 0.959267 
3524 0.959267 
3525 0.959267 
3526 0.959267 
3527 0.959267 
3528 0.959267 
3529 0.959267 
3530 0.959267 
3531 0.959138 
3532 0.959138 
3533 0.959138 
3534 0.959138 
3535 0.959138 
3536 0.959138 
3537 0.959138 
3538 0.959138 
3539 0.959138 
3540 0.959138 
3541 0.959412 
3542 0.959412 
3543 0.959412 
3544 0.959412 
3545 0.959412 
3546 0.959412 
3547 0.959412 
3548 0.959412 
3549 0.959412 
3550 0.959412 
3551 0.958569 
3552 0.958569 
3553 0.958569 
3554 0.958569 
3555 0.958569 
3556 0.958569 
3557 0.958569 
3558 0.958569 
3559 0.958569 
3560 0.958569 
3561 0.957968 
3562 0.957968 
3563 0.957968 
3564 0.957968 
3565 0.957968 
3566 0.957968 
3567 0.957968 
3568 0.957968 
3569 0.957968 
3570 0.957968 
3571 0.958686 
3572 0.958686 
3573 0.958686 
3574 0.958686 
3575 0.958686 
3576 0.958686 
3577 0.958686 
3578 0.958686 
3579 0.958686 
3580 0.958686 
3581 0.958165 
3582 0.958165 
3583 0.958165 
3584 0.958165 
3585 0.958165 
3586 0.958165 
3587 0.958165 
3588 0.958165 
3589 0.958165 
3590 0.958165 
3591 0.958612 
3592 0.958612 
3593 0.958612 
3594 0.958612 
3595 0.958612 
3596 0.958612 
3597 0.958612 
3598 0.958612 
3599 0.958612 
3600 0.958612 
3601 0.957662 
3602 0.957662 
3603 0.957662 
3604 0.957662 
3605 0.957662 
3606 0.957662 
3607 0.957662 
3608 0.957662 
3609 0.957662 
3610 0.957662 
3611 0.957729 
3612 0.957729 
3613 0.957729 
3614 0.957729 
3615 0.957729 
3616 0.957729 
3617 0.957729 
3618 0.957729 
3619 0.957729 
3620 0.957729 
3621 0.957961 
3622 0.957961 
3623 0.957961 
3624 0.957961 
3625 0.957961 
3626 0.957961 
3627 0.957961 
3628 0.957961 
3629 0.957961 
3630 0.957961 
3631 0.958247 
3632 0.958247 
3633 0.958247 
3634 0.958247 
3635 0.958247 
3636 0.958247 
3637 0.958247 
3638 0.958247 
3639 0.958247 
3640 0.958247 
3641 0.958125 
3642 0.958125 
3643 0.958125 
3644 0.958125 
3645 0.958125 
3646 0.958125 
3647 0.958125 
3648 0.958125 
3649 0.958125 
3650 0.958125 
3651 0.960315 
3652 0.960315 
3653 0.960315 
3654 0.960315 
3655 0.960315 
3656 0.960315 
3657 0.960315 
3658 0.960315 
3659 0.960315 
3660 0.960315 
3661 0.959550 
3662 0.959550 
3663 0.959550 
3664 0.959550 
3665 0.959550 
3666 0.959550 
3667 0.959550 
3668 0.959550 
3669 0.959550 
3670 0.959550 
3671 0.960072 
3672 0.960072 
3673 0.960072 
3674 0.960072 
3675 0.960072 
3676 0.960072 
3677 0.960072 
3678 0.960072 
3679 0.960072 
3680 0.960072 
3681 0.958883 
3682 0.958883 
3683 0.958883 
3684 0.958883 
3685 0.958883 
3686 0.958883 
3687 0.958883 
3688 0.958883 
3689 0.958883 
3690 0.958883 
3691 0.958404 
3692 0.958404 
3693 0.958404 
3694 0.958404 
3695 0.958404 
3696 0.958404 
3697 0.958404 
3698 0.958404 
3699 0.958404 
3700 0.958404 
3701 0.957600 
3702 0.957600 
3703 0.957600 
3704 0.957600 
3705 0.957600 
3706 0.957600 
3707 0.957600 
3708 0.957600 
3709 0.957600 
3710 0.957600 
3711 0.958620 
3712 0.958620 
3713 0.958620 
3714 0.958620 
3715 0.958620 
3716 0.958620 
3717 0.958620 
3718 0.958620 
3719 0.958620 
3720 0.958620 
3721 0.959185 
3722 0.959185 
3723 0.959185 
3724 0.959185 
3725 0.959185 
3726 0.959185 
3727 0.959185 
3728 0.959185 
3729 0.959185 
3730 0.959185 
3731 0.958165 
3732 0.958165 
3733 0.958165 
3734 0.958165 
3735 0.958165 
3736 0.958165 
3737 0.958165 
3738 0.958165 
3739 0.958165 
3740 0.958165 
3741 0.957003 
3742 0.957003 
3743 0.957003 
3744 0.957003 
3745 0.957003 
3746 0.957003 
3747 0.957003 
3748 0.957003 
3749 0.957003 
3750 0.957003 
3751 0.957619 
3752 0.957619 
3753 0.957619 
3754 0.957619 
3755 0.957619 
3756 0.957619 
3757 0.957619 
3758 0.957619 
3759 0.957619 
3760 0.957619 
3761 0.957709 
3762 0.957709 
3763 0.957709 
3764 0.957709 
3765 0.957709 
3766 0.957709 
3767 0.957709 
3768 0.957709 
3769 0.957709 
3770 0.957709 
3771 0.958416 
3772 0.958416 
3773 0.958416 
3774 0.958416 
3775 0.958416 
3776 0.958416 
3777 0.958416 
3778 0.958416 
3779 0.958416 
3780 0.958416 
3781 0.958263 
3782 0.958263 
3783 0.958263 
3784 0.958263 
3785 0.958263 
3786 0.958263 
3787 0.958263 
3788 0.958263 
3789 0.958263 
3790 0.958263 
3791 0.958412 
3792 0.958412 
3793 0.958412 
3794 0.958412 
3795 0.958412 
3796 0.958412 
3797 0.958412 
3798 0.958412 
3799 0.958412 
3800 0.958412 
3801 0.957549 
3802 0.957549 
3803 0.957549 
3804 0.957549 
3805 0.957549 
3806 0.957549 
3807 0.957549 
3808 0.957549 
3809 0.957549 
3810 0.957549 
3811 0.957172 
3812 0.957172 
3813 0.957172 
3814 0.957172 
3815 0.957172 
3816 0.957172 
3817 0.957172 
3818 0.957172 
3819 0.957172 
3820 0.957172 
3821 0.960578 
3822 0.960578 
3823 0.960578 
3824 0.960578 
3825 0.960578 
3826 0.960578 
3827 0.960578 
3828 0.960578 
3829 0.960578 
3830 0.960578 
3831 0.959930 
3832 0.959930 
3833 0.959930 
3834 0.959930 
3835 0.959930 
3836 0.959930 
3837 0.959930 
3838 0.959930 
3839 0.959930 
3840 0.959930 
3841 0.960805 
3842 0.960805 
3843 0.960805 
3844 0.960805 
3845 0.960805 
3846 0.960805 
3847 0.960805 
3848 0.960805 
3849 0.960805 
3850 0.960805 
3851 0.960578 
3852 0.960578 
3853 0.960578 
3854 0.960578 
3855 0.960578 
3856 0.960578 
3857 0.960578 
3858 0.960578 
3859 0.960578 
3860 0.960578 
3861 0.961217 
3862 0.961217 
3863 0.961217 
3864 0.961217 
3865 0.961217 
3866 0.961217 
3867 0.961217 
3868 0.961217 
3869 0.961217 
3870 0.961217 
3871 0.961072 
3872 0.961072 
3873 0.961072 
3874 0.961072 
3875 0.961072 
3876 0.961072 
3877 0.961072 
3878 0.961072 
3879 0.961072 
3880 0.961072 
3881 0.961594 
3882 0.961594 
3883 0.961594 
3884 0.961594 
3885 0.961594 
3886 0.961594 
3887 0.961594 
3888 0.961594 
3889 0.961594 
3890 0.961594 
3891 0.961814 
3892 0.961814 
3893 0.961814 
3894 0.961814 
3895 0.961814 
3896 0.961814 
3897 0.961814 
3898 0.961814 
3899 0.961814 
3900 0.961814 
3901 0.961241 
3902 0.961241 
3903 0.961241 
3904 0.961241 
3905 0.961241 
3906 0.961241 
3907 0.961241 
3908 0.961241 
3909 0.961241 
3910 0.961241 
3911 0.961127 
3912 0.961127 
3913 0.961127 
3914 0.961127 
3915 0.961127 
3916 0.961127 
3917 0.961127 
3918 0.961127 
3919 0.961127 
3920 0.961127 
3921 0.963905 
3922 0.963905 
3923 0.963905 
3924 0.963905 
3925 0.963905 
3926 0.963905 
3927 0.963905 
3928 0.963905 
3929 0.963905 
3930 0.963905 
3931 0.963654 
3932 0.963654 
3933 0.963654 
3934 0.963654 
3935 0.963654 
3936 0.963654 
3937 0.963654 
3938 0.963654 
3939 0.963654 
3940 0.963654 
3941 0.963760 
3942 0.963760 
3943 0.963760 
3944 0.963760 
3945 0.963760 
3946 0.963760 
3947 0.963760 
3948 0.963760 
3949 0.963760 
3950 0.963760 
3951 0.961688 
3952 0.961688 
3953 0.961688 
3954 0.961688 
3955 0.961688 
3956 0.961688 
3957 0.961688 
3958 0.961688 
3959 0.961688 
3960 0.961688 
3961 0.961759 
3962 0.961759 
3963 0.961759 
3964 0.961759 
3965 0.961759 
3966 0.961759 
3967 0.961759 
3968 0.961759 
3969 0.961759 
3970 0.961759 
3971 0.961877 
3972 0.961877 
3973 0.961877 
3974 0.961877 
3975 0.961877 
3976 0.961877 
3977 0.961877 
3978 0.961877 
3979 0.961877 
3980 0.961877 
3981 0.962253 
3982 0.962253 
3983 0.962253 
3984 0.962253 
3985 0.962253 
3986 0.962253 
3987 0.962253 
3988 0.962253 
3989 0.962253 
3990 0.962253 
3991 0.961877 
3992 0.961877 
3993 0.961877 
3994 0.961877 
3995 0.961877 
3996 0.961877 
3997 0.961877 
3998 0.961877 
3999 0.961877 
4000 0.961877 
4001 0.962116 
4002 0.962116 
4003 0.962116 
4004 0.962116 
4005 0.962116 
4006 0.962116 
4007 0.962116 
4008 0.962116 
4009 0.962116 
4010 0.962116 
4011 0.962332 
4012 0.962332 
4013 0.962332 
4014 0.962332 
4015 0.962332 
4016 0.962332 
4017 0.962332 
4018 0.962332 
4019 0.962332 
4020 0.962332 
4021 0.962406 
4022 0.962406 
4023 0.962406 
4024 0.962406 
4025 0.962406 
4026 0.962406 
4027 0.962406 
4028 0.962406 
4029 0.962406 
4030 0.962406 
4031 0.962308 
4032 0.962308 
4033 0.962308 
4034 0.962308 
4035 0.962308 
4036 0.962308 
4037 0.962308 
4038 0.962308 
4039 0.962308 
4040 0.962308 
4041 0.962179 
4042 0.962179 
4043 0.962179 
4044 0.962179 
4045 0.962179 
4046 0.962179 
4047 0.962179 
4048 0.962179 
4049 0.962179 
4050 0.962179 
4051 0.961135 
4052 0.961135 
4053 0.961135 
4054 0.961135 
4055 0.961135 
4056 0.961135 
4057 0.961135 
4058 0.961135 
4059 0.961135 
4060 0.961135 
4061 0.961394 
4062 0.961394 
4063 0.961394 
4064 0.961394 
4065 0.961394 
4066 0.961394 
4067 0.961394 
4068 0.961394 
4069 0.961394 
4070 0.961394 
4071 0.960334 
4072 0.960334 
4073 0.960334 
4074 0.960334 
4075 0.960334 
4076 0.960334 
4077 0.960334 
4078 0.960334 
4079 0.960334 
4080 0.960334 
4081 0.960868 
4082 0.960868 
4083 0.960868 
4084 0.960868 
4085 0.960868 
4086 0.960868 
4087 0.960868 
4088 0.960868 
4089 0.960868 
4090 0.960868 
4091 0.961221 
4092 0.961221 
4093 0.961221 
4094 0.961221 
4095 0.961221 
4096 0.961221 
4097 0.961221 
4098 0.961221 
4099 0.961221 
4100 0.961221 
4101 0.964133 
4102 0.964133 
4103 0.964133 
4104 0.964133 
4105 0.964133 
4106 0.964133 
4107 0.964133 
4108 0.964133 
4109 0.964133 
4110 0.964133 
4111 0.963285 
4112 0.963285 
4113 0.963285 
4114 0.963285 
4115 0.963285 
4116 0.963285 
4117 0.963285 
4118 0.963285 
4119 0.963285 
4120 0.963285 
4121 0.964297 
4122 0.964297 
4123 0.964297 
4124 0.964297 
4125 0.964297 
4126 0.964297 
4127 0.964297 
4128 0.964297 
4129 0.964297 
4130 0.964297 
4131 0.963740 
4132 0.963740 
4133 0.963740 
4134 0.963740 
4135 0.963740 
4136 0.963740 
4137 0.963740 
4138 0.963740 
4139 0.963740 
4140 0.963740 
4141 0.964521 
4142 0.964521 
4143 0.964521 
4144 0.964521 
4145 0.964521 
4146 0.964521 
4147 0.964521 
4148 0.964521 
4149 0.964521 
4150 0.964521 
4151 0.966091 
4152 0.966091 
4153 0.966091 
4154 0.966091 
4155 0.966091 
4156 0.966091 
4157 0.966091 
4158 0.966091 
4159 0.966091 
4160 0.966091 
4161 0.965306 
4162 0.965306 
4163 0.965306 
4164 0.965306 
4165 0.965306 
4166 0.965306 
4167 0.965306 
4168 0.965306 
4169 0.965306 
4170 0.965306 
4171 0.964847 
4172 0.964847 
4173 0.964847 
4174 0.964847 
4175 0.964847 
4176 0.964847 
4177 0.964847 
4178 0.964847 
4179 0.964847 
4180 0.964847 
4181 0.963937 
4182 0.963937 
4183 0.963937 
4184 0.963937 
4185 0.963937 
4186 0.963937 
4187 0.963937 
4188 0.963937 
4189 0.963937 
4190 0.963937 
4191 0.966126 
4192 0.966126 
4193 0.966126 
4194 0.966126 
4195 0.966126 
4196 0.966126 
4197 0.966126 
4198 0.966126 
4199 0.966126 
4200 0.966126 
4201 0.971082 
4202 0.971082 
4203 0.971082 
4204 0.971082 
4205 0.971082 
4206 0.971082 
4207 0.971082 
4208 0.971082 
4209 0.971082 
4210 0.971082 
4211 0.973267 
4212 0.973267 
4213 0.973267 
4214 0.973267 
4215 0.973267 
4216 0.973267 
4217 0.973267 
4218 0.973267 
4219 0.973267 
4220 0.973267 
4221 0.974790 
4222 0.974790 
4223 0.974790 
4224 0.974790 
4225 0.974790 
4226 0.974790 
4227 0.974790 
4228 0.974790 
4229 0.974790 
4230 0.974790 
4231 0.974762 
4232 0.974762 
4233 0.974762 
4234 0.974762 
4235 0.974762 
4236 0.974762 
4237 0.974762 
4238 0.974762 
4239 0.974762 
4240 0.974762 
4241 0.977442 
4242 0.977442 
4243 0.977442 
4244 0.977442 
4245 0.977442 
4246 0.977442 
4247 0.977442 
4248 0.977442 
4249 0.977442 
4250 0.977442 
4251 0.975229 
4252 0.975229 
4253 0.975229 
4254 0.975229 
4255 0.975229 
4256 0.975229 
4257 0.975229 
4258 0.975229 
4259 0.975229 
4260 0.975229 
4261 0.978564 
4262 0.978564 
4263 0.978564 
4264 0.978564 
4265 0.978564 
4266 0.978564 
4267 0.978564 
4268 0.978564 
4269 0.978564 
4270 0.978564 
4271 0.982406 
4272 0.982406 
4273 0.982406 
4274 0.982406 
4275 0.982406 
4276 0.982406 
4277 0.982406 
4278 0.982406 
4279 0.982406 
4280 0.982406 
4281 0.984493 
4282 0.984493 
4283 0.984493 
4284 0.984493 
4285 0.984493 
4286 0.984493 
4287 0.984493 
4288 0.984493 
4289 0.984493 
4290 0.984493 
4291 0.985082 
4292 0.985082 
4293 0.985082 
4294 0.985082 
4295 0.985082 
4296 0.985082 
4297 0.985082 
4298 0.985082 
4299 0.985082 
4300 0.985082 
4301 0.987966 
4302 0.987966 
4303 0.987966 
4304 0.987966 
4305 0.987966 
4306 0.987966 
4307 0.987966 
4308 0.987966 
4309 0.987966 
4310 0.987966 
4311 0.989637 
4312 0.989637 
4313 0.989637 
4314 0.989637 
4315 0.989637 
4316 0.989637 
4317 0.989637 
4318 0.989637 
4319 0.989637 
4320 0.989637 
4321 0.989943 
4322 0.989943 
4323 0.989943 
4324 0.989943 
4325 0.989943 
4326 0.989943 
4327 0.989943 
4328 0.989943 
4329 0.989943 
4330 0.989943 
4331 0.988562 
4332 0.988562 
4333 0.988562 
4334 0.988562 
4335 0.988562 
4336 0.988562 
4337 0.988562 
4338 0.988562 
4339 0.988562 
4340 0.988562 
4341 0.988166 
4342 0.988166 
4343 0.988166 
4344 0.988166 
4345 0.988166 
4346 0.988166 
4347 0.988166 
4348 0.988166 
4349 0.988166 
4350 0.988166 
4351 0.987087 
4352 0.987087 
4353 0.987087 
4354 0.987087 
4355 0.987087 
4356 0.987087 
4357 0.987087 
4358 0.987087 
4359 0.987087 
4360 0.987087 
4361 0.988280 
4362 0.988280 
4363 0.988280 
4364 0.988280 
4365 0.988280 
4366 0.988280 
4367 0.988280 
4368 0.988280 
4369 0.988280 
4370 0.988280 
4371 0.985914 
4372 0.985914 
4373 0.985914 
4374 0.985914 
4375 0.985914 
4376 0.985914 
4377 0.985914 
4378 0.985914 
4379 0.985914 
4380 0.985914 
4381 0.981664 
4382 0.981664 
4383 0.981664 
4384 0.981664 
4385 0.981664 
4386 0.981664 
4387 0.981664 
4388 0.981664 
4389 0.981664 
4390 0.981664 
4391 0.971447 
4392 0.971447 
4393 0.971447 
4394 0.971447 
4395 0.971447 
4396 0.971447 
4397 0.971447 
4398 0.971447 
4399 0.971447 
4400 0.971447 
4401 0.908623 
4402 0.908623 
4403 0.908623 
4404 0.908623 
4405 0.908623 
4406 0.908623 
4407 0.908623 
4408 0.908623 
4409 0.908623 
4410 0.908623 
4411 0.827169 
4412 0.827169 
4413 0.827169 
4414 0.827169 
4415 0.827169 
4416 0.827169 
4417 0.827169 
4418 0.827169 
4419 0.827169 
4420 0.827169 
4421 0.983630 
4422 0.983630 
4423 0.983630 
4424 0.983630 
4425 0.983630 
4426 0.983630 
4427 0.983630 
4428 0.983630 
4429 0.983630 
4430 0.983630 
4431 0.981260 
4432 0.981260 
4433 0.981260 
4434 0.981260 
4435 0.981260 
4436 0.981260 
4437 0.981260 
4438 0.981260 
4439 0.981260 
4440 0.981260 
4441 0.979059 
4442 0.979059 
4443 0.979059 
4444 0.979059 
4445 0.979059 
4446 0.979059 
4447 0.979059 
4448 0.979059 
4449 0.979059 
4450 0.979059 
4451 0.971604 
4452 0.971604 
4453 0.971604 
4454 0.971604 
4455 0.971604 
4456 0.971604 
4457 0.971604 
4458 0.971604 
4459 0.971604 
4460 0.971604 
4461 0.961064 
4462 0.961064 
4463 0.961064 
4464 0.961064 
4465 0.961064 
4466 0.961064 
4467 0.961064 
4468 0.961064 
4469 0.961064 
4470 0.961064 
4471 0.960794 
4472 0.960794 
4473 0.960794 
4474 0.960794 
4475 0.960794 
4476 0.960794 
4477 0.960794 
4478 0.960794 
4479 0.960794 
4480 0.960794 
4481 0.972314 
4482 0.972314 
4483 0.972314 
4484 0.972314 
4485 0.972314 
4486 0.972314 
4487 0.972314 
4488 0.972314 
4489 0.972314 
4490 0.972314 
4491 0.923663 
4492 0.923663 
4493 0.923663 
4494 0.923663 
4495 0.923663 
4496 0.923663 
4497 0.923663 
4498 0.923663 
4499 0.923663 
4500 0.923663 
4501 0.948681 
4502 0.948681 
4503 0.948681 
4504 0.948681 
4505 0.948681 
4506 0.948681 
4507 0.948681 
4508 0.948681 
4509 0.948681 
4510 0.948681 
4511 0.980004 
4512 0.980004 
4513 0.980004 
4514 0.980004 
4515 0.980004 
4516 0.980004 
4517 0.980004 
4518 0.980004 
4519 0.980004 
4520 0.980004 
4521 0.982135 
4522 0.982135 
4523 0.982135 
4524 0.982135 
4525 0.982135 
4526 0.982135 
4527 0.982135 
4528 0.982135 
4529 0.982135 
4530 0.982135 
4531 0.984842 
4532 0.984842 
4533 0.984842 
4534 0.984842 
4535 0.984842 
4536 0.984842 
4537 0.984842 
4538 0.984842 
4539 0.984842 
4540 0.984842 
4541 0.983206 
4542 0.983206 
4543 0.983206 
4544 0.983206 
4545 0.983206 
4546 0.983206 
4547 0.983206 
4548 0.983206 
4549 0.983206 
4550 0.983206 
4551 0.982367 
4552 0.982367 
4553 0.982367 
4554 0.982367 
4555 0.982367 
4556 0.982367 
4557 0.982367 
4558 0.982367 
4559 0.982367 
4560 0.982367 
4561 0.981558 
4562 0.981558 
4563 0.981558 
4564 0.981558 
4565 0.981558 
4566 0.981558 
4567 0.981558 
4568 0.981558 
4569 0.981558 
4570 0.981558 
4571 0.982461 
4572 0.982461 
4573 0.982461 
4574 0.982461 
4575 0.982461 
4576 0.982461 
4577 0.982461 
4578 0.982461 
4579 0.982461 
4580 0.982461 
4581 0.983591 
4582 0.983591 
4583 0.983591 
4584 0.983591 
4585 0.983591 
4586 0.983591 
4587 0.983591 
4588 0.983591 
4589 0.983591 
4590 0.983591 
4591 0.979930 
4592 0.979930 
4593 0.979930 
4594 0.979930 
4595 0.979930 
4596 0.979930 
4597 0.979930 
4598 0.979930 
4599 0.979930 
4600 0.979930 
4601 0.978945 
4602 0.978945 
4603 0.978945 
4604 0.978945 
4605 0.978945 
4606 0.978945 
4607 0.978945 
4608 0.978945 
4609 0.978945 
4610 0.978945 
4611 0.976916 
4612 0.976916 
4613 0.976916 
4614 0.976916 
4615 0.976916 
4616 0.976916 
4617 0.976916 
4618 0.976916 
4619 0.976916 
4620 0.976916 
4621 0.981099 
4622 0.981099 
4623 0.981099 
4624 0.981099 
4625 0.981099 
4626 0.981099 
4627 0.981099 
4628 0.981099 
4629 0.981099 
4630 0.981099 
4631 0.982092 
4632 0.982092 
4633 0.982092 
4634 0.982092 
4635 0.982092 
4636 0.982092 
4637 0.982092 
4638 0.982092 
4639 0.982092 
4640 0.982092 
4641 0.980499 
4642 0.980499 
4643 0.980499 
4644 0.980499 
4645 0.980499 
4646 0.980499 
4647 0.980499 
4648 0.980499 
4649 0.980499 
4650 0.980499 
4651 0.981586 
4652 0.981586 
4653 0.981586 
4654 0.981586 
4655 0.981586 
4656 0.981586 
4657 0.981586 
4658 0.981586 
4659 0.981586 
4660 0.981586 
4661 0.985125 
4662 0.985125 
4663 0.985125 
4664 0.985125 
4665 0.985125 
4666 0.985125 
4667 0.985125 
4668 0.985125 
4669 0.985125 
4670 0.985125 
4671 0.988331 
4672 0.988331 
4673 0.988331 
4674 0.988331 
4675 0.988331 
4676 0.988331 
4677 0.988331 
4678 0.988331 
4679 0.988331 
4680 0.988331 
4681 0.978914 
4682 0.978914 
4683 0.978914 
4684 0.978914 
4685 0.978914 
4686 0.978914 
4687 0.978914 
4688 0.978914 
4689 0.978914 
4690 0.978914 
4691 0.964015 
4692 0.964015 
4693 0.964015 
4694 0.964015 
4695 0.964015 
4696 0.964015 
4697 0.964015 
4698 0.964015 
4699 0.964015 
4700 0.964015 
4701 0.960750 
4702 0.960750 
4703 0.960750 
4704 0.960750 
4705 0.960750 
4706 0.960750 
4707 0.960750 
4708 0.960750 
4709 0.960750 
4710 0.960750 
4711 0.975002 
4712 0.975002 
4713 0.975002 
4714 0.975002 
4715 0.975002 
4716 0.975002 
4717 0.975002 
4718 0.975002 
4719 0.975002 
4720 0.975002 
4721 0.989586 
4722 0.989586 
4723 0.989586 
4724 0.989586 
4725 0.989586 
4726 0.989586 
4727 0.989586 
4728 0.989586 
4729 0.989586 
4730 0.989586 
4731 0.981291 
4732 0.981291 
4733 0.981291 
4734 0.981291 
4735 0.981291 
4736 0.981291 
4737 0.981291 
4738 0.981291 
4739 0.981291 
4740 0.981291 
4741 0.985725 
4742 0.985725 
4743 0.985725 
4744 0.985725 
4745 0.985725 
4746 0.985725 
4747 0.985725 
4748 0.985725 
4749 0.985725 
4750 0.985725 
4751 0.937977 
4752 0.937977 
4753 0.937977 
4754 0.937977 
4755 0.937977 
4756 0.937977 
4757 0.937977 
4758 0.937977 
4759 0.937977 
4760 0.937977 
4761 0.340934 
4762 0.340934 
4763 0.340934 
4764 0.340934 
4765 0.340934 
4766 0.340934 
4767 0.340934 
4768 0.340934 
4769 0.340934 
4770 0.340934 
4771 0.161939 
4772 0.161939 
4773 0.161939 
4774 0.161939 
4775 0.161939 
4776 0.161939 
4777 0.161939 
4778 0.161939 
4779 0.161939 
4780 0.161939 
4781 0.085656 
4782 0.085656 
4783 0.085656 
4784 0.085656 
4785 0.085656 
4786 0.085656 
4787 0.085656 
4788 0.085656 
4789 0.085656 
4790 0.085656 
4791 0.066583 
4792 0.066583 
4793 0.066583 
4794 0.066583 
4795 0.066583 
4796 0.066583 
4797 0.066583 
4798 0.066583 
4799 0.066583 
4800 0.066583 
4801 0.059908 
4802 0.059908 
4803 0.059908 
4804 0.059908 
4805 0.059908 
4806 0.059908 
4807 0.059908 
4808 0.059908 
4809 0.059908 
4810 0.059908 
4811 0.060854 
4812 0.060854 
4813 0.060854 
4814 0.060854 
4815 0.060854 
4816 0.060854 
4817 0.060854 
4818 0.060854 
4819 0.060854 
4820 0.060854 
4821 0.090608 
4822 0.090608 
4823 0.090608 
4824 0.090608 
4825 0.090608 
4826 0.090608 
4827 0.090608 
4828 0.090608 
4829 0.090608 
4830 0.090608 
4831 0.093712 
4832 0.093712 
4833 0.093712 
4834 0.093712 
4835 0.093712 
4836 0.093712 
4837 0.093712 
4838 0.093712 
4839 0.093712 
4840 0.093712 
4841 0.101520 
4842 0.101520 
4843 0.101520 
4844 0.101520 
4845 0.101520 
4846 0.101520 
4847 0.101520 
4848 0.101520 
4849 0.101520 
4850 0.101520 
4851 0.113307 
4852 0.113307 
4853 0.113307 
4854 0.113307 
4855 0.113307 
4856 0.113307 
4857 0.113307 
4858 0.113307 
4859 0.113307 
4860 0.113307 
4861 0.105334 
4862 0.105334 
4863 0.105334 
4864 0.105334 
4865 0.105334 
4866 0.105334 
4867 0.105334 
4868 0.105334 
4869 0.105334 
4870 0.105334 
4871 0.113994 
4872 0.113994 
4873 0.113994 
4874 0.113994 
4875 0.113994 
4876 0.113994 
4877 0.113994 
4878 0.113994 
4879 0.113994 
4880 0.113994 
4881 0.123254 
4882 0.123254 
4883 0.123254 
4884 0.123254 
4885 0.123254 
4886 0.123254 
4887 0.123254 
4888 0.123254 
4889 0.123254 
4890 0.123254 
4891 0.108657 
4892 0.108657 
4893 0.108657 
4894 0.108657 
4895 0.108657 
4896 0.108657 
4897 0.108657 
4898 0.108657 
4899 0.108657 
4900 0.108657 
4901 0.119777 
4902 0.119777 
4903 0.119777 
4904 0.119777 
4905 0.119777 
4906 0.119777 
4907 0.119777 
4908 0.119777 
4909 0.119777 
4910 0.119777 
4911 0.099146 
4912 0.099146 
4913 0.099146 
4914 0.099146 
4915 0.099146 
4916 0.099146 
4917 0.099146 
4918 0.099146 
4919 0.099146 
4920 0.099146 
4921 0.196291 
4922 0.196291 
4923 0.196291 
4924 0.196291 
4925 0.196291 
4926 0.196291 
4927 0.196291 
4928 0.196291 
4929 0.196291 
4930 0.196291 
4931 0.286315 
4932 0.286315 
4933 0.286315 
4934 0.286315 
4935 0.286315 
4936 0.286315 
4937 0.286315 
4938 0.286315 
4939 0.286315 
4940 0.286315 
4941 0.609069 
4942 0.609069 
4943 0.609069 
4944 0.609069 
4945 0.609069 
4946 0.609069 
4947 0.609069 
4948 0.609069 
4949 0.609069 
4950 0.609069 
4951 0.731068 
4952 0.731068 
4953 0.731068 
4954 0.731068 
4955 0.731068 
4956 0.731068 
4957 0.731068 
4958 0.731068 
4959 0.731068 
4960 0.731068 
4961 0.177810 
4962 0.177810 
4963 0.177810 
4964 0.177810 
4965 0.177810 
4966 0.177810 
4967 0.177810 
4968 0.177810 
4969 0.177810 
4970 0.177810 
4971 0.201149 
4972 0.201149 
4973 0.201149 
4974 0.201149 
4975 0.201149 
4976 0.201149 
4977 0.201149 
4978 0.201149 
4979 0.201149 
4980 0.201149 
4981 0.328232 
4982 0.328232 
4983 0.328232 
4984 0.328232 
4985 0.328232 
4986 0.328232 
4987 0.328232 
4988 0.328232 
4989 0.328232 
4990 0.328232 
4991 0.296191 
4992 0.296191 
4993 0.296191 
4994 0.296191 
4995 0.296191 
4996 0.296191 
4997 0.296191 
4998 0.296191 
4999 0.296191 
5000 0.296191 
5001 0.199779 
5002 0.199779 
5003 0.199779 
5004 0.199779 
5005 0.199779 
5006 0.199779 
5007 0.199779 
5008 0.199779 
5009 0.199779 
5010 0.199779 
5011 0.125345 
5012 0.125345 
5013 0.125345 
5014 0.125345 
5015 0.125345 
5016 0.125345 
5017 0.125345 
5018 0.125345 
5019 0.125345 
5020 0.125345 
5021 0.122571 
5022 0.122571 
5023 0.122571 
5024 0.122571 
5025 0.122571 
5026 0.122571 
5027 0.122571 
5028 0.122571 
5029 0.122571 
5030 0.122571 
5031 0.130984 
5032 0.130984 
5033 0.130984 
5034 0.130984 
5035 0.130984 
5036 0.130984 
5037 0.130984 
5038 0.130984 
5039 0.130984 
5040 0.130984 
5041 0.117302 
5042 0.117302 
5043 0.117302 
5044 0.117302 
5045 0.117302 
5046 0.117302 
5047 0.117302 
5048 0.117302 
5049 0.117302 
5050 0.117302 
5051 0.132828 
5052 0.132828 
5053 0.132828 
5054 0.132828 
5055 0.132828 
5056 0.132828 
5057 0.132828 
5058 0.132828 
5059 0.132828 
5060 0.132828 
5061 0.282987 
5062 0.282987 
5063 0.282987 
5064 0.282987 
5065 0.282987 
5066 0.282987 
5067 0.282987 
5068 0.282987 
5069 0.282987 
5070 0.282987 
5071 0.527902 
5072 0.527902 
5073 0.527902 
5074 0.527902 
5075 0.527902 
5076 0.527902 
5077 0.527902 
5078 0.527902 
5079 0.527902 
5080 0.527902 
5081 0.676107 
5082 0.676107 
5083 0.676107 
5084 0.676107 
5085 0.676107 
5086 0.676107 
5087 0.676107 
5088 0.676107 
5089 0.676107 
5090 0.676107 
5091 0.352411 
5092 0.352411 
5093 0.352411 
5094 0.352411 
5095 0.352411 
5096 0.352411 
5097 0.352411 
5098 0.352411 
5099 0.352411 
5100 0.352411 
5101 0.302955 
5102 0.302955 
5103 0.302955 
5104 0.302955 
5105 0.302955 
5106 0.302955 
5107 0.302955 
5108 0.302955 
5109 0.302955 
5110 0.302955 
5111 0.371217 
5112 0.371217 
5113 0.371217 
5114 0.371217 
5115 0.371217 
5116 0.371217 
5117 0.371217 
5118 0.371217 
5119 0.371217 
5120 0.371217 
5121 0.329637 
5122 0.329637 
5123 0.329637 
5124 0.329637 
5125 0.329637 
5126 0.329637 
5127 0.329637 
5128 0.329637 
5129 0.329637 
5130 0.329637 
5131 0.345819 
5132 0.345819 
5133 0.345819 
5134 0.345819 
5135 0.345819 
5136 0.345819 
5137 0.345819 
5138 0.345819 
5139 0.345819 
5140 0.345819 
5141 0.428481 
5142 0.428481 
5143 0.428481 
5144 0.428481 
5145 0.428481 
5146 0.428481 
5147 0.428481 
5148 0.428481 
5149 0.428481 
5150 0.428481 
5151 0.427590 
5152 0.427590 
5153 0.427590 
5154 0.427590 
5155 0.427590 
5156 0.427590 
5157 0.427590 
5158 0.427590 
5159 0.427590 
5160 0.427590 
5161 0.405896 
5162 0.405896 
5163 0.405896 
5164 0.405896 
5165 0.405896 
5166 0.405896 
5167 0.405896 
5168 0.405896 
5169 0.405896 
5170 0.405896 
5171 0.410342 
5172 0.410342 
5173 0.410342 
5174 0.410342 
5175 0.410342 
5176 0.410342 
5177 0.410342 
5178 0.410342 
5179 0.410342 
5180 0.410342 
5181 0.418519 
5182 0.418519 
5183 0.418519 
5184 0.418519 
5185 0.418519 
5186 0.418519 
5187 0.418519 
5188 0.418519 
5189 0.418519 
5190 0.418519 
5191 0.362267 
5192 0.362267 
5193 0.362267 
5194 0.362267 
5195 0.362267 
5196 0.362267 
5197 0.362267 
5198 0.362267 
5199 0.362267 
5200 0.362267 
5201 0.336747 
5202 0.336747 
5203 0.336747 
5204 0.336747 
5205 0.336747 
5206 0.336747 
5207 0.336747 
5208 0.336747 
5209 0.336747 
5210 0.336747 
5211 0.348208 
5212 0.348208 
5213 0.348208 
5214 0.348208 
5215 0.348208 
5216 0.348208 
5217 0.348208 
5218 0.348208 
5219 0.348208 
5220 0.348208 
5221 0.030747 
5222 0.030747 
5223 0.030747 
5224 0.030747 
5225 0.030747 
5226 0.030747 
5227 0.030747 
5228 0.030747 
5229 0.030747 
5230 0.030747 
5231 0.171489 
5232 0.171489 
5233 0.171489 
5234 0.171489 
5235 0.171489 
5236 0.171489 
5237 0.171489 
5238 0.171489 
5239 0.171489 
5240 0.171489 
5241 0.247642 
5242 0.247642 
5243 0.247642 
5244 0.247642 
5245 0.247642 
5246 0.247642 
5247 0.247642 
5248 0.247642 
5249 0.247642 
5250 0.247642 
5251 0.357865 
5252 0.357865 
5253 0.357865 
5254 0.357865 
5255 0.357865 
5256 0.357865 
5257 0.357865 
5258 0.357865 
5259 0.357865 
5260 0.357865 
5261 0.419967 
5262 0.419967 
5263 0.419967 
5264 0.419967 
5265 0.419967 
5266 0.419967 
5267 0.419967 
5268 0.419967 
5269 0.419967 
5270 0.419967 
5271 0.222922 
5272 0.222922 
5273 0.222922 
5274 0.222922 
5275 0.222922 
5276 0.222922 
5277 0.222922 
5278 0.222922 
5279 0.222922 
5280 0.222922 
5281 0.236098 
5282 0.236098 
5283 0.236098 
5284 0.236098 
5285 0.236098 
5286 0.236098 
5287 0.236098 
5288 0.236098 
5289 0.236098 
5290 0.236098 
5291 0.281339 
5292 0.281339 
5293 0.281339 
5294 0.281339 
5295 0.281339 
5296 0.281339 
5297 0.281339 
5298 0.281339 
5299 0.281339 
5300 0.281339 
5301 0.558441 
5302 0.558441 
5303 0.558441 
5304 0.558441 
5305 0.558441 
5306 0.558441 
5307 0.558441 
5308 0.558441 
5309 0.558441 
5310 0.558441 
5311 0.800417 
5312 0.800417 
5313 0.800417 
5314 0.800417 
5315 0.800417 
5316 0.800417 
5317 0.800417 
5318 0.800417 
5319 0.800417 
5320 0.800417 
5321 0.914842 
5322 0.914842 
5323 0.914842 
5324 0.914842 
5325 0.914842 
5326 0.914842 
5327 0.914842 
5328 0.914842 
5329 0.914842 
5330 0.914842 
5331 0.930781 
5332 0.930781 
5333 0.930781 
5334 0.930781 
5335 0.930781 
5336 0.930781 
5337 0.930781 
5338 0.930781 
5339 0.930781 
5340 0.930781 
5341 0.938918 
5342 0.938918 
5343 0.938918 
5344 0.938918 
5345 0.938918 
5346 0.938918 
5347 0.938918 
5348 0.938918 
5349 0.938918 
5350 0.938918 
5351 0.902196 
5352 0.902196 
5353 0.902196 
5354 0.902196 
5355 0.902196 
5356 0.902196 
5357 0.902196 
5358 0.902196 
5359 0.902196 
5360 0.902196 
5361 0.922156 
5362 0.922156 
5363 0.922156 
5364 0.922156 
5365 0.922156 
5366 0.922156 
5367 0.922156 
5368 0.922156 
5369 0.922156 
5370 0.922156 
5371 0.644795 
5372 0.644795 
5373 0.644795 
5374 0.644795 
5375 0.644795 
5376 0.644795 
5377 0.644795 
5378 0.644795 
5379 0.644795 
5380 0.644795 
5381 0.590800 
5382 0.590800 
5383 0.590800 
5384 0.590800 
5385 0.590800 
5386 0.590800 
5387 0.590800 
5388 0.590800 
5389 0.590800 
5390 0.590800 
5391 0.563652 
5392 0.563652 
5393 0.563652 
5394 0.563652 
5395 0.563652 
5396 0.563652 
5397 0.563652 
5398 0.563652 
5399 0.563652 
5400 0.563652 
5401 0.596305 
5402 0.596305 
5403 0.596305 
5404 0.596305 
5405 0.596305 
5406 0.596305 
5407 0.596305 
5408 0.596305 
5409 0.596305 
5410 0.596305 
5411 0.575042 
5412 0.575042 
5413 0.575042 
5414 0.575042 
5415 0.575042 
5416 0.575042 
5417 0.575042 
5418 0.575042 
5419 0.575042 
5420 0.575042 
5421 0.598036 
5422 0.598036 
5423 0.598036 
5424 0.598036 
5425 0.598036 
5426 0.598036 
5427 0.598036 
5428 0.598036 
5429 0.598036 
5430 0.598036 
5431 0.647114 
5432 0.647114 
5433 0.647114 
5434 0.647114 
5435 0.647114 
5436 0.647114 
5437 0.647114 
5438 0.647114 
5439 0.647114 
5440 0.647114 
5441 0.693611 
5442 0.693611 
5443 0.693611 
5444 0.693611 
5445 0.693611 
5446 0.693611 
5447 0.693611 
5448 0.693611 
5449 0.693611 
5450 0.693611 
5451 0.723440 
5452 0.723440 
5453 0.723440 
5454 0.723440 
5455 0.723440 
5456 0.723440 
5457 0.723440 
5458 0.723440 
5459 0.723440 
5460 0.723440 
5461 0.733920 
5462 0.733920 
5463 0.733920 
5464 0.733920 
5465 0.733920 
5466 0.733920 
5467 0.733920 
5468 0.733920 
5469 0.733920 
5470 0.733920 
5471 0.836822 
5472 0.836822 
5473 0.836822 
5474 0.836822 
5475 0.836822 
5476 0.836822 
5477 0.836822 
5478 0.836822 
5479 0.836822 
5480 0.836822 
5481 0.836174 
5482 0.836174 
5483 0.836174 
5484 0.836174 
5485 0.836174 
5486 0.836174 
5487 0.836174 
5488 0.836174 
5489 0.836174 
5490 0.836174 
5491 0.847019 
5492 0.847019 
5493 0.847019 
5494 0.847019 
5495 0.847019 
5496 0.847019 
5497 0.847019 
5498 0.847019 
5499 0.847019 
5500 0.847019 
5501 0.973589 
5502 0.973589 
5503 0.973589 
5504 0.973589 
5505 0.973589 
5506 0.973589 
5507 0.973589 
5508 0.973589 
5509 0.973589 
5510 0.973589 
5511 0.980679 
5512 0.980679 
5513 0.980679 
5514 0.980679 
5515 0.980679 
5516 0.980679 
5517 0.980679 
5518 0.980679 
5519 0.980679 
5520 0.980679 
5521 0.981743 
5522 0.981743 
5523 0.981743 
5524 0.981743 
5525 0.981743 
5526 0.981743 
5527 0.981743 
5528 0.981743 
5529 0.981743 
5530 0.981743 
5531 0.980644 
5532 0.980644 
5533 0.980644 
5534 0.980644 
5535 0.980644 
5536 0.980644 
5537 0.980644 
5538 0.980644 
5539 0.980644 
5540 0.980644 
5541 0.978706 
5542 0.978706 
5543 0.978706 
5544 0.978706 
5545 0.978706 
5546 0.978706 
5547 0.978706 
5548 0.978706 
5549 0.978706 
5550 0.978706 
5551 0.978050 
5552 0.978050 
5553 0.978050 
5554 0.978050 
5555 0.978050 
5556 0.978050 
5557 0.978050 
5558 0.978050 
5559 0.978050 
5560 0.978050 
5561 0.976865 
5562 0.976865 
5563 0.976865 
5564 0.976865 
5565 0.976865 
5566 0.976865 
5567 0.976865 
5568 0.976865 
5569 0.976865 
5570 0.976865 
5571 0.973165 
5572 0.973165 
5573 0.973165 
5574 0.973165 
5575 0.973165 
5576 0.973165 
5577 0.973165 
5578 0.973165 
5579 0.973165 
5580 0.973165 
5581 0.971921 
5582 0.971921 
5583 0.971921 
5584 0.971921 
5585 0.971921 
5586 0.971921 
5587 0.971921 
5588 0.971921 
5589 0.971921 
5590 0.971921 
5591 0.972012 
5592 0.972012 
5593 0.972012 
5594 0.972012 
5595 0.972012 
5596 0.972012 
5597 0.972012 
5598 0.972012 
5599 0.972012 
5600 0.972012 
5601 0.972377 
5602 0.972377 
5603 0.972377 
5604 0.972377 
5605 0.972377 
5606 0.972377 
5607 0.972377 
5608 0.972377 
5609 0.972377 
5610 0.972377 
5611 0.971137 
5612 0.971137 
5613 0.971137 
5614 0.971137 
5615 0.971137 
5616 0.971137 
5617 0.971137 
5618 0.971137 
5619 0.971137 
5620 0.971137 
5621 0.968378 
5622 0.968378 
5623 0.968378 
5624 0.968378 
5625 0.968378 
5626 0.968378 
5627 0.968378 
5628 0.968378 
5629 0.968378 
5630 0.968378 
5631 0.968547 
5632 0.968547 
5633 0.968547 
5634 0.968547 
5635 0.968547 
5636 0.968547 
5637 0.968547 
5638 0.968547 
5639 0.968547 
5640 0.968547 
5641 0.970937 
5642 0.970937 
5643 0.970937 
5644 0.970937 
5645 0.970937 
5646 0.970937 
5647 0.970937 
5648 0.970937 
5649 0.970937 
5650 0.970937 
5651 0.970599 
5652 0.970599 
5653 0.970599 
5654 0.970599 
5655 0.970599 
5656 0.970599 
5657 0.970599 
5658 0.970599 
5659 0.970599 
5660 0.970599 
5661 0.971882 
5662 0.971882 
5663 0.971882 
5664 0.971882 
5665 0.971882 
5666 0.971882 
5667 0.971882 
5668 0.971882 
5669 0.971882 
5670 0.971882 
5671 0.973864 
5672 0.973864 
5673 0.973864 
5674 0.973864 
5675 0.973864 
5676 0.973864 
5677 0.973864 
5678 0.973864 
5679 0.973864 
5680 0.973864 
5681 0.973569 
5682 0.973569 
5683 0.973569 
5684 0.973569 
5685 0.973569 
5686 0.973569 
5687 0.973569 
5688 0.973569 
5689 0.973569 
5690 0.973569 
5691 0.973067 
5692 0.973067 
5693 0.973067 
5694 0.973067 
5695 0.973067 
5696 0.973067 
5697 0.973067 
5698 0.973067 
5699 0.973067 
5700 0.973067 
5701 0.973244 
5702 0.973244 
5703 0.973244 
5704 0.973244 
5705 0.973244 
5706 0.973244 
5707 0.973244 
5708 0.973244 
5709 0.973244 
5710 0.973244 
5711 0.974197 
5712 0.974197 
5713 0.974197 
5714 0.974197 
5715 0.974197 
5716 0.974197 
5717 0.974197 
5718 0.974197 
5719 0.974197 
5720 0.974197 
5721 0.973699 
5722 0.973699 
5723 0.973699 
5724 0.973699 
5725 0.973699 
5726 0.973699 
5727 0.973699 
5728 0.973699 
5729 0.973699 
5730 0.973699 
5731 0.973911 
5732 0.973911 
5733 0.973911 
5734 0.973911 
5735 0.973911 
5736 0.973911 
Time taken: 218.387261
