1 0.162516 
2 0.162516 
3 0.162516 
4 0.162516 
5 0.198564 
6 0.198564 
7 0.198564 
8 0.198564 
9 0.251299 
10 0.251299 
11 0.251299 
12 0.251299 
13 0.270992 
14 0.270992 
15 0.270992 
16 0.270992 
17 0.273692 
18 0.273692 
19 0.273692 
20 0.273692 
21 0.268921 
22 0.268921 
23 0.268921 
24 0.268921 
25 0.269569 
26 0.269569 
27 0.269569 
28 0.269569 
29 0.274691 
30 0.274691 
31 0.274691 
32 0.274691 
33 0.281322 
34 0.281322 
35 0.281322 
36 0.281322 
37 0.286613 
38 0.286613 
39 0.286613 
40 0.286613 
41 0.284828 
42 0.284828 
43 0.284828 
44 0.284828 
45 0.280410 
46 0.280410 
47 0.280410 
48 0.280410 
49 0.277674 
50 0.277674 
51 0.277674 
52 0.277674 
53 0.271149 
54 0.271149 
55 0.271149 
56 0.271149 
57 0.265984 
58 0.265984 
59 0.265984 
60 0.265984 
61 0.263520 
62 0.263520 
63 0.263520 
64 0.263520 
65 0.259896 
66 0.259896 
67 0.259896 
68 0.259896 
69 0.265980 
70 0.265980 
71 0.265980 
72 0.265980 
73 0.263374 
74 0.263374 
75 0.263374 
76 0.263374 
77 0.262305 
78 0.262305 
79 0.262305 
80 0.262305 
81 0.266499 
82 0.266499 
83 0.266499 
84 0.266499 
85 0.303255 
86 0.303255 
87 0.303255 
88 0.303255 
89 0.345904 
90 0.345904 
91 0.345904 
92 0.345904 
93 0.393855 
94 0.393855 
95 0.393855 
96 0.393855 
97 0.421232 
98 0.421232 
99 0.421232 
100 0.421232 
101 0.434640 
102 0.434640 
103 0.434640 
104 0.434640 
105 0.441487 
106 0.441487 
107 0.441487 
108 0.441487 
109 0.451275 
110 0.451275 
111 0.451275 
112 0.451275 
113 0.459879 
114 0.459879 
115 0.459879 
116 0.459879 
117 0.468287 
118 0.468287 
119 0.468287 
120 0.468287 
121 0.482190 
122 0.482190 
123 0.482190 
124 0.482190 
125 0.484560 
126 0.484560 
127 0.484560 
128 0.484560 
129 0.471884 
130 0.471884 
131 0.471884 
132 0.471884 
133 0.462921 
134 0.462921 
135 0.462921 
136 0.462921 
137 0.459545 
138 0.459545 
139 0.459545 
140 0.459545 
141 0.447301 
142 0.447301 
143 0.447301 
144 0.447301 
145 0.430505 
146 0.430505 
147 0.430505 
148 0.430505 
149 0.422966 
150 0.422966 
151 0.422966 
152 0.422966 
153 0.414373 
154 0.414373 
155 0.414373 
156 0.414373 
157 0.403241 
158 0.403241 
159 0.403241 
160 0.403241 
161 0.396406 
162 0.396406 
163 0.396406 
164 0.396406 
165 0.391685 
166 0.391685 
167 0.391685 
168 0.391685 
169 0.393521 
170 0.393521 
171 0.393521 
172 0.393521 
173 0.387683 
174 0.387683 
175 0.387683 
176 0.387683 
177 0.381280 
178 0.381280 
179 0.381280 
180 0.381280 
181 0.377927 
182 0.377927 
183 0.377927 
184 0.377927 
185 0.372078 
186 0.372078 
187 0.372078 
188 0.372078 
189 0.367998 
190 0.367998 
191 0.367998 
192 0.367998 
193 0.364551 
194 0.364551 
195 0.364551 
196 0.364551 
197 0.363230 
198 0.363230 
199 0.363230 
200 0.363230 
201 0.362503 
202 0.362503 
203 0.362503 
204 0.362503 
205 0.362488 
206 0.362488 
207 0.362488 
208 0.362488 
209 0.361996 
210 0.361996 
211 0.361996 
212 0.361996 
213 0.362134 
214 0.362134 
215 0.362134 
216 0.362134 
217 0.362975 
218 0.362975 
219 0.362975 
220 0.362975 
221 0.377012 
222 0.377012 
223 0.377012 
224 0.377012 
225 0.374197 
226 0.374197 
227 0.374197 
228 0.374197 
229 0.371556 
230 0.371556 
231 0.371556 
232 0.371556 
233 0.369068 
234 0.369068 
235 0.369068 
236 0.369068 
237 0.368081 
238 0.368081 
239 0.368081 
240 0.368081 
241 0.369040 
242 0.369040 
243 0.369040 
244 0.369040 
245 0.363800 
246 0.363800 
247 0.363800 
248 0.363800 
249 0.364940 
250 0.364940 
251 0.364940 
252 0.364940 
253 0.363317 
254 0.363317 
255 0.363317 
256 0.363317 
257 0.360703 
258 0.360703 
259 0.360703 
260 0.360703 
261 0.360550 
262 0.360550 
263 0.360550 
264 0.360550 
265 0.360487 
266 0.360487 
267 0.360487 
268 0.360487 
269 0.363160 
270 0.363160 
271 0.363160 
272 0.363160 
273 0.359838 
274 0.359838 
275 0.359838 
276 0.359838 
277 0.360035 
278 0.360035 
279 0.360035 
280 0.360035 
281 0.362888 
282 0.362888 
283 0.362888 
284 0.362888 
285 0.367275 
286 0.367275 
287 0.367275 
288 0.367275 
289 0.364225 
290 0.364225 
291 0.364225 
292 0.364225 
293 0.360864 
294 0.360864 
295 0.360864 
296 0.360864 
297 0.358608 
298 0.358608 
299 0.358608 
300 0.358608 
301 0.356187 
302 0.356187 
303 0.356187 
304 0.356187 
305 0.356249 
306 0.356249 
307 0.356249 
308 0.356249 
309 0.356587 
310 0.356587 
311 0.356587 
312 0.356587 
313 0.356874 
314 0.356874 
315 0.356874 
316 0.356874 
317 0.356709 
318 0.356709 
319 0.356709 
320 0.356709 
321 0.362771 
322 0.362771 
323 0.362771 
324 0.362771 
325 0.361206 
326 0.361206 
327 0.361206 
328 0.361206 
329 0.360766 
330 0.360766 
331 0.360766 
332 0.360766 
333 0.360782 
334 0.360782 
335 0.360782 
336 0.360782 
337 0.360058 
338 0.360058 
339 0.360058 
340 0.360058 
341 0.365801 
342 0.365801 
343 0.365801 
344 0.365801 
345 0.390973 
346 0.390973 
347 0.390973 
348 0.390973 
349 0.406016 
350 0.406016 
351 0.406016 
352 0.406016 
353 0.410961 
354 0.410961 
355 0.410961 
356 0.410961 
357 0.410383 
358 0.410383 
359 0.410383 
360 0.410383 
361 0.410065 
362 0.410065 
363 0.410065 
364 0.410065 
365 0.406052 
366 0.406052 
367 0.406052 
368 0.406052 
369 0.404770 
370 0.404770 
371 0.404770 
372 0.404770 
373 0.403139 
374 0.403139 
375 0.403139 
376 0.403139 
377 0.399016 
378 0.399016 
379 0.399016 
380 0.399016 
381 0.394063 
382 0.394063 
383 0.394063 
384 0.394063 
385 0.397384 
386 0.397384 
387 0.397384 
388 0.397384 
389 0.404090 
390 0.404090 
391 0.404090 
392 0.404090 
393 0.417109 
394 0.417109 
395 0.417109 
396 0.417109 
397 0.423587 
398 0.423587 
399 0.423587 
400 0.423587 
401 0.427227 
402 0.427227 
403 0.427227 
404 0.427227 
405 0.433272 
406 0.433272 
407 0.433272 
408 0.433272 
409 0.447320 
410 0.447320 
411 0.447320 
412 0.447320 
413 0.465017 
414 0.465017 
415 0.465017 
416 0.465017 
417 0.492182 
418 0.492182 
419 0.492182 
420 0.492182 
421 0.532377 
422 0.532377 
423 0.532377 
424 0.532377 
425 0.559008 
426 0.559008 
427 0.559008 
428 0.559008 
429 0.591928 
430 0.591928 
431 0.591928 
432 0.591928 
433 0.619219 
434 0.619219 
435 0.619219 
436 0.619219 
437 0.638951 
438 0.638951 
439 0.638951 
440 0.638951 
441 0.656117 
442 0.656117 
443 0.656117 
444 0.656117 
445 0.677456 
446 0.677456 
447 0.677456 
448 0.677456 
449 0.687032 
450 0.687032 
451 0.687032 
452 0.687032 
453 0.698399 
454 0.698399 
455 0.698399 
456 0.698399 
457 0.707185 
458 0.707185 
459 0.707185 
460 0.707185 
461 0.717475 
462 0.717475 
463 0.717475 
464 0.717475 
465 0.725317 
466 0.725317 
467 0.725317 
468 0.725317 
469 0.736016 
470 0.736016 
471 0.736016 
472 0.736016 
473 0.736700 
474 0.736700 
475 0.736700 
476 0.736700 
477 0.738524 
478 0.738524 
479 0.738524 
480 0.738524 
481 0.737176 
482 0.737176 
483 0.737176 
484 0.737176 
485 0.736755 
486 0.736755 
487 0.736755 
488 0.736755 
489 0.735073 
490 0.735073 
491 0.735073 
492 0.735073 
493 0.735470 
494 0.735470 
495 0.735470 
496 0.735470 
497 0.730596 
498 0.730596 
499 0.730596 
500 0.730596 
501 0.743642 
502 0.743642 
503 0.743642 
504 0.743642 
505 0.755053 
506 0.755053 
507 0.755053 
508 0.755053 
509 0.762152 
510 0.762152 
511 0.762152 
512 0.762152 
513 0.772336 
514 0.772336 
515 0.772336 
516 0.772336 
517 0.794313 
518 0.794313 
519 0.794313 
520 0.794313 
521 0.839387 
522 0.839387 
523 0.839387 
524 0.839387 
525 0.880093 
526 0.880093 
527 0.880093 
528 0.880093 
529 0.899943 
530 0.899943 
531 0.899943 
532 0.899943 
533 0.913685 
534 0.913685 
535 0.913685 
536 0.913685 
537 0.919239 
538 0.919239 
539 0.919239 
540 0.919239 
541 0.922286 
542 0.922286 
543 0.922286 
544 0.922286 
545 0.950496 
546 0.950496 
547 0.950496 
548 0.950496 
549 0.950815 
550 0.950815 
551 0.950815 
552 0.950815 
553 0.951644 
554 0.951644 
555 0.951644 
556 0.951644 
557 0.951959 
558 0.951959 
559 0.951959 
560 0.951959 
561 0.951129 
562 0.951129 
563 0.951129 
564 0.951129 
565 0.950595 
566 0.950595 
567 0.950595 
568 0.950595 
569 0.941413 
570 0.941413 
571 0.941413 
572 0.941413 
573 0.942796 
574 0.942796 
575 0.942796 
576 0.942796 
577 0.943763 
578 0.943763 
579 0.943763 
580 0.943763 
581 0.945186 
582 0.945186 
583 0.945186 
584 0.945186 
585 0.946464 
586 0.946464 
587 0.946464 
588 0.946464 
589 0.949164 
590 0.949164 
591 0.949164 
592 0.949164 
593 0.951715 
594 0.951715 
595 0.951715 
596 0.951715 
597 0.966895 
598 0.966895 
599 0.966895 
600 0.966895 
601 0.970472 
602 0.970472 
603 0.970472 
604 0.970472 
605 0.972076 
606 0.972076 
607 0.972076 
608 0.972076 
609 0.974780 
610 0.974780 
611 0.974780 
612 0.974780 
613 0.975264 
614 0.975264 
615 0.975264 
616 0.975264 
617 0.974946 
618 0.974946 
619 0.974946 
620 0.974946 
621 0.978754 
622 0.978754 
623 0.978754 
624 0.978754 
625 0.978267 
626 0.978267 
627 0.978267 
628 0.978267 
629 0.978923 
630 0.978923 
631 0.978923 
632 0.978923 
633 0.979631 
634 0.979631 
635 0.979631 
636 0.979631 
637 0.980425 
638 0.980425 
639 0.980425 
640 0.980425 
641 0.981129 
642 0.981129 
643 0.981129 
644 0.981129 
645 0.980637 
646 0.980637 
647 0.980637 
648 0.980637 
649 0.980044 
650 0.980044 
651 0.980044 
652 0.980044 
653 0.980496 
654 0.980496 
655 0.980496 
656 0.980496 
657 0.979258 
658 0.979258 
659 0.979258 
660 0.979258 
661 0.978951 
662 0.978951 
663 0.978951 
664 0.978951 
665 0.979085 
666 0.979085 
667 0.979085 
668 0.979085 
669 0.979749 
670 0.979749 
671 0.979749 
672 0.979749 
673 0.979108 
674 0.979108 
675 0.979108 
676 0.979108 
677 0.978971 
678 0.978971 
679 0.978971 
680 0.978971 
681 0.979069 
682 0.979069 
683 0.979069 
684 0.979069 
685 0.979179 
686 0.979179 
687 0.979179 
688 0.979179 
689 0.978853 
690 0.978853 
691 0.978853 
692 0.978853 
693 0.978876 
694 0.978876 
695 0.978876 
696 0.978876 
697 0.978550 
698 0.978550 
699 0.978550 
700 0.978550 
701 0.978471 
702 0.978471 
703 0.978471 
704 0.978471 
705 0.978931 
706 0.978931 
707 0.978931 
708 0.978931 
709 0.978998 
710 0.978998 
711 0.978998 
712 0.978998 
713 0.979501 
714 0.979501 
715 0.979501 
716 0.979501 
717 0.979434 
718 0.979434 
719 0.979434 
720 0.979434 
721 0.979124 
722 0.979124 
723 0.979124 
724 0.979124 
725 0.978955 
726 0.978955 
727 0.978955 
728 0.978955 
729 0.978927 
730 0.978927 
731 0.978927 
732 0.978927 
733 0.978849 
734 0.978849 
735 0.978849 
736 0.978849 
737 0.978806 
738 0.978806 
739 0.978806 
740 0.978806 
741 0.978361 
742 0.978361 
743 0.978361 
744 0.978361 
745 0.978833 
746 0.978833 
747 0.978833 
748 0.978833 
749 0.978896 
750 0.978896 
751 0.978896 
752 0.978896 
753 0.978853 
754 0.978853 
755 0.978853 
756 0.978853 
757 0.978817 
758 0.978817 
759 0.978817 
760 0.978817 
761 0.978566 
762 0.978566 
763 0.978566 
764 0.978566 
765 0.978939 
766 0.978939 
767 0.978939 
768 0.978939 
769 0.979018 
770 0.979018 
771 0.979018 
772 0.979018 
773 0.979167 
774 0.979167 
775 0.979167 
776 0.979167 
777 0.979092 
778 0.979092 
779 0.979092 
780 0.979092 
781 0.978868 
782 0.978868 
783 0.978868 
784 0.978868 
785 0.979195 
786 0.979195 
787 0.979195 
788 0.979195 
789 0.978723 
790 0.978723 
791 0.978723 
792 0.978723 
793 0.978558 
794 0.978558 
795 0.978558 
796 0.978558 
797 0.978090 
798 0.978090 
799 0.978090 
800 0.978090 
801 0.976821 
802 0.976821 
803 0.976821 
804 0.976821 
805 0.976545 
806 0.976545 
807 0.976545 
808 0.976545 
809 0.976573 
810 0.976573 
811 0.976573 
812 0.976573 
813 0.976707 
814 0.976707 
815 0.976707 
816 0.976707 
817 0.976486 
818 0.976486 
819 0.976486 
820 0.976486 
821 0.975519 
822 0.975519 
823 0.975519 
824 0.975519 
825 0.975130 
826 0.975130 
827 0.975130 
828 0.975130 
829 0.975244 
830 0.975244 
831 0.975244 
832 0.975244 
833 0.975649 
834 0.975649 
835 0.975649 
836 0.975649 
837 0.975850 
838 0.975850 
839 0.975850 
840 0.975850 
841 0.976023 
842 0.976023 
843 0.976023 
844 0.976023 
845 0.976219 
846 0.976219 
847 0.976219 
848 0.976219 
849 0.975889 
850 0.975889 
851 0.975889 
852 0.975889 
853 0.976251 
854 0.976251 
855 0.976251 
856 0.976251 
857 0.975905 
858 0.975905 
859 0.975905 
860 0.975905 
861 0.975968 
862 0.975968 
863 0.975968 
864 0.975968 
865 0.976345 
866 0.976345 
867 0.976345 
868 0.976345 
869 0.975991 
870 0.975991 
871 0.975991 
872 0.975991 
873 0.976196 
874 0.976196 
875 0.976196 
876 0.976196 
877 0.976030 
878 0.976030 
879 0.976030 
880 0.976030 
881 0.976078 
882 0.976078 
883 0.976078 
884 0.976078 
885 0.976168 
886 0.976168 
887 0.976168 
888 0.976168 
889 0.976361 
890 0.976361 
891 0.976361 
892 0.976361 
893 0.976160 
894 0.976160 
895 0.976160 
896 0.976160 
897 0.976074 
898 0.976074 
899 0.976074 
900 0.976074 
901 0.976085 
902 0.976085 
903 0.976085 
904 0.976085 
905 0.975559 
906 0.975559 
907 0.975559 
908 0.975559 
909 0.975865 
910 0.975865 
911 0.975865 
912 0.975865 
913 0.975897 
914 0.975897 
915 0.975897 
916 0.975897 
917 0.975657 
918 0.975657 
919 0.975657 
920 0.975657 
921 0.976023 
922 0.976023 
923 0.976023 
924 0.976023 
925 0.975979 
926 0.975979 
927 0.975979 
928 0.975979 
929 0.976144 
930 0.976144 
931 0.976144 
932 0.976144 
933 0.975940 
934 0.975940 
935 0.975940 
936 0.975940 
937 0.975975 
938 0.975975 
939 0.975975 
940 0.975975 
941 0.976089 
942 0.976089 
943 0.976089 
944 0.976089 
945 0.976097 
946 0.976097 
947 0.976097 
948 0.976097 
949 0.976046 
950 0.976046 
951 0.976046 
952 0.976046 
953 0.976306 
954 0.976306 
955 0.976306 
956 0.976306 
957 0.976420 
958 0.976420 
959 0.976420 
960 0.976420 
961 0.976471 
962 0.976471 
963 0.976471 
964 0.976471 
965 0.976392 
966 0.976392 
967 0.976392 
968 0.976392 
969 0.976447 
970 0.976447 
971 0.976447 
972 0.976447 
973 0.976113 
974 0.976113 
975 0.976113 
976 0.976113 
977 0.975979 
978 0.975979 
979 0.975979 
980 0.975979 
981 0.975641 
982 0.975641 
983 0.975641 
984 0.975641 
985 0.975791 
986 0.975791 
987 0.975791 
988 0.975791 
989 0.976148 
990 0.976148 
991 0.976148 
992 0.976148 
993 0.976117 
994 0.976117 
995 0.976117 
996 0.976117 
997 0.976105 
998 0.976105 
999 0.976105 
1000 0.976105 
1001 0.976239 
1002 0.976239 
1003 0.976239 
1004 0.976239 
1005 0.976412 
1006 0.976412 
1007 0.976412 
1008 0.976412 
1009 0.976168 
1010 0.976168 
1011 0.976168 
1012 0.976168 
1013 0.975067 
1014 0.975067 
1015 0.975067 
1016 0.975067 
1017 0.975288 
1018 0.975288 
1019 0.975288 
1020 0.975288 
1021 0.975417 
1022 0.975417 
1023 0.975417 
1024 0.975417 
1025 0.975354 
1026 0.975354 
1027 0.975354 
1028 0.975354 
1029 0.975315 
1030 0.975315 
1031 0.975315 
1032 0.975315 
1033 0.975484 
1034 0.975484 
1035 0.975484 
1036 0.975484 
1037 0.976160 
1038 0.976160 
1039 0.976160 
1040 0.976160 
1041 0.976078 
1042 0.976078 
1043 0.976078 
1044 0.976078 
1045 0.976168 
1046 0.976168 
1047 0.976168 
1048 0.976168 
1049 0.975995 
1050 0.975995 
1051 0.975995 
1052 0.975995 
1053 0.976034 
1054 0.976034 
1055 0.976034 
1056 0.976034 
1057 0.976089 
1058 0.976089 
1059 0.976089 
1060 0.976089 
1061 0.975515 
1062 0.975515 
1063 0.975515 
1064 0.975515 
1065 0.975523 
1066 0.975523 
1067 0.975523 
1068 0.975523 
1069 0.975645 
1070 0.975645 
1071 0.975645 
1072 0.975645 
1073 0.975582 
1074 0.975582 
1075 0.975582 
1076 0.975582 
1077 0.975775 
1078 0.975775 
1079 0.975775 
1080 0.975775 
1081 0.975645 
1082 0.975645 
1083 0.975645 
1084 0.975645 
1085 0.976361 
1086 0.976361 
1087 0.976361 
1088 0.976361 
1089 0.976549 
1090 0.976549 
1091 0.976549 
1092 0.976549 
1093 0.976498 
1094 0.976498 
1095 0.976498 
1096 0.976498 
1097 0.976266 
1098 0.976266 
1099 0.976266 
1100 0.976266 
1101 0.976156 
1102 0.976156 
1103 0.976156 
1104 0.976156 
1105 0.976176 
1106 0.976176 
1107 0.976176 
1108 0.976176 
1109 0.976046 
1110 0.976046 
1111 0.976046 
1112 0.976046 
1113 0.976129 
1114 0.976129 
1115 0.976129 
1116 0.976129 
1117 0.976199 
1118 0.976199 
1119 0.976199 
1120 0.976199 
1121 0.975948 
1122 0.975948 
1123 0.975948 
1124 0.975948 
1125 0.976058 
1126 0.976058 
1127 0.976058 
1128 0.976058 
1129 0.976148 
1130 0.976148 
1131 0.976148 
1132 0.976148 
1133 0.975673 
1134 0.975673 
1135 0.975673 
1136 0.975673 
1137 0.976518 
1138 0.976518 
1139 0.976518 
1140 0.976518 
1141 0.976247 
1142 0.976247 
1143 0.976247 
1144 0.976247 
1145 0.976317 
1146 0.976317 
1147 0.976317 
1148 0.976317 
1149 0.976262 
1150 0.976262 
1151 0.976262 
1152 0.976262 
1153 0.976219 
1154 0.976219 
1155 0.976219 
1156 0.976219 
1157 0.976085 
1158 0.976085 
1159 0.976085 
1160 0.976085 
1161 0.976549 
1162 0.976549 
1163 0.976549 
1164 0.976549 
1165 0.976479 
1166 0.976479 
1167 0.976479 
1168 0.976479 
1169 0.976479 
1170 0.976479 
1171 0.976479 
1172 0.976479 
1173 0.976439 
1174 0.976439 
1175 0.976439 
1176 0.976439 
1177 0.976553 
1178 0.976553 
1179 0.976553 
1180 0.976553 
1181 0.976231 
1182 0.976231 
1183 0.976231 
1184 0.976231 
1185 0.975519 
1186 0.975519 
1187 0.975519 
1188 0.975519 
1189 0.975653 
1190 0.975653 
1191 0.975653 
1192 0.975653 
1193 0.975681 
1194 0.975681 
1195 0.975681 
1196 0.975681 
1197 0.976027 
1198 0.976027 
1199 0.976027 
1200 0.976027 
1201 0.976003 
1202 0.976003 
1203 0.976003 
1204 0.976003 
1205 0.976121 
1206 0.976121 
1207 0.976121 
1208 0.976121 
1209 0.976117 
1210 0.976117 
1211 0.976117 
1212 0.976117 
1213 0.976188 
1214 0.976188 
1215 0.976188 
1216 0.976188 
1217 0.976074 
1218 0.976074 
1219 0.976074 
1220 0.976074 
1221 0.975806 
1222 0.975806 
1223 0.975806 
1224 0.975806 
1225 0.976015 
1226 0.976015 
1227 0.976015 
1228 0.976015 
1229 0.975916 
1230 0.975916 
1231 0.975916 
1232 0.975916 
1233 0.975893 
1234 0.975893 
1235 0.975893 
1236 0.975893 
1237 0.975893 
1238 0.975893 
1239 0.975893 
1240 0.975893 
1241 0.975598 
1242 0.975598 
1243 0.975598 
1244 0.975598 
1245 0.975622 
1246 0.975622 
1247 0.975622 
1248 0.975622 
1249 0.975649 
1250 0.975649 
1251 0.975649 
1252 0.975649 
1253 0.975732 
1254 0.975732 
1255 0.975732 
1256 0.975732 
1257 0.975688 
1258 0.975688 
1259 0.975688 
1260 0.975688 
1261 0.975979 
1262 0.975979 
1263 0.975979 
1264 0.975979 
1265 0.976125 
1266 0.976125 
1267 0.976125 
1268 0.976125 
1269 0.975979 
1270 0.975979 
1271 0.975979 
1272 0.975979 
1273 0.976089 
1274 0.976089 
1275 0.976089 
1276 0.976089 
1277 0.976199 
1278 0.976199 
1279 0.976199 
1280 0.976199 
1281 0.976325 
1282 0.976325 
1283 0.976325 
1284 0.976325 
1285 0.975578 
1286 0.975578 
1287 0.975578 
1288 0.975578 
1289 0.976003 
1290 0.976003 
1291 0.976003 
1292 0.976003 
1293 0.975567 
1294 0.975567 
1295 0.975567 
1296 0.975567 
1297 0.975999 
1298 0.975999 
1299 0.975999 
1300 0.975999 
1301 0.976282 
1302 0.976282 
1303 0.976282 
1304 0.976282 
1305 0.976196 
1306 0.976196 
1307 0.976196 
1308 0.976196 
1309 0.976251 
1310 0.976251 
1311 0.976251 
1312 0.976251 
1313 0.976447 
1314 0.976447 
1315 0.976447 
1316 0.976447 
1317 0.976333 
1318 0.976333 
1319 0.976333 
1320 0.976333 
1321 0.976581 
1322 0.976581 
1323 0.976581 
1324 0.976581 
1325 0.976600 
1326 0.976600 
1327 0.976600 
1328 0.976600 
1329 0.976817 
1330 0.976817 
1331 0.976817 
1332 0.976817 
1333 0.976703 
1334 0.976703 
1335 0.976703 
1336 0.976703 
1337 0.977159 
1338 0.977159 
1339 0.977159 
1340 0.977159 
1341 0.976934 
1342 0.976934 
1343 0.976934 
1344 0.976934 
1345 0.976703 
1346 0.976703 
1347 0.976703 
1348 0.976703 
1349 0.976821 
1350 0.976821 
1351 0.976821 
1352 0.976821 
1353 0.976958 
1354 0.976958 
1355 0.976958 
1356 0.976958 
1357 0.976726 
1358 0.976726 
1359 0.976726 
1360 0.976726 
1361 0.976416 
1362 0.976416 
1363 0.976416 
1364 0.976416 
1365 0.976663 
1366 0.976663 
1367 0.976663 
1368 0.976663 
1369 0.976990 
1370 0.976990 
1371 0.976990 
1372 0.976990 
1373 0.977021 
1374 0.977021 
1375 0.977021 
1376 0.977021 
1377 0.977139 
1378 0.977139 
1379 0.977139 
1380 0.977139 
1381 0.977162 
1382 0.977162 
1383 0.977162 
1384 0.977162 
1385 0.976357 
1386 0.976357 
1387 0.976357 
1388 0.976357 
1389 0.976978 
1390 0.976978 
1391 0.976978 
1392 0.976978 
1393 0.976671 
1394 0.976671 
1395 0.976671 
1396 0.976671 
1397 0.977394 
1398 0.977394 
1399 0.977394 
1400 0.977394 
1401 0.977528 
1402 0.977528 
1403 0.977528 
1404 0.977528 
1405 0.977595 
1406 0.977595 
1407 0.977595 
1408 0.977595 
1409 0.977670 
1410 0.977670 
1411 0.977670 
1412 0.977670 
1413 0.977147 
1414 0.977147 
1415 0.977147 
1416 0.977147 
1417 0.977642 
1418 0.977642 
1419 0.977642 
1420 0.977642 
1421 0.977905 
1422 0.977905 
1423 0.977905 
1424 0.977905 
1425 0.978149 
1426 0.978149 
1427 0.978149 
1428 0.978149 
1429 0.977811 
1430 0.977811 
1431 0.977811 
1432 0.977811 
1433 0.977901 
1434 0.977901 
1435 0.977901 
1436 0.977901 
1437 0.976840 
1438 0.976840 
1439 0.976840 
1440 0.976840 
1441 0.976993 
1442 0.976993 
1443 0.976993 
1444 0.976993 
1445 0.976070 
1446 0.976070 
1447 0.976070 
1448 0.976070 
1449 0.976710 
1450 0.976710 
1451 0.976710 
1452 0.976710 
1453 0.976907 
1454 0.976907 
1455 0.976907 
1456 0.976907 
1457 0.976534 
1458 0.976534 
1459 0.976534 
1460 0.976534 
1461 0.976687 
1462 0.976687 
1463 0.976687 
1464 0.976687 
1465 0.977980 
1466 0.977980 
1467 0.977980 
1468 0.977980 
1469 0.978275 
1470 0.978275 
1471 0.978275 
1472 0.978275 
1473 0.979140 
1474 0.979140 
1475 0.979140 
1476 0.979140 
1477 0.978868 
1478 0.978868 
1479 0.978868 
1480 0.978868 
1481 0.979474 
1482 0.979474 
1483 0.979474 
1484 0.979474 
1485 0.978102 
1486 0.978102 
1487 0.978102 
1488 0.978102 
1489 0.978833 
1490 0.978833 
1491 0.978833 
1492 0.978833 
1493 0.979183 
1494 0.979183 
1495 0.979183 
1496 0.979183 
1497 0.980374 
1498 0.980374 
1499 0.980374 
1500 0.980374 
1501 0.982060 
1502 0.982060 
1503 0.982060 
1504 0.982060 
1505 0.983711 
1506 0.983711 
1507 0.983711 
1508 0.983711 
1509 0.984328 
1510 0.984328 
1511 0.984328 
1512 0.984328 
1513 0.984694 
1514 0.984694 
1515 0.984694 
1516 0.984694 
1517 0.985751 
1518 0.985751 
1519 0.985751 
1520 0.985751 
1521 0.986974 
1522 0.986974 
1523 0.986974 
1524 0.986974 
1525 0.987485 
1526 0.987485 
1527 0.987485 
1528 0.987485 
1529 0.987465 
1530 0.987465 
1531 0.987465 
1532 0.987465 
1533 0.987414 
1534 0.987414 
1535 0.987414 
1536 0.987414 
1537 0.987520 
1538 0.987520 
1539 0.987520 
1540 0.987520 
1541 0.986639 
1542 0.986639 
1543 0.986639 
1544 0.986639 
1545 0.985904 
1546 0.985904 
1547 0.985904 
1548 0.985904 
1549 0.985779 
1550 0.985779 
1551 0.985779 
1552 0.985779 
1553 0.986054 
1554 0.986054 
1555 0.986054 
1556 0.986054 
1557 0.987198 
1558 0.987198 
1559 0.987198 
1560 0.987198 
1561 0.986647 
1562 0.986647 
1563 0.986647 
1564 0.986647 
1565 0.985763 
1566 0.985763 
1567 0.985763 
1568 0.985763 
1569 0.984576 
1570 0.984576 
1571 0.984576 
1572 0.984576 
1573 0.984254 
1574 0.984254 
1575 0.984254 
1576 0.984254 
1577 0.984210 
1578 0.984210 
1579 0.984210 
1580 0.984210 
1581 0.985000 
1582 0.985000 
1583 0.985000 
1584 0.985000 
1585 0.982783 
1586 0.982783 
1587 0.982783 
1588 0.982783 
1589 0.982846 
1590 0.982846 
1591 0.982846 
1592 0.982846 
1593 0.984081 
1594 0.984081 
1595 0.984081 
1596 0.984081 
1597 0.983974 
1598 0.983974 
1599 0.983974 
1600 0.983974 
1601 0.984014 
1602 0.984014 
1603 0.984014 
1604 0.984014 
1605 0.984419 
1606 0.984419 
1607 0.984419 
1608 0.984419 
1609 0.986297 
1610 0.986297 
1611 0.986297 
1612 0.986297 
1613 0.987775 
1614 0.987775 
1615 0.987775 
1616 0.987775 
1617 0.988809 
1618 0.988809 
1619 0.988809 
1620 0.988809 
1621 0.988778 
1622 0.988778 
1623 0.988778 
1624 0.988778 
1625 0.989513 
1626 0.989513 
1627 0.989513 
1628 0.989513 
1629 0.989682 
1630 0.989682 
1631 0.989682 
1632 0.989682 
1633 0.990232 
1634 0.990232 
1635 0.990232 
1636 0.990232 
1637 0.989155 
1638 0.989155 
1639 0.989155 
1640 0.989155 
1641 0.990307 
1642 0.990307 
1643 0.990307 
1644 0.990307 
1645 0.990492 
1646 0.990492 
1647 0.990492 
1648 0.990492 
1649 0.990606 
1650 0.990606 
1651 0.990606 
1652 0.990606 
1653 0.990165 
1654 0.990165 
1655 0.990165 
1656 0.990165 
1657 0.989540 
1658 0.989540 
1659 0.989540 
1660 0.989540 
1661 0.988369 
1662 0.988369 
1663 0.988369 
1664 0.988369 
1665 0.986797 
1666 0.986797 
1667 0.986797 
1668 0.986797 
1669 0.986687 
1670 0.986687 
1671 0.986687 
1672 0.986687 
1673 0.986235 
1674 0.986235 
1675 0.986235 
1676 0.986235 
1677 0.984191 
1678 0.984191 
1679 0.984191 
1680 0.984191 
1681 0.981541 
1682 0.981541 
1683 0.981541 
1684 0.981541 
1685 0.978082 
1686 0.978082 
1687 0.978082 
1688 0.978082 
1689 0.974670 
1690 0.974670 
1691 0.974670 
1692 0.974670 
1693 0.973644 
1694 0.973644 
1695 0.973644 
1696 0.973644 
1697 0.976852 
1698 0.976852 
1699 0.976852 
1700 0.976852 
1701 0.977925 
1702 0.977925 
1703 0.977925 
1704 0.977925 
1705 0.978758 
1706 0.978758 
1707 0.978758 
1708 0.978758 
1709 0.976903 
1710 0.976903 
1711 0.976903 
1712 0.976903 
1713 0.972379 
1714 0.972379 
1715 0.972379 
1716 0.972379 
1717 0.967666 
1718 0.967666 
1719 0.967666 
1720 0.967666 
1721 0.960787 
1722 0.960787 
1723 0.960787 
1724 0.960787 
1725 0.969851 
1726 0.969851 
1727 0.969851 
1728 0.969851 
1729 0.976302 
1730 0.976302 
1731 0.976302 
1732 0.976302 
1733 0.948366 
1734 0.948366 
1735 0.948366 
1736 0.948366 
1737 0.932840 
1738 0.932840 
1739 0.932840 
1740 0.932840 
1741 0.929970 
1742 0.929970 
1743 0.929970 
1744 0.929970 
1745 0.883792 
1746 0.883792 
1747 0.883792 
1748 0.883792 
1749 0.753606 
1750 0.753606 
1751 0.753606 
1752 0.753606 
1753 0.695931 
1754 0.695931 
1755 0.695931 
1756 0.695931 
1757 0.687437 
1758 0.687437 
1759 0.687437 
1760 0.687437 
1761 0.690573 
1762 0.690573 
1763 0.690573 
1764 0.690573 
1765 0.675416 
1766 0.675416 
1767 0.675416 
1768 0.675416 
1769 0.708509 
1770 0.708509 
1771 0.708509 
1772 0.708509 
1773 0.769125 
1774 0.769125 
1775 0.769125 
1776 0.769125 
1777 0.825476 
1778 0.825476 
1779 0.825476 
1780 0.825476 
1781 0.835346 
1782 0.835346 
1783 0.835346 
1784 0.835346 
1785 0.809454 
1786 0.809454 
1787 0.809454 
1788 0.809454 
1789 0.800437 
1790 0.800437 
1791 0.800437 
1792 0.800437 
1793 0.767580 
1794 0.767580 
1795 0.767580 
1796 0.767580 
1797 0.735380 
1798 0.735380 
1799 0.735380 
1800 0.735380 
1801 0.753359 
1802 0.753359 
1803 0.753359 
1804 0.753359 
1805 0.775304 
1806 0.775304 
1807 0.775304 
1808 0.775304 
1809 0.781904 
1810 0.781904 
1811 0.781904 
1812 0.781904 
1813 0.745446 
1814 0.745446 
1815 0.745446 
1816 0.745446 
1817 0.740667 
1818 0.740667 
1819 0.740667 
1820 0.740667 
1821 0.733949 
1822 0.733949 
1823 0.733949 
1824 0.733949 
1825 0.719625 
1826 0.719625 
1827 0.719625 
1828 0.719625 
1829 0.713301 
1830 0.713301 
1831 0.713301 
1832 0.713301 
1833 0.706737 
1834 0.706737 
1835 0.706737 
1836 0.706737 
1837 0.643912 
1838 0.643912 
1839 0.643912 
1840 0.643912 
1841 0.613967 
1842 0.613967 
1843 0.613967 
1844 0.613967 
1845 0.585073 
1846 0.585073 
1847 0.585073 
1848 0.585073 
1849 0.552825 
1850 0.552825 
1851 0.552825 
1852 0.552825 
1853 0.538494 
1854 0.538494 
1855 0.538494 
1856 0.538494 
1857 0.571158 
1858 0.571158 
1859 0.571158 
1860 0.571158 
1861 0.597419 
1862 0.597419 
1863 0.597419 
1864 0.597419 
1865 0.616448 
1866 0.616448 
1867 0.616448 
1868 0.616448 
1869 0.662803 
1870 0.662803 
1871 0.662803 
1872 0.662803 
1873 0.691489 
1874 0.691489 
1875 0.691489 
1876 0.691489 
1877 0.735431 
1878 0.735431 
1879 0.735431 
1880 0.735431 
1881 0.765725 
1882 0.765725 
1883 0.765725 
1884 0.765725 
1885 0.644148 
1886 0.644148 
1887 0.644148 
1888 0.644148 
1889 0.652308 
1890 0.652308 
1891 0.652308 
1892 0.652308 
1893 0.666411 
1894 0.666411 
1895 0.666411 
1896 0.666411 
1897 0.654305 
1898 0.654305 
1899 0.654305 
1900 0.654305 
1901 0.687102 
1902 0.687102 
1903 0.687102 
1904 0.687102 
1905 0.754078 
1906 0.754078 
1907 0.754078 
1908 0.754078 
1909 0.797524 
1910 0.797524 
1911 0.797524 
1912 0.797524 
1913 0.845491 
1914 0.845491 
1915 0.845491 
1916 0.845491 
1917 0.861190 
1918 0.861190 
1919 0.861190 
1920 0.861190 
1921 0.865227 
1922 0.865227 
1923 0.865227 
1924 0.865227 
1925 0.749680 
1926 0.749680 
1927 0.749680 
1928 0.749680 
1929 0.633138 
1930 0.633138 
1931 0.633138 
1932 0.633138 
1933 0.484615 
1934 0.484615 
1935 0.484615 
1936 0.484615 
1937 0.415721 
1938 0.415721 
1939 0.415721 
1940 0.415721 
1941 0.359952 
1942 0.359952 
1943 0.359952 
1944 0.359952 
1945 0.347401 
1946 0.347401 
1947 0.347401 
1948 0.347401 
1949 0.311832 
1950 0.311832 
1951 0.311832 
1952 0.311832 
1953 0.264019 
1954 0.264019 
1955 0.264019 
1956 0.264019 
1957 0.213949 
1958 0.213949 
1959 0.213949 
1960 0.213949 
1961 0.146706 
1962 0.146706 
1963 0.146706 
1964 0.146706 
1965 0.131506 
1966 0.131506 
1967 0.131506 
1968 0.131506 
1969 0.119463 
1970 0.119463 
1971 0.119463 
1972 0.119463 
1973 0.109632 
1974 0.109632 
1975 0.109632 
1976 0.109632 
1977 0.108673 
1978 0.108673 
1979 0.108673 
1980 0.108673 
1981 0.104911 
1982 0.104911 
1983 0.104911 
1984 0.104911 
1985 0.084656 
1986 0.084656 
1987 0.084656 
1988 0.084656 
1989 0.080886 
1990 0.080886 
1991 0.080886 
1992 0.080886 
1993 0.079707 
1994 0.079707 
1995 0.079707 
1996 0.079707 
1997 0.082793 
1998 0.082793 
1999 0.082793 
2000 0.082793 
2001 0.128912 
2002 0.128912 
2003 0.128912 
2004 0.128912 
2005 0.213163 
2006 0.213163 
2007 0.213163 
2008 0.213163 
2009 0.327693 
2010 0.327693 
2011 0.327693 
2012 0.327693 
2013 0.458456 
2014 0.458456 
2015 0.458456 
2016 0.458456 
2017 0.608818 
2018 0.608818 
2019 0.608818 
2020 0.608818 
2021 0.769424 
2022 0.769424 
2023 0.769424 
2024 0.769424 
2025 0.848455 
2026 0.848455 
2027 0.848455 
2028 0.848455 
2029 0.887648 
2030 0.887648 
2031 0.887648 
2032 0.887648 
2033 0.913776 
2034 0.913776 
2035 0.913776 
2036 0.913776 
2037 0.938590 
2038 0.938590 
2039 0.938590 
2040 0.938590 
2041 0.806148 
2042 0.806148 
2043 0.806148 
2044 0.806148 
2045 0.550384 
2046 0.550384 
2047 0.550384 
2048 0.550384 
2049 0.451644 
2050 0.451644 
2051 0.451644 
2052 0.451644 
2053 0.384818 
2054 0.384818 
2055 0.384818 
2056 0.384818 
2057 0.313656 
2058 0.313656 
2059 0.313656 
2060 0.313656 
2061 0.233741 
2062 0.233741 
2063 0.233741 
2064 0.233741 
2065 0.190263 
2066 0.190263 
2067 0.190263 
2068 0.190263 
2069 0.147500 
2070 0.147500 
2071 0.147500 
2072 0.147500 
2073 0.111416 
2074 0.111416 
2075 0.111416 
2076 0.111416 
2077 0.096877 
2078 0.096877 
2079 0.096877 
2080 0.096877 
2081 0.092191 
2082 0.092191 
2083 0.092191 
2084 0.092191 
2085 0.087934 
2086 0.087934 
2087 0.087934 
2088 0.087934 
2089 0.085403 
2090 0.085403 
2091 0.085403 
2092 0.085403 
2093 0.084750 
2094 0.084750 
2095 0.084750 
2096 0.084750 
2097 0.085187 
2098 0.085187 
2099 0.085187 
2100 0.085187 
2101 0.096334 
2102 0.096334 
2103 0.096334 
2104 0.096334 
2105 0.128574 
2106 0.128574 
2107 0.128574 
2108 0.128574 
2109 0.181399 
2110 0.181399 
2111 0.181399 
2112 0.181399 
2113 0.257742 
2114 0.257742 
2115 0.257742 
2116 0.257742 
2117 0.665625 
2118 0.665625 
2119 0.665625 
2120 0.665625 
2121 0.893835 
2122 0.893835 
2123 0.893835 
2124 0.893835 
2125 0.955418 
2126 0.955418 
2127 0.955418 
2128 0.955418 
2129 0.983923 
2130 0.983923 
2131 0.983923 
2132 0.983923 
2133 0.988027 
2134 0.988027 
2135 0.988027 
2136 0.988027 
2137 0.991773 
2138 0.991773 
2139 0.991773 
2140 0.991773 
2141 0.992846 
2142 0.992846 
2143 0.992846 
2144 0.992846 
2145 0.993290 
2146 0.993290 
2147 0.993290 
2148 0.993290 
2149 0.993554 
2150 0.993554 
2151 0.993554 
2152 0.993554 
2153 0.992980 
2154 0.992980 
2155 0.992980 
2156 0.992980 
2157 0.986018 
2158 0.986018 
2159 0.986018 
2160 0.986018 
2161 0.944565 
2162 0.944565 
2163 0.944565 
2164 0.944565 
2165 0.936774 
2166 0.936774 
2167 0.936774 
2168 0.936774 
2169 0.938508 
2170 0.938508 
2171 0.938508 
2172 0.938508 
2173 0.938075 
2174 0.938075 
2175 0.938075 
2176 0.938075 
2177 0.755057 
2178 0.755057 
2179 0.755057 
2180 0.755057 
2181 0.335086 
2182 0.335086 
2183 0.335086 
2184 0.335086 
2185 0.148817 
2186 0.148817 
2187 0.148817 
2188 0.148817 
2189 0.123480 
2190 0.123480 
2191 0.123480 
2192 0.123480 
2193 0.109612 
2194 0.109612 
2195 0.109612 
2196 0.109612 
2197 0.101027 
2198 0.101027 
2199 0.101027 
2200 0.101027 
2201 0.093249 
2202 0.093249 
2203 0.093249 
2204 0.093249 
2205 0.094506 
2206 0.094506 
2207 0.094506 
2208 0.094506 
2209 0.095568 
2210 0.095568 
2211 0.095568 
2212 0.095568 
2213 0.114376 
2214 0.114376 
2215 0.114376 
2216 0.114376 
2217 0.112859 
2218 0.112859 
2219 0.112859 
2220 0.112859 
2221 0.112953 
2222 0.112953 
2223 0.112953 
2224 0.112953 
2225 0.112851 
2226 0.112851 
2227 0.112851 
2228 0.112851 
2229 0.115980 
2230 0.115980 
2231 0.115980 
2232 0.115980 
2233 0.116919 
2234 0.116919 
2235 0.116919 
2236 0.116919 
2237 0.108445 
2238 0.108445 
2239 0.108445 
2240 0.108445 
2241 0.108661 
2242 0.108661 
2243 0.108661 
2244 0.108661 
2245 0.111157 
2246 0.111157 
2247 0.111157 
2248 0.111157 
2249 0.113508 
2250 0.113508 
2251 0.113508 
2252 0.113508 
2253 0.118071 
2254 0.118071 
2255 0.118071 
2256 0.118071 
2257 0.119113 
2258 0.119113 
2259 0.119113 
2260 0.119113 
2261 0.113641 
2262 0.113641 
2263 0.113641 
2264 0.113641 
2265 0.118472 
2266 0.118472 
2267 0.118472 
2268 0.118472 
2269 0.149493 
2270 0.149493 
2271 0.149493 
2272 0.149493 
2273 0.204339 
2274 0.204339 
2275 0.204339 
2276 0.204339 
2277 0.260485 
2278 0.260485 
2279 0.260485 
2280 0.260485 
2281 0.281004 
2282 0.281004 
2283 0.281004 
2284 0.281004 
2285 0.342873 
2286 0.342873 
2287 0.342873 
2288 0.342873 
2289 0.338164 
2290 0.338164 
2291 0.338164 
2292 0.338164 
2293 0.329214 
2294 0.329214 
2295 0.329214 
2296 0.329214 
2297 0.306310 
2298 0.306310 
2299 0.306310 
2300 0.306310 
2301 0.297835 
2302 0.297835 
2303 0.297835 
2304 0.297835 
2305 0.272604 
2306 0.272604 
2307 0.272604 
2308 0.272604 
2309 0.246331 
2310 0.246331 
2311 0.246331 
2312 0.246331 
2313 0.253996 
2314 0.253996 
2315 0.253996 
2316 0.253996 
2317 0.236842 
2318 0.236842 
2319 0.236842 
2320 0.236842 
2321 0.205062 
2322 0.205062 
2323 0.205062 
2324 0.205062 
2325 0.182142 
2326 0.182142 
2327 0.182142 
2328 0.182142 
2329 0.167586 
2330 0.167586 
2331 0.167586 
2332 0.167586 
2333 0.159029 
2334 0.159029 
2335 0.159029 
2336 0.159029 
2337 0.165704 
2338 0.165704 
2339 0.165704 
2340 0.165704 
2341 0.151553 
2342 0.151553 
2343 0.151553 
2344 0.151553 
2345 0.145362 
2346 0.145362 
2347 0.145362 
2348 0.145362 
2349 0.149996 
2350 0.149996 
2351 0.149996 
2352 0.149996 
2353 0.172543 
2354 0.172543 
2355 0.172543 
2356 0.172543 
2357 0.172201 
2358 0.172201 
2359 0.172201 
2360 0.172201 
2361 0.154540 
2362 0.154540 
2363 0.154540 
2364 0.154540 
2365 0.148432 
2366 0.148432 
2367 0.148432 
2368 0.148432 
2369 0.141620 
2370 0.141620 
2371 0.141620 
2372 0.141620 
2373 0.133350 
2374 0.133350 
2375 0.133350 
2376 0.133350 
2377 0.124474 
2378 0.124474 
2379 0.124474 
2380 0.124474 
2381 0.116169 
2382 0.116169 
2383 0.116169 
2384 0.116169 
2385 0.229888 
2386 0.229888 
2387 0.229888 
2388 0.229888 
2389 0.295563 
2390 0.295563 
2391 0.295563 
2392 0.295563 
2393 0.328255 
2394 0.328255 
2395 0.328255 
2396 0.328255 
2397 0.502814 
2398 0.502814 
2399 0.502814 
2400 0.502814 
2401 0.610776 
2402 0.610776 
2403 0.610776 
2404 0.610776 
2405 0.674324 
2406 0.674324 
2407 0.674324 
2408 0.674324 
2409 0.595599 
2410 0.595599 
2411 0.595599 
2412 0.595599 
2413 0.315983 
2414 0.315983 
2415 0.315983 
2416 0.315983 
2417 0.137976 
2418 0.137976 
2419 0.137976 
2420 0.137976 
2421 0.079904 
2422 0.079904 
2423 0.079904 
2424 0.079904 
2425 0.085851 
2426 0.085851 
2427 0.085851 
2428 0.085851 
2429 0.091000 
2430 0.091000 
2431 0.091000 
2432 0.091000 
2433 0.127297 
2434 0.127297 
2435 0.127297 
2436 0.127297 
2437 0.242730 
2438 0.242730 
2439 0.242730 
2440 0.242730 
2441 0.254212 
2442 0.254212 
2443 0.254212 
2444 0.254212 
2445 0.246743 
2446 0.246743 
2447 0.246743 
2448 0.246743 
2449 0.236901 
2450 0.236901 
2451 0.236901 
2452 0.236901 
2453 0.219429 
2454 0.219429 
2455 0.219429 
2456 0.219429 
2457 0.183871 
2458 0.183871 
2459 0.183871 
2460 0.183871 
2461 0.156466 
2462 0.156466 
2463 0.156466 
2464 0.156466 
2465 0.141793 
2466 0.141793 
2467 0.141793 
2468 0.141793 
2469 0.127819 
2470 0.127819 
2471 0.127819 
2472 0.127819 
2473 0.132941 
2474 0.132941 
2475 0.132941 
2476 0.132941 
2477 0.158687 
2478 0.158687 
2479 0.158687 
2480 0.158687 
2481 0.174835 
2482 0.174835 
2483 0.174835 
2484 0.174835 
2485 0.174913 
2486 0.174913 
2487 0.174913 
2488 0.174913 
2489 0.159088 
2490 0.159088 
2491 0.159088 
2492 0.159088 
2493 0.153495 
2494 0.153495 
2495 0.153495 
2496 0.153495 
2497 0.152316 
2498 0.152316 
2499 0.152316 
2500 0.152316 
2501 0.145107 
2502 0.145107 
2503 0.145107 
2504 0.145107 
2505 0.139659 
2506 0.139659 
2507 0.139659 
2508 0.139659 
2509 0.171769 
2510 0.171769 
2511 0.171769 
2512 0.171769 
2513 0.248060 
2514 0.248060 
2515 0.248060 
2516 0.248060 
2517 0.283979 
2518 0.283979 
2519 0.283979 
2520 0.283979 
2521 0.293519 
2522 0.293519 
2523 0.293519 
2524 0.293519 
2525 0.320217 
2526 0.320217 
2527 0.320217 
2528 0.320217 
2529 0.326109 
2530 0.326109 
2531 0.326109 
2532 0.326109 
2533 0.321238 
2534 0.321238 
2535 0.321238 
2536 0.321238 
2537 0.298546 
2538 0.298546 
2539 0.298546 
2540 0.298546 
2541 0.216980 
2542 0.216980 
2543 0.216980 
2544 0.216980 
2545 0.164269 
2546 0.164269 
2547 0.164269 
2548 0.164269 
2549 0.135834 
2550 0.135834 
2551 0.135834 
2552 0.135834 
2553 0.125488 
2554 0.125488 
2555 0.125488 
2556 0.125488 
2557 0.126294 
2558 0.126294 
2559 0.126294 
2560 0.126294 
2561 0.174508 
2562 0.174508 
2563 0.174508 
2564 0.174508 
2565 0.176140 
2566 0.176140 
2567 0.176140 
2568 0.176140 
2569 0.177991 
2570 0.177991 
2571 0.177991 
2572 0.177991 
2573 0.179764 
2574 0.179764 
2575 0.179764 
2576 0.179764 
2577 0.183647 
2578 0.183647 
2579 0.183647 
2580 0.183647 
2581 0.186513 
2582 0.186513 
2583 0.186513 
2584 0.186513 
2585 0.190113 
2586 0.190113 
2587 0.190113 
2588 0.190113 
2589 0.189960 
2590 0.189960 
2591 0.189960 
2592 0.189960 
2593 0.191977 
2594 0.191977 
2595 0.191977 
2596 0.191977 
2597 0.194115 
2598 0.194115 
2599 0.194115 
2600 0.194115 
2601 0.198997 
2602 0.198997 
2603 0.198997 
2604 0.198997 
2605 0.204983 
2606 0.204983 
2607 0.204983 
2608 0.204983 
2609 0.209795 
2610 0.209795 
2611 0.209795 
2612 0.209795 
2613 0.222955 
2614 0.222955 
2615 0.222955 
2616 0.222955 
2617 0.226272 
2618 0.226272 
2619 0.226272 
2620 0.226272 
2621 0.231335 
2622 0.231335 
2623 0.231335 
2624 0.231335 
2625 0.258940 
2626 0.258940 
2627 0.258940 
2628 0.258940 
2629 0.305673 
2630 0.305673 
2631 0.305673 
2632 0.305673 
2633 0.325830 
2634 0.325830 
2635 0.325830 
2636 0.325830 
2637 0.319996 
2638 0.319996 
2639 0.319996 
2640 0.319996 
2641 0.362181 
2642 0.362181 
2643 0.362181 
2644 0.362181 
2645 0.448629 
2646 0.448629 
2647 0.448629 
2648 0.448629 
2649 0.529626 
2650 0.529626 
2651 0.529626 
2652 0.529626 
2653 0.648137 
2654 0.648137 
2655 0.648137 
2656 0.648137 
2657 0.725793 
2658 0.725793 
2659 0.725793 
2660 0.725793 
2661 0.759078 
2662 0.759078 
2663 0.759078 
2664 0.759078 
2665 0.746138 
2666 0.746138 
2667 0.746138 
2668 0.746138 
2669 0.713835 
2670 0.713835 
2671 0.713835 
2672 0.713835 
2673 0.668121 
2674 0.668121 
2675 0.668121 
2676 0.668121 
2677 0.633405 
2678 0.633405 
2679 0.633405 
2680 0.633405 
2681 0.438578 
2682 0.438578 
2683 0.438578 
2684 0.438578 
2685 0.259074 
2686 0.259074 
2687 0.259074 
2688 0.259074 
2689 0.258280 
2690 0.258280 
2691 0.258280 
2692 0.258280 
2693 0.256837 
2694 0.256837 
2695 0.256837 
2696 0.256837 
2697 0.249361 
2698 0.249361 
2699 0.249361 
2700 0.249361 
2701 0.240529 
2702 0.240529 
2703 0.240529 
2704 0.240529 
2705 0.232035 
2706 0.232035 
2707 0.232035 
2708 0.232035 
2709 0.228737 
2710 0.228737 
2711 0.228737 
2712 0.228737 
2713 0.221469 
2714 0.221469 
2715 0.221469 
2716 0.221469 
2717 0.214181 
2718 0.214181 
2719 0.214181 
2720 0.214181 
2721 0.183628 
2722 0.183628 
2723 0.183628 
2724 0.183628 
2725 0.178522 
2726 0.178522 
2727 0.178522 
2728 0.178522 
2729 0.201245 
2730 0.201245 
2731 0.201245 
2732 0.201245 
2733 0.238878 
2734 0.238878 
2735 0.238878 
2736 0.238878 
2737 0.270206 
2738 0.270206 
2739 0.270206 
2740 0.270206 
2741 0.282049 
2742 0.282049 
2743 0.282049 
2744 0.282049 
2745 0.287804 
2746 0.287804 
2747 0.287804 
2748 0.287804 
2749 0.306455 
2750 0.306455 
2751 0.306455 
2752 0.306455 
2753 0.315822 
2754 0.315822 
2755 0.315822 
2756 0.315822 
2757 0.324863 
2758 0.324863 
2759 0.324863 
2760 0.324863 
2761 0.367436 
2762 0.367436 
2763 0.367436 
2764 0.367436 
2765 0.367951 
2766 0.367951 
2767 0.367951 
2768 0.367951 
2769 0.363140 
2770 0.363140 
2771 0.363140 
2772 0.363140 
2773 0.363054 
2774 0.363054 
2775 0.363054 
2776 0.363054 
2777 0.362810 
2778 0.362810 
2779 0.362810 
2780 0.362810 
2781 0.376276 
2782 0.376276 
2783 0.376276 
2784 0.376276 
2785 0.418131 
2786 0.418131 
2787 0.418131 
2788 0.418131 
2789 0.417522 
2790 0.417522 
2791 0.417522 
2792 0.417522 
2793 0.420595 
2794 0.420595 
2795 0.420595 
2796 0.420595 
2797 0.422545 
2798 0.422545 
2799 0.422545 
2800 0.422545 
2801 0.427388 
2802 0.427388 
2803 0.427388 
2804 0.427388 
2805 0.432934 
2806 0.432934 
2807 0.432934 
2808 0.432934 
2809 0.436558 
2810 0.436558 
2811 0.436558 
2812 0.436558 
2813 0.453154 
2814 0.453154 
2815 0.453154 
2816 0.453154 
2817 0.457415 
2818 0.457415 
2819 0.457415 
2820 0.457415 
2821 0.458554 
2822 0.458554 
2823 0.458554 
2824 0.458554 
2825 0.463940 
2826 0.463940 
2827 0.463940 
2828 0.463940 
2829 0.469081 
2830 0.469081 
2831 0.469081 
2832 0.469081 
2833 0.471105 
2834 0.471105 
2835 0.471105 
2836 0.471105 
2837 0.449671 
2838 0.449671 
2839 0.449671 
2840 0.449671 
2841 0.452104 
2842 0.452104 
2843 0.452104 
2844 0.452104 
2845 0.453838 
2846 0.453838 
2847 0.453838 
2848 0.453838 
2849 0.456546 
2850 0.456546 
2851 0.456546 
2852 0.456546 
2853 0.463967 
2854 0.463967 
2855 0.463967 
2856 0.463967 
2857 0.474285 
2858 0.474285 
2859 0.474285 
2860 0.474285 
2861 0.495421 
2862 0.495421 
2863 0.495421 
2864 0.495421 
2865 0.491282 
2866 0.491282 
2867 0.491282 
2868 0.491282 
2869 0.494320 
2870 0.494320 
2871 0.494320 
2872 0.494320 
2873 0.493235 
2874 0.493235 
2875 0.493235 
2876 0.493235 
2877 0.490798 
2878 0.490798 
2879 0.490798 
2880 0.490798 
2881 0.501446 
2882 0.501446 
2883 0.501446 
2884 0.501446 
2885 0.501631 
2886 0.501631 
2887 0.501631 
2888 0.501631 
2889 0.491305 
2890 0.491305 
2891 0.491305 
2892 0.491305 
2893 0.485645 
2894 0.485645 
2895 0.485645 
2896 0.485645 
2897 0.479820 
2898 0.479820 
2899 0.479820 
2900 0.479820 
2901 0.473456 
2902 0.473456 
2903 0.473456 
2904 0.473456 
2905 0.474395 
2906 0.474395 
2907 0.474395 
2908 0.474395 
2909 0.474820 
2910 0.474820 
2911 0.474820 
2912 0.474820 
2913 0.480063 
2914 0.480063 
2915 0.480063 
2916 0.480063 
2917 0.482827 
2918 0.482827 
2919 0.482827 
2920 0.482827 
2921 0.490012 
2922 0.490012 
2923 0.490012 
2924 0.490012 
2925 0.497669 
2926 0.497669 
2927 0.497669 
2928 0.497669 
2929 0.505888 
2930 0.505888 
2931 0.505888 
2932 0.505888 
2933 0.510735 
2934 0.510735 
2935 0.510735 
2936 0.510735 
2937 0.534048 
2938 0.534048 
2939 0.534048 
2940 0.534048 
2941 0.532924 
2942 0.532924 
2943 0.532924 
2944 0.532924 
2945 0.533242 
2946 0.533242 
2947 0.533242 
2948 0.533242 
2949 0.542625 
2950 0.542625 
2951 0.542625 
2952 0.542625 
2953 0.554468 
2954 0.554468 
2955 0.554468 
2956 0.554468 
2957 0.457151 
2958 0.457151 
2959 0.457151 
2960 0.457151 
2961 0.476140 
2962 0.476140 
2963 0.476140 
2964 0.476140 
2965 0.619978 
2966 0.619978 
2967 0.619978 
2968 0.619978 
2969 0.850601 
2970 0.850601 
2971 0.850601 
2972 0.850601 
2973 0.932262 
2974 0.932262 
2975 0.932262 
2976 0.932262 
2977 0.958256 
2978 0.958256 
2979 0.958256 
2980 0.958256 
2981 0.963515 
2982 0.963515 
2983 0.963515 
2984 0.963515 
2985 0.987072 
2986 0.987072 
2987 0.987072 
2988 0.987072 
2989 0.987418 
2990 0.987418 
2991 0.987418 
2992 0.987418 
2993 0.987862 
2994 0.987862 
2995 0.987862 
2996 0.987862 
2997 0.988566 
2998 0.988566 
2999 0.988566 
3000 0.988566 
3001 0.990181 
3002 0.990181 
3003 0.990181 
3004 0.990181 
3005 0.990004 
3006 0.990004 
3007 0.990004 
3008 0.990004 
3009 0.990468 
3010 0.990468 
3011 0.990468 
3012 0.990468 
3013 0.990464 
3014 0.990464 
3015 0.990464 
3016 0.990464 
3017 0.989623 
3018 0.989623 
3019 0.989623 
3020 0.989623 
3021 0.988165 
3022 0.988165 
3023 0.988165 
3024 0.988165 
3025 0.987500 
3026 0.987500 
3027 0.987500 
3028 0.987500 
3029 0.986844 
3030 0.986844 
3031 0.986844 
3032 0.986844 
3033 0.986349 
3034 0.986349 
3035 0.986349 
3036 0.986349 
3037 0.985283 
3038 0.985283 
3039 0.985283 
3040 0.985283 
3041 0.985956 
3042 0.985956 
3043 0.985956 
3044 0.985956 
3045 0.985044 
3046 0.985044 
3047 0.985044 
3048 0.985044 
3049 0.985287 
3050 0.985287 
3051 0.985287 
3052 0.985287 
3053 0.984977 
3054 0.984977 
3055 0.984977 
3056 0.984977 
3057 0.984273 
3058 0.984273 
3059 0.984273 
3060 0.984273 
3061 0.982143 
3062 0.982143 
3063 0.982143 
3064 0.982143 
3065 0.980657 
3066 0.980657 
3067 0.980657 
3068 0.980657 
3069 0.980736 
3070 0.980736 
3071 0.980736 
3072 0.980736 
3073 0.980964 
3074 0.980964 
3075 0.980964 
3076 0.980964 
3077 0.980602 
3078 0.980602 
3079 0.980602 
3080 0.980602 
3081 0.979721 
3082 0.979721 
3083 0.979721 
3084 0.979721 
3085 0.978530 
3086 0.978530 
3087 0.978530 
3088 0.978530 
3089 0.977540 
3090 0.977540 
3091 0.977540 
3092 0.977540 
3093 0.977088 
3094 0.977088 
3095 0.977088 
3096 0.977088 
3097 0.975964 
3098 0.975964 
3099 0.975964 
3100 0.975964 
3101 0.975944 
3102 0.975944 
3103 0.975944 
3104 0.975944 
3105 0.977135 
3106 0.977135 
3107 0.977135 
3108 0.977135 
3109 0.977512 
3110 0.977512 
3111 0.977512 
3112 0.977512 
3113 0.977076 
3114 0.977076 
3115 0.977076 
3116 0.977076 
3117 0.976424 
3118 0.976424 
3119 0.976424 
3120 0.976424 
3121 0.976286 
3122 0.976286 
3123 0.976286 
3124 0.976286 
3125 0.974564 
3126 0.974564 
3127 0.974564 
3128 0.974564 
3129 0.973503 
3130 0.973503 
3131 0.973503 
3132 0.973503 
3133 0.973472 
3134 0.973472 
3135 0.973472 
3136 0.973472 
3137 0.970932 
3138 0.970932 
3139 0.970932 
3140 0.970932 
3141 0.967627 
3142 0.967627 
3143 0.967627 
3144 0.967627 
3145 0.964663 
3146 0.964663 
3147 0.964663 
3148 0.964663 
3149 0.962898 
3150 0.962898 
3151 0.962898 
3152 0.962898 
3153 0.963114 
3154 0.963114 
3155 0.963114 
3156 0.963114 
3157 0.961499 
3158 0.961499 
3159 0.961499 
3160 0.961499 
3161 0.962670 
3162 0.962670 
3163 0.962670 
3164 0.962670 
3165 0.961652 
3166 0.961652 
3167 0.961652 
3168 0.961652 
3169 0.961424 
3170 0.961424 
3171 0.961424 
3172 0.961424 
3173 0.960744 
3174 0.960744 
3175 0.960744 
3176 0.960744 
3177 0.961027 
3178 0.961027 
3179 0.961027 
3180 0.961027 
3181 0.959859 
3182 0.959859 
3183 0.959859 
3184 0.959859 
3185 0.960740 
3186 0.960740 
3187 0.960740 
3188 0.960740 
3189 0.959690 
3190 0.959690 
3191 0.959690 
3192 0.959690 
3193 0.959639 
3194 0.959639 
3195 0.959639 
3196 0.959639 
3197 0.959360 
3198 0.959360 
3199 0.959360 
3200 0.959360 
3201 0.959620 
3202 0.959620 
3203 0.959620 
3204 0.959620 
3205 0.959022 
3206 0.959022 
3207 0.959022 
3208 0.959022 
3209 0.958896 
3210 0.958896 
3211 0.958896 
3212 0.958896 
3213 0.959808 
3214 0.959808 
3215 0.959808 
3216 0.959808 
3217 0.960504 
3218 0.960504 
3219 0.960504 
3220 0.960504 
3221 0.960457 
3222 0.960457 
3223 0.960457 
3224 0.960457 
3225 0.960767 
3226 0.960767 
3227 0.960767 
3228 0.960767 
3229 0.960429 
3230 0.960429 
3231 0.960429 
3232 0.960429 
3233 0.960559 
3234 0.960559 
3235 0.960559 
3236 0.960559 
3237 0.959918 
3238 0.959918 
3239 0.959918 
3240 0.959918 
3241 0.960060 
3242 0.960060 
3243 0.960060 
3244 0.960060 
3245 0.960182 
3246 0.960182 
3247 0.960182 
3248 0.960182 
3249 0.960296 
3250 0.960296 
3251 0.960296 
3252 0.960296 
3253 0.959816 
3254 0.959816 
3255 0.959816 
3256 0.959816 
3257 0.959785 
3258 0.959785 
3259 0.959785 
3260 0.959785 
3261 0.959510 
3262 0.959510 
3263 0.959510 
3264 0.959510 
3265 0.960060 
3266 0.960060 
3267 0.960060 
3268 0.960060 
3269 0.960021 
3270 0.960021 
3271 0.960021 
3272 0.960021 
3273 0.960044 
3274 0.960044 
3275 0.960044 
3276 0.960044 
3277 0.959172 
3278 0.959172 
3279 0.959172 
3280 0.959172 
3281 0.959341 
3282 0.959341 
3283 0.959341 
3284 0.959341 
3285 0.957992 
3286 0.957992 
3287 0.957992 
3288 0.957992 
3289 0.958122 
3290 0.958122 
3291 0.958122 
3292 0.958122 
3293 0.958079 
3294 0.958079 
3295 0.958079 
3296 0.958079 
3297 0.957945 
3298 0.957945 
3299 0.957945 
3300 0.957945 
3301 0.957792 
3302 0.957792 
3303 0.957792 
3304 0.957792 
3305 0.957678 
3306 0.957678 
3307 0.957678 
3308 0.957678 
3309 0.957847 
3310 0.957847 
3311 0.957847 
3312 0.957847 
3313 0.959396 
3314 0.959396 
3315 0.959396 
3316 0.959396 
3317 0.959219 
3318 0.959219 
3319 0.959219 
3320 0.959219 
3321 0.959191 
3322 0.959191 
3323 0.959191 
3324 0.959191 
3325 0.958205 
3326 0.958205 
3327 0.958205 
3328 0.958205 
3329 0.958338 
3330 0.958338 
3331 0.958338 
3332 0.958338 
3333 0.958519 
3334 0.958519 
3335 0.958519 
3336 0.958519 
3337 0.958130 
3338 0.958130 
3339 0.958130 
3340 0.958130 
3341 0.958252 
3342 0.958252 
3343 0.958252 
3344 0.958252 
3345 0.958079 
3346 0.958079 
3347 0.958079 
3348 0.958079 
3349 0.957434 
3350 0.957434 
3351 0.957434 
3352 0.957434 
3353 0.956841 
3354 0.956841 
3355 0.956841 
3356 0.956841 
3357 0.956349 
3358 0.956349 
3359 0.956349 
3360 0.956349 
3361 0.957977 
3362 0.957977 
3363 0.957977 
3364 0.957977 
3365 0.958476 
3366 0.958476 
3367 0.958476 
3368 0.958476 
3369 0.958625 
3370 0.958625 
3371 0.958625 
3372 0.958625 
3373 0.958523 
3374 0.958523 
3375 0.958523 
3376 0.958523 
3377 0.958602 
3378 0.958602 
3379 0.958602 
3380 0.958602 
3381 0.958480 
3382 0.958480 
3383 0.958480 
3384 0.958480 
3385 0.958232 
3386 0.958232 
3387 0.958232 
3388 0.958232 
3389 0.958260 
3390 0.958260 
3391 0.958260 
3392 0.958260 
3393 0.958142 
3394 0.958142 
3395 0.958142 
3396 0.958142 
3397 0.958075 
3398 0.958075 
3399 0.958075 
3400 0.958075 
3401 0.958291 
3402 0.958291 
3403 0.958291 
3404 0.958291 
3405 0.958177 
3406 0.958177 
3407 0.958177 
3408 0.958177 
3409 0.957965 
3410 0.957965 
3411 0.957965 
3412 0.957965 
3413 0.958047 
3414 0.958047 
3415 0.958047 
3416 0.958047 
3417 0.957945 
3418 0.957945 
3419 0.957945 
3420 0.957945 
3421 0.957698 
3422 0.957698 
3423 0.957698 
3424 0.957698 
3425 0.957941 
3426 0.957941 
3427 0.957941 
3428 0.957941 
3429 0.958000 
3430 0.958000 
3431 0.958000 
3432 0.958000 
3433 0.958433 
3434 0.958433 
3435 0.958433 
3436 0.958433 
3437 0.960229 
3438 0.960229 
3439 0.960229 
3440 0.960229 
3441 0.959962 
3442 0.959962 
3443 0.959962 
3444 0.959962 
3445 0.959832 
3446 0.959832 
3447 0.959832 
3448 0.959832 
3449 0.959710 
3450 0.959710 
3451 0.959710 
3452 0.959710 
3453 0.959616 
3454 0.959616 
3455 0.959616 
3456 0.959616 
3457 0.959250 
3458 0.959250 
3459 0.959250 
3460 0.959250 
3461 0.960190 
3462 0.960190 
3463 0.960190 
3464 0.960190 
3465 0.959914 
3466 0.959914 
3467 0.959914 
3468 0.959914 
3469 0.960107 
3470 0.960107 
3471 0.960107 
3472 0.960107 
3473 0.959734 
3474 0.959734 
3475 0.959734 
3476 0.959734 
3477 0.959738 
3478 0.959738 
3479 0.959738 
3480 0.959738 
3481 0.959628 
3482 0.959628 
3483 0.959628 
3484 0.959628 
3485 0.959207 
3486 0.959207 
3487 0.959207 
3488 0.959207 
3489 0.959140 
3490 0.959140 
3491 0.959140 
3492 0.959140 
3493 0.958554 
3494 0.958554 
3495 0.958554 
3496 0.958554 
3497 0.959109 
3498 0.959109 
3499 0.959109 
3500 0.959109 
3501 0.959144 
3502 0.959144 
3503 0.959144 
3504 0.959144 
3505 0.959258 
3506 0.959258 
3507 0.959258 
3508 0.959258 
3509 0.959262 
3510 0.959262 
3511 0.959262 
3512 0.959262 
3513 0.960575 
3514 0.960575 
3515 0.960575 
3516 0.960575 
3517 0.960418 
3518 0.960418 
3519 0.960418 
3520 0.960418 
3521 0.960331 
3522 0.960331 
3523 0.960331 
3524 0.960331 
3525 0.960131 
3526 0.960131 
3527 0.960131 
3528 0.960131 
3529 0.960194 
3530 0.960194 
3531 0.960194 
3532 0.960194 
3533 0.960339 
3534 0.960339 
3535 0.960339 
3536 0.960339 
3537 0.959804 
3538 0.959804 
3539 0.959804 
3540 0.959804 
3541 0.959820 
3542 0.959820 
3543 0.959820 
3544 0.959820 
3545 0.959899 
3546 0.959899 
3547 0.959899 
3548 0.959899 
3549 0.959616 
3550 0.959616 
3551 0.959616 
3552 0.959616 
3553 0.959557 
3554 0.959557 
3555 0.959557 
3556 0.959557 
3557 0.959014 
3558 0.959014 
3559 0.959014 
3560 0.959014 
3561 0.958731 
3562 0.958731 
3563 0.958731 
3564 0.958731 
3565 0.958315 
3566 0.958315 
3567 0.958315 
3568 0.958315 
3569 0.959136 
3570 0.959136 
3571 0.959136 
3572 0.959136 
3573 0.959113 
3574 0.959113 
3575 0.959113 
3576 0.959113 
3577 0.958999 
3578 0.958999 
3579 0.958999 
3580 0.958999 
3581 0.958885 
3582 0.958885 
3583 0.958885 
3584 0.958885 
3585 0.958881 
3586 0.958881 
3587 0.958881 
3588 0.958881 
3589 0.959089 
3590 0.959089 
3591 0.959089 
3592 0.959089 
3593 0.959242 
3594 0.959242 
3595 0.959242 
3596 0.959242 
3597 0.958492 
3598 0.958492 
3599 0.958492 
3600 0.958492 
3601 0.958421 
3602 0.958421 
3603 0.958421 
3604 0.958421 
3605 0.958507 
3606 0.958507 
3607 0.958507 
3608 0.958507 
3609 0.958790 
3610 0.958790 
3611 0.958790 
3612 0.958790 
3613 0.958708 
3614 0.958708 
3615 0.958708 
3616 0.958708 
3617 0.958645 
3618 0.958645 
3619 0.958645 
3620 0.958645 
3621 0.958983 
3622 0.958983 
3623 0.958983 
3624 0.958983 
3625 0.959124 
3626 0.959124 
3627 0.959124 
3628 0.959124 
3629 0.959030 
3630 0.959030 
3631 0.959030 
3632 0.959030 
3633 0.959062 
3634 0.959062 
3635 0.959062 
3636 0.959062 
3637 0.958975 
3638 0.958975 
3639 0.958975 
3640 0.958975 
3641 0.958881 
3642 0.958881 
3643 0.958881 
3644 0.958881 
3645 0.961263 
3646 0.961263 
3647 0.961263 
3648 0.961263 
3649 0.961404 
3650 0.961404 
3651 0.961404 
3652 0.961404 
3653 0.961212 
3654 0.961212 
3655 0.961212 
3656 0.961212 
3657 0.960842 
3658 0.960842 
3659 0.960842 
3660 0.960842 
3661 0.960245 
3662 0.960245 
3663 0.960245 
3664 0.960245 
3665 0.960111 
3666 0.960111 
3667 0.960111 
3668 0.960111 
3669 0.961003 
3670 0.961003 
3671 0.961003 
3672 0.961003 
3673 0.961322 
3674 0.961322 
3675 0.961322 
3676 0.961322 
3677 0.959966 
3678 0.959966 
3679 0.959966 
3680 0.959966 
3681 0.959867 
3682 0.959867 
3683 0.959867 
3684 0.959867 
3685 0.959494 
3686 0.959494 
3687 0.959494 
3688 0.959494 
3689 0.958826 
3690 0.958826 
3691 0.958826 
3692 0.958826 
3693 0.958708 
3694 0.958708 
3695 0.958708 
3696 0.958708 
3697 0.958460 
3698 0.958460 
3699 0.958460 
3700 0.958460 
3701 0.958771 
3702 0.958771 
3703 0.958771 
3704 0.958771 
3705 0.959278 
3706 0.959278 
3707 0.959278 
3708 0.959278 
3709 0.959447 
3710 0.959447 
3711 0.959447 
3712 0.959447 
3713 0.959828 
3714 0.959828 
3715 0.959828 
3716 0.959828 
3717 0.959671 
3718 0.959671 
3719 0.959671 
3720 0.959671 
3721 0.959596 
3722 0.959596 
3723 0.959596 
3724 0.959596 
3725 0.959510 
3726 0.959510 
3727 0.959510 
3728 0.959510 
3729 0.959596 
3730 0.959596 
3731 0.959596 
3732 0.959596 
3733 0.958755 
3734 0.958755 
3735 0.958755 
3736 0.958755 
3737 0.959195 
3738 0.959195 
3739 0.959195 
3740 0.959195 
3741 0.958586 
3742 0.958586 
3743 0.958586 
3744 0.958586 
3745 0.958405 
3746 0.958405 
3747 0.958405 
3748 0.958405 
3749 0.959337 
3750 0.959337 
3751 0.959337 
3752 0.959337 
3753 0.958845 
3754 0.958845 
3755 0.958845 
3756 0.958845 
3757 0.958554 
3758 0.958554 
3759 0.958554 
3760 0.958554 
3761 0.958633 
3762 0.958633 
3763 0.958633 
3764 0.958633 
3765 0.958653 
3766 0.958653 
3767 0.958653 
3768 0.958653 
3769 0.960091 
3770 0.960091 
3771 0.960091 
3772 0.960091 
3773 0.959914 
3774 0.959914 
3775 0.959914 
3776 0.959914 
3777 0.959812 
3778 0.959812 
3779 0.959812 
3780 0.959812 
3781 0.959364 
3782 0.959364 
3783 0.959364 
3784 0.959364 
3785 0.959447 
3786 0.959447 
3787 0.959447 
3788 0.959447 
3789 0.959541 
3790 0.959541 
3791 0.959541 
3792 0.959541 
3793 0.959443 
3794 0.959443 
3795 0.959443 
3796 0.959443 
3797 0.959254 
3798 0.959254 
3799 0.959254 
3800 0.959254 
3801 0.958212 
3802 0.958212 
3803 0.958212 
3804 0.958212 
3805 0.958055 
3806 0.958055 
3807 0.958055 
3808 0.958055 
3809 0.957686 
3810 0.957686 
3811 0.957686 
3812 0.957686 
3813 0.957627 
3814 0.957627 
3815 0.957627 
3816 0.957627 
3817 0.958413 
3818 0.958413 
3819 0.958413 
3820 0.958413 
3821 0.962945 
3822 0.962945 
3823 0.962945 
3824 0.962945 
3825 0.962485 
3826 0.962485 
3827 0.962485 
3828 0.962485 
3829 0.962387 
3830 0.962387 
3831 0.962387 
3832 0.962387 
3833 0.962383 
3834 0.962383 
3835 0.962383 
3836 0.962383 
3837 0.962179 
3838 0.962179 
3839 0.962179 
3840 0.962179 
3841 0.962521 
3842 0.962521 
3843 0.962521 
3844 0.962521 
3845 0.962226 
3846 0.962226 
3847 0.962226 
3848 0.962226 
3849 0.962631 
3850 0.962631 
3851 0.962631 
3852 0.962631 
3853 0.962654 
3854 0.962654 
3855 0.962654 
3856 0.962654 
3857 0.962737 
3858 0.962737 
3859 0.962737 
3860 0.962737 
3861 0.962804 
3862 0.962804 
3863 0.962804 
3864 0.962804 
3865 0.962945 
3866 0.962945 
3867 0.962945 
3868 0.962945 
3869 0.963075 
3870 0.963075 
3871 0.963075 
3872 0.963075 
3873 0.962749 
3874 0.962749 
3875 0.962749 
3876 0.962749 
3877 0.963519 
3878 0.963519 
3879 0.963519 
3880 0.963519 
3881 0.963330 
3882 0.963330 
3883 0.963330 
3884 0.963330 
3885 0.963267 
3886 0.963267 
3887 0.963267 
3888 0.963267 
3889 0.963232 
3890 0.963232 
3891 0.963232 
3892 0.963232 
3893 0.963098 
3894 0.963098 
3895 0.963098 
3896 0.963098 
3897 0.962513 
3898 0.962513 
3899 0.962513 
3900 0.962513 
3901 0.962929 
3902 0.962929 
3903 0.962929 
3904 0.962929 
3905 0.962733 
3906 0.962733 
3907 0.962733 
3908 0.962733 
3909 0.962729 
3910 0.962729 
3911 0.962729 
3912 0.962729 
3913 0.962866 
3914 0.962866 
3915 0.962866 
3916 0.962866 
3917 0.962642 
3918 0.962642 
3919 0.962642 
3920 0.962642 
3921 0.965437 
3922 0.965437 
3923 0.965437 
3924 0.965437 
3925 0.965315 
3926 0.965315 
3927 0.965315 
3928 0.965315 
3929 0.965598 
3930 0.965598 
3931 0.965598 
3932 0.965598 
3933 0.965127 
3934 0.965127 
3935 0.965127 
3936 0.965127 
3937 0.964958 
3938 0.964958 
3939 0.964958 
3940 0.964958 
3941 0.964651 
3942 0.964651 
3943 0.964651 
3944 0.964651 
3945 0.963460 
3946 0.963460 
3947 0.963460 
3948 0.963460 
3949 0.962902 
3950 0.962902 
3951 0.962902 
3952 0.962902 
3953 0.962969 
3954 0.962969 
3955 0.962969 
3956 0.962969 
3957 0.963130 
3958 0.963130 
3959 0.963130 
3960 0.963130 
3961 0.963126 
3962 0.963126 
3963 0.963126 
3964 0.963126 
3965 0.963263 
3966 0.963263 
3967 0.963263 
3968 0.963263 
3969 0.963841 
3970 0.963841 
3971 0.963841 
3972 0.963841 
3973 0.963322 
3974 0.963322 
3975 0.963322 
3976 0.963322 
3977 0.963311 
3978 0.963311 
3979 0.963311 
3980 0.963311 
3981 0.963476 
3982 0.963476 
3983 0.963476 
3984 0.963476 
3985 0.963122 
3986 0.963122 
3987 0.963122 
3988 0.963122 
3989 0.963256 
3990 0.963256 
3991 0.963256 
3992 0.963256 
3993 0.963236 
3994 0.963236 
3995 0.963236 
3996 0.963236 
3997 0.964026 
3998 0.964026 
3999 0.964026 
4000 0.964026 
4001 0.964109 
4002 0.964109 
4003 0.964109 
4004 0.964109 
4005 0.963951 
4006 0.963951 
4007 0.963951 
4008 0.963951 
4009 0.963826 
4010 0.963826 
4011 0.963826 
4012 0.963826 
4013 0.964089 
4014 0.964089 
4015 0.964089 
4016 0.964089 
4017 0.963896 
4018 0.963896 
4019 0.963896 
4020 0.963896 
4021 0.964026 
4022 0.964026 
4023 0.964026 
4024 0.964026 
4025 0.963841 
4026 0.963841 
4027 0.963841 
4028 0.963841 
4029 0.963806 
4030 0.963806 
4031 0.963806 
4032 0.963806 
4033 0.963594 
4034 0.963594 
4035 0.963594 
4036 0.963594 
4037 0.963798 
4038 0.963798 
4039 0.963798 
4040 0.963798 
4041 0.963759 
4042 0.963759 
4043 0.963759 
4044 0.963759 
4045 0.963362 
4046 0.963362 
4047 0.963362 
4048 0.963362 
4049 0.963181 
4050 0.963181 
4051 0.963181 
4052 0.963181 
4053 0.962996 
4054 0.962996 
4055 0.962996 
4056 0.962996 
4057 0.963102 
4058 0.963102 
4059 0.963102 
4060 0.963102 
4061 0.963083 
4062 0.963083 
4063 0.963083 
4064 0.963083 
4065 0.962764 
4066 0.962764 
4067 0.962764 
4068 0.962764 
4069 0.962293 
4070 0.962293 
4071 0.962293 
4072 0.962293 
4073 0.961962 
4074 0.961962 
4075 0.961962 
4076 0.961962 
4077 0.962552 
4078 0.962552 
4079 0.962552 
4080 0.962552 
4081 0.962450 
4082 0.962450 
4083 0.962450 
4084 0.962450 
4085 0.962678 
4086 0.962678 
4087 0.962678 
4088 0.962678 
4089 0.962422 
4090 0.962422 
4091 0.962422 
4092 0.962422 
4093 0.962572 
4094 0.962572 
4095 0.962572 
4096 0.962572 
4097 0.965669 
4098 0.965669 
4099 0.965669 
4100 0.965669 
4101 0.965602 
4102 0.965602 
4103 0.965602 
4104 0.965602 
4105 0.964773 
4106 0.964773 
4107 0.964773 
4108 0.964773 
4109 0.964372 
4110 0.964372 
4111 0.964372 
4112 0.964372 
4113 0.964364 
4114 0.964364 
4115 0.964364 
4116 0.964364 
4117 0.964568 
4118 0.964568 
4119 0.964568 
4120 0.964568 
4121 0.965406 
4122 0.965406 
4123 0.965406 
4124 0.965406 
4125 0.965936 
4126 0.965936 
4127 0.965936 
4128 0.965936 
4129 0.965476 
4130 0.965476 
4131 0.965476 
4132 0.965476 
4133 0.965429 
4134 0.965429 
4135 0.965429 
4136 0.965429 
4137 0.965469 
4138 0.965469 
4139 0.965469 
4140 0.965469 
4141 0.965759 
4142 0.965759 
4143 0.965759 
4144 0.965759 
4145 0.967414 
4146 0.967414 
4147 0.967414 
4148 0.967414 
4149 0.967233 
4150 0.967233 
4151 0.967233 
4152 0.967233 
4153 0.967662 
4154 0.967662 
4155 0.967662 
4156 0.967662 
4157 0.967717 
4158 0.967717 
4159 0.967717 
4160 0.967717 
4161 0.967434 
4162 0.967434 
4163 0.967434 
4164 0.967434 
4165 0.966754 
4166 0.966754 
4167 0.966754 
4168 0.966754 
4169 0.965457 
4170 0.965457 
4171 0.965457 
4172 0.965457 
4173 0.965150 
4174 0.965150 
4175 0.965150 
4176 0.965150 
4177 0.964647 
4178 0.964647 
4179 0.964647 
4180 0.964647 
4181 0.964140 
4182 0.964140 
4183 0.964140 
4184 0.964140 
4185 0.964289 
4186 0.964289 
4187 0.964289 
4188 0.964289 
4189 0.967135 
4190 0.967135 
4191 0.967135 
4192 0.967135 
4193 0.969002 
4194 0.969002 
4195 0.969002 
4196 0.969002 
4197 0.971463 
4198 0.971463 
4199 0.971463 
4200 0.971463 
4201 0.971758 
4202 0.971758 
4203 0.971758 
4204 0.971758 
4205 0.972599 
4206 0.972599 
4207 0.972599 
4208 0.972599 
4209 0.974423 
4210 0.974423 
4211 0.974423 
4212 0.974423 
4213 0.975229 
4214 0.975229 
4215 0.975229 
4216 0.975229 
4217 0.974608 
4218 0.974608 
4219 0.974608 
4220 0.974608 
4221 0.976192 
4222 0.976192 
4223 0.976192 
4224 0.976192 
4225 0.977111 
4226 0.977111 
4227 0.977111 
4228 0.977111 
4229 0.976023 
4230 0.976023 
4231 0.976023 
4232 0.976023 
4233 0.976192 
4234 0.976192 
4235 0.976192 
4236 0.976192 
4237 0.978601 
4238 0.978601 
4239 0.978601 
4240 0.978601 
4241 0.978259 
4242 0.978259 
4243 0.978259 
4244 0.978259 
4245 0.975177 
4246 0.975177 
4247 0.975177 
4248 0.975177 
4249 0.976581 
4250 0.976581 
4251 0.976581 
4252 0.976581 
4253 0.975889 
4254 0.975889 
4255 0.975889 
4256 0.975889 
4257 0.978963 
4258 0.978963 
4259 0.978963 
4260 0.978963 
4261 0.979898 
4262 0.979898 
4263 0.979898 
4264 0.979898 
4265 0.981101 
4266 0.981101 
4267 0.981101 
4268 0.981101 
4269 0.983860 
4270 0.983860 
4271 0.983860 
4272 0.983860 
4273 0.982795 
4274 0.982795 
4275 0.982795 
4276 0.982795 
4277 0.986101 
4278 0.986101 
4279 0.986101 
4280 0.986101 
4281 0.985928 
4282 0.985928 
4283 0.985928 
4284 0.985928 
4285 0.986077 
4286 0.986077 
4287 0.986077 
4288 0.986077 
4289 0.985252 
4290 0.985252 
4291 0.985252 
4292 0.985252 
4293 0.985551 
4294 0.985551 
4295 0.985551 
4296 0.985551 
4297 0.986608 
4298 0.986608 
4299 0.986608 
4300 0.986608 
4301 0.988290 
4302 0.988290 
4303 0.988290 
4304 0.988290 
4305 0.989548 
4306 0.989548 
4307 0.989548 
4308 0.989548 
4309 0.987720 
4310 0.987720 
4311 0.987720 
4312 0.987720 
4313 0.988774 
4314 0.988774 
4315 0.988774 
4316 0.988774 
4317 0.986867 
4318 0.986867 
4319 0.986867 
4320 0.986867 
4321 0.988731 
4322 0.988731 
4323 0.988731 
4324 0.988731 
4325 0.988353 
4326 0.988353 
4327 0.988353 
4328 0.988353 
4329 0.987044 
4330 0.987044 
4331 0.987044 
4332 0.987044 
4333 0.986510 
4334 0.986510 
4335 0.986510 
4336 0.986510 
4337 0.986533 
4338 0.986533 
4339 0.986533 
4340 0.986533 
4341 0.987099 
4342 0.987099 
4343 0.987099 
4344 0.987099 
4345 0.986305 
4346 0.986305 
4347 0.986305 
4348 0.986305 
4349 0.985590 
4350 0.985590 
4351 0.985590 
4352 0.985590 
4353 0.985936 
4354 0.985936 
4355 0.985936 
4356 0.985936 
4357 0.986345 
4358 0.986345 
4359 0.986345 
4360 0.986345 
4361 0.987791 
4362 0.987791 
4363 0.987791 
4364 0.987791 
4365 0.986439 
4366 0.986439 
4367 0.986439 
4368 0.986439 
4369 0.986140 
4370 0.986140 
4371 0.986140 
4372 0.986140 
4373 0.985979 
4374 0.985979 
4375 0.985979 
4376 0.985979 
4377 0.985629 
4378 0.985629 
4379 0.985629 
4380 0.985629 
4381 0.980366 
4382 0.980366 
4383 0.980366 
4384 0.980366 
4385 0.974533 
4386 0.974533 
4387 0.974533 
4388 0.974533 
4389 0.970531 
4390 0.970531 
4391 0.970531 
4392 0.970531 
4393 0.957403 
4394 0.957403 
4395 0.957403 
4396 0.957403 
4397 0.930426 
4398 0.930426 
4399 0.930426 
4400 0.930426 
4401 0.899460 
4402 0.899460 
4403 0.899460 
4404 0.899460 
4405 0.880828 
4406 0.880828 
4407 0.880828 
4408 0.880828 
4409 0.856509 
4410 0.856509 
4411 0.856509 
4412 0.856509 
4413 0.833687 
4414 0.833687 
4415 0.833687 
4416 0.833687 
4417 0.935033 
4418 0.935033 
4419 0.935033 
4420 0.935033 
4421 0.982744 
4422 0.982744 
4423 0.982744 
4424 0.982744 
4425 0.984686 
4426 0.984686 
4427 0.984686 
4428 0.984686 
4429 0.983129 
4430 0.983129 
4431 0.983129 
4432 0.983129 
4433 0.981978 
4434 0.981978 
4435 0.981978 
4436 0.981978 
4437 0.980276 
4438 0.980276 
4439 0.980276 
4440 0.980276 
4441 0.978334 
4442 0.978334 
4443 0.978334 
4444 0.978334 
4445 0.975185 
4446 0.975185 
4447 0.975185 
4448 0.975185 
4449 0.972854 
4450 0.972854 
4451 0.972854 
4452 0.972854 
4453 0.967257 
4454 0.967257 
4455 0.967257 
4456 0.967257 
4457 0.965418 
4458 0.965418 
4459 0.965418 
4460 0.965418 
4461 0.959667 
4462 0.959667 
4463 0.959667 
4464 0.959667 
4465 0.952218 
4466 0.952218 
4467 0.952218 
4468 0.952218 
4469 0.948869 
4470 0.948869 
4471 0.948869 
4472 0.948869 
4473 0.961168 
4474 0.961168 
4475 0.961168 
4476 0.961168 
4477 0.967528 
4478 0.967528 
4479 0.967528 
4480 0.967528 
4481 0.970649 
4482 0.970649 
4483 0.970649 
4484 0.970649 
4485 0.958484 
4486 0.958484 
4487 0.958484 
4488 0.958484 
4489 0.927679 
4490 0.927679 
4491 0.927679 
4492 0.927679 
4493 0.932450 
4494 0.932450 
4495 0.932450 
4496 0.932450 
4497 0.930033 
4498 0.930033 
4499 0.930033 
4500 0.930033 
4501 0.945210 
4502 0.945210 
4503 0.945210 
4504 0.945210 
4505 0.964093 
4506 0.964093 
4507 0.964093 
4508 0.964093 
4509 0.979607 
4510 0.979607 
4511 0.979607 
4512 0.979607 
4513 0.979859 
4514 0.979859 
4515 0.979859 
4516 0.979859 
4517 0.983707 
4518 0.983707 
4519 0.983707 
4520 0.983707 
4521 0.982335 
4522 0.982335 
4523 0.982335 
4524 0.982335 
4525 0.984014 
4526 0.984014 
4527 0.984014 
4528 0.984014 
4529 0.984179 
4530 0.984179 
4531 0.984179 
4532 0.984179 
4533 0.984309 
4534 0.984309 
4535 0.984309 
4536 0.984309 
4537 0.984725 
4538 0.984725 
4539 0.984725 
4540 0.984725 
4541 0.984403 
4542 0.984403 
4543 0.984403 
4544 0.984403 
4545 0.984926 
4546 0.984926 
4547 0.984926 
4548 0.984926 
4549 0.984556 
4550 0.984556 
4551 0.984556 
4552 0.984556 
4553 0.981431 
4554 0.981431 
4555 0.981431 
4556 0.981431 
4557 0.981101 
4558 0.981101 
4559 0.981101 
4560 0.981101 
4561 0.980912 
4562 0.980912 
4563 0.980912 
4564 0.980912 
4565 0.981557 
4566 0.981557 
4567 0.981557 
4568 0.981557 
4569 0.982780 
4570 0.982780 
4571 0.982780 
4572 0.982780 
4573 0.981860 
4574 0.981860 
4575 0.981860 
4576 0.981860 
4577 0.983456 
4578 0.983456 
4579 0.983456 
4580 0.983456 
4581 0.983978 
4582 0.983978 
4583 0.983978 
4584 0.983978 
4585 0.983263 
4586 0.983263 
4587 0.983263 
4588 0.983263 
4589 0.980531 
4590 0.980531 
4591 0.980531 
4592 0.980531 
4593 0.981066 
4594 0.981066 
4595 0.981066 
4596 0.981066 
4597 0.980708 
4598 0.980708 
4599 0.980708 
4600 0.980708 
4601 0.979077 
4602 0.979077 
4603 0.979077 
4604 0.979077 
4605 0.975696 
4606 0.975696 
4607 0.975696 
4608 0.975696 
4609 0.977367 
4610 0.977367 
4611 0.977367 
4612 0.977367 
4613 0.977536 
4614 0.977536 
4615 0.977536 
4616 0.977536 
4617 0.980964 
4618 0.980964 
4619 0.980964 
4620 0.980964 
4621 0.982300 
4622 0.982300 
4623 0.982300 
4624 0.982300 
4625 0.979619 
4626 0.979619 
4627 0.979619 
4628 0.979619 
4629 0.981066 
4630 0.981066 
4631 0.981066 
4632 0.981066 
4633 0.981691 
4634 0.981691 
4635 0.981691 
4636 0.981691 
4637 0.984069 
4638 0.984069 
4639 0.984069 
4640 0.984069 
4641 0.981871 
4642 0.981871 
4643 0.981871 
4644 0.981871 
4645 0.981133 
4646 0.981133 
4647 0.981133 
4648 0.981133 
4649 0.983078 
4650 0.983078 
4651 0.983078 
4652 0.983078 
4653 0.983597 
4654 0.983597 
4655 0.983597 
4656 0.983597 
4657 0.983809 
4658 0.983809 
4659 0.983809 
4660 0.983809 
4661 0.986274 
4662 0.986274 
4663 0.986274 
4664 0.986274 
4665 0.987587 
4666 0.987587 
4667 0.987587 
4668 0.987587 
4669 0.987217 
4670 0.987217 
4671 0.987217 
4672 0.987217 
4673 0.987469 
4674 0.987469 
4675 0.987469 
4676 0.987469 
4677 0.982662 
4678 0.982662 
4679 0.982662 
4680 0.982662 
4681 0.979509 
4682 0.979509 
4683 0.979509 
4684 0.979509 
4685 0.976887 
4686 0.976887 
4687 0.976887 
4688 0.976887 
4689 0.963664 
4690 0.963664 
4691 0.963664 
4692 0.963664 
4693 0.955591 
4694 0.955591 
4695 0.955591 
4696 0.955591 
4697 0.953429 
4698 0.953429 
4699 0.953429 
4700 0.953429 
4701 0.958865 
4702 0.958865 
4703 0.958865 
4704 0.958865 
4705 0.963519 
4706 0.963519 
4707 0.963519 
4708 0.963519 
4709 0.964384 
4710 0.964384 
4711 0.964384 
4712 0.964384 
4713 0.980531 
4714 0.980531 
4715 0.980531 
4716 0.980531 
4717 0.985971 
4718 0.985971 
4719 0.985971 
4720 0.985971 
4721 0.988923 
4722 0.988923 
4723 0.988923 
4724 0.988923 
4725 0.987150 
4726 0.987150 
4727 0.987150 
4728 0.987150 
4729 0.984973 
4730 0.984973 
4731 0.984973 
4732 0.984973 
4733 0.982638 
4734 0.982638 
4735 0.982638 
4736 0.982638 
4737 0.982316 
4738 0.982316 
4739 0.982316 
4740 0.982316 
4741 0.986474 
4742 0.986474 
4743 0.986474 
4744 0.986474 
4745 0.985716 
4746 0.985716 
4747 0.985716 
4748 0.985716 
4749 0.954199 
4750 0.954199 
4751 0.954199 
4752 0.954199 
4753 0.832087 
4754 0.832087 
4755 0.832087 
4756 0.832087 
4757 0.642567 
4758 0.642567 
4759 0.642567 
4760 0.642567 
4761 0.340023 
4762 0.340023 
4763 0.340023 
4764 0.340023 
4765 0.263398 
4766 0.263398 
4767 0.263398 
4768 0.263398 
4769 0.185550 
4770 0.185550 
4771 0.185550 
4772 0.185550 
4773 0.148601 
4774 0.148601 
4775 0.148601 
4776 0.148601 
4777 0.119349 
4778 0.119349 
4779 0.119349 
4780 0.119349 
4781 0.094841 
4782 0.094841 
4783 0.094841 
4784 0.094841 
4785 0.075030 
4786 0.075030 
4787 0.075030 
4788 0.075030 
4789 0.073202 
4790 0.073202 
4791 0.073202 
4792 0.073202 
4793 0.072251 
4794 0.072251 
4795 0.072251 
4796 0.072251 
4797 0.065844 
4798 0.065844 
4799 0.065844 
4800 0.065844 
4801 0.064900 
4802 0.064900 
4803 0.064900 
4804 0.064900 
4805 0.063780 
4806 0.063780 
4807 0.063780 
4808 0.063780 
4809 0.063391 
4810 0.063391 
4811 0.063391 
4812 0.063391 
4813 0.067455 
4814 0.067455 
4815 0.067455 
4816 0.067455 
4817 0.074401 
4818 0.074401 
4819 0.074401 
4820 0.074401 
4821 0.095839 
4822 0.095839 
4823 0.095839 
4824 0.095839 
4825 0.097490 
4826 0.097490 
4827 0.097490 
4828 0.097490 
4829 0.099101 
4830 0.099101 
4831 0.099101 
4832 0.099101 
4833 0.100489 
4834 0.100489 
4835 0.100489 
4836 0.100489 
4837 0.101090 
4838 0.101090 
4839 0.101090 
4840 0.101090 
4841 0.104184 
4842 0.104184 
4843 0.104184 
4844 0.104184 
4845 0.107608 
4846 0.107608 
4847 0.107608 
4848 0.107608 
4849 0.111668 
4850 0.111668 
4851 0.111668 
4852 0.111668 
4853 0.116310 
4854 0.116310 
4855 0.116310 
4856 0.116310 
4857 0.118386 
4858 0.118386 
4859 0.118386 
4860 0.118386 
4861 0.109148 
4862 0.109148 
4863 0.109148 
4864 0.109148 
4865 0.111055 
4866 0.111055 
4867 0.111055 
4868 0.111055 
4869 0.114278 
4870 0.114278 
4871 0.114278 
4872 0.114278 
4873 0.119518 
4874 0.119518 
4875 0.119518 
4876 0.119518 
4877 0.121436 
4878 0.121436 
4879 0.121436 
4880 0.121436 
4881 0.124812 
4882 0.124812 
4883 0.124812 
4884 0.124812 
4885 0.107494 
4886 0.107494 
4887 0.107494 
4888 0.107494 
4889 0.109054 
4890 0.109054 
4891 0.109054 
4892 0.109054 
4893 0.111589 
4894 0.111589 
4895 0.111589 
4896 0.111589 
4897 0.118075 
4898 0.118075 
4899 0.118075 
4900 0.118075 
4901 0.121412 
4902 0.121412 
4903 0.121412 
4904 0.121412 
4905 0.121707 
4906 0.121707 
4907 0.121707 
4908 0.121707 
4909 0.102144 
4910 0.102144 
4911 0.102144 
4912 0.102144 
4913 0.101625 
4914 0.101625 
4915 0.101625 
4916 0.101625 
4917 0.141805 
4918 0.141805 
4919 0.141805 
4920 0.141805 
4921 0.198407 
4922 0.198407 
4923 0.198407 
4924 0.198407 
4925 0.215750 
4926 0.215750 
4927 0.215750 
4928 0.215750 
4929 0.264561 
4930 0.264561 
4931 0.264561 
4932 0.264561 
4933 0.307571 
4934 0.307571 
4935 0.307571 
4936 0.307571 
4937 0.394649 
4938 0.394649 
4939 0.394649 
4940 0.394649 
4941 0.591519 
4942 0.591519 
4943 0.591519 
4944 0.591519 
4945 0.679937 
4946 0.679937 
4947 0.679937 
4948 0.679937 
4949 0.714000 
4950 0.714000 
4951 0.714000 
4952 0.714000 
4953 0.715581 
4954 0.715581 
4955 0.715581 
4956 0.715581 
4957 0.560647 
4958 0.560647 
4959 0.560647 
4960 0.560647 
4961 0.182665 
4962 0.182665 
4963 0.182665 
4964 0.182665 
4965 0.101244 
4966 0.101244 
4967 0.101244 
4968 0.101244 
4969 0.149033 
4970 0.149033 
4971 0.149033 
4972 0.149033 
4973 0.250686 
4974 0.250686 
4975 0.250686 
4976 0.250686 
4977 0.312760 
4978 0.312760 
4979 0.312760 
4980 0.312760 
4981 0.320055 
4982 0.320055 
4983 0.320055 
4984 0.320055 
4985 0.315468 
4986 0.315468 
4987 0.315468 
4988 0.315468 
4989 0.297760 
4990 0.297760 
4991 0.297760 
4992 0.297760 
4993 0.269062 
4994 0.269062 
4995 0.269062 
4996 0.269062 
4997 0.231736 
4998 0.231736 
4999 0.231736 
5000 0.231736 
5001 0.193769 
5002 0.193769 
5003 0.193769 
5004 0.193769 
5005 0.151184 
5006 0.151184 
5007 0.151184 
5008 0.151184 
5009 0.131270 
5010 0.131270 
5011 0.131270 
5012 0.131270 
5013 0.112289 
5014 0.112289 
5015 0.112289 
5016 0.112289 
5017 0.103209 
5018 0.103209 
5019 0.103209 
5020 0.103209 
5021 0.124596 
5022 0.124596 
5023 0.124596 
5024 0.124596 
5025 0.137564 
5026 0.137564 
5027 0.137564 
5028 0.137564 
5029 0.136463 
5030 0.136463 
5031 0.136463 
5032 0.136463 
5033 0.120308 
5034 0.120308 
5035 0.120308 
5036 0.120308 
5037 0.115646 
5038 0.115646 
5039 0.115646 
5040 0.115646 
5041 0.114129 
5042 0.114129 
5043 0.114129 
5044 0.114129 
5045 0.105520 
5046 0.105520 
5047 0.105520 
5048 0.105520 
5049 0.118802 
5050 0.118802 
5051 0.118802 
5052 0.118802 
5053 0.158711 
5054 0.158711 
5055 0.158711 
5056 0.158711 
5057 0.215581 
5058 0.215581 
5059 0.215581 
5060 0.215581 
5061 0.303330 
5062 0.303330 
5063 0.303330 
5064 0.303330 
5065 0.391064 
5066 0.391064 
5067 0.391064 
5068 0.391064 
5069 0.508023 
5070 0.508023 
5071 0.508023 
5072 0.508023 
5073 0.592443 
5074 0.592443 
5075 0.592443 
5076 0.592443 
5077 0.642465 
5078 0.642465 
5079 0.642465 
5080 0.642465 
5081 0.685086 
5082 0.685086 
5083 0.685086 
5084 0.685086 
5085 0.684493 
5086 0.684493 
5087 0.684493 
5088 0.684493 
5089 0.446129 
5090 0.446129 
5091 0.446129 
5092 0.446129 
5093 0.335326 
5094 0.335326 
5095 0.335326 
5096 0.335326 
5097 0.307548 
5098 0.307548 
5099 0.307548 
5100 0.307548 
5101 0.299584 
5102 0.299584 
5103 0.299584 
5104 0.299584 
5105 0.296789 
5106 0.296789 
5107 0.296789 
5108 0.296789 
5109 0.379901 
5110 0.379901 
5111 0.379901 
5112 0.379901 
5113 0.352460 
5114 0.352460 
5115 0.352460 
5116 0.352460 
5117 0.328880 
5118 0.328880 
5119 0.328880 
5120 0.328880 
5121 0.325440 
5122 0.325440 
5123 0.325440 
5124 0.325440 
5125 0.332052 
5126 0.332052 
5127 0.332052 
5128 0.332052 
5129 0.338884 
5130 0.338884 
5131 0.338884 
5132 0.338884 
5133 0.419915 
5134 0.419915 
5135 0.419915 
5136 0.419915 
5137 0.418371 
5138 0.418371 
5139 0.418371 
5140 0.418371 
5141 0.418280 
5142 0.418280 
5143 0.418280 
5144 0.418280 
5145 0.416657 
5146 0.416657 
5147 0.416657 
5148 0.416657 
5149 0.416067 
5150 0.416067 
5151 0.416067 
5152 0.416067 
5153 0.416059 
5154 0.416059 
5155 0.416059 
5156 0.416059 
5157 0.417239 
5158 0.417239 
5159 0.417239 
5160 0.417239 
5161 0.395977 
5162 0.395977 
5163 0.395977 
5164 0.395977 
5165 0.397809 
5166 0.397809 
5167 0.397809 
5168 0.397809 
5169 0.399401 
5170 0.399401 
5171 0.399401 
5172 0.399401 
5173 0.404153 
5174 0.404153 
5175 0.404153 
5176 0.404153 
5177 0.407962 
5178 0.407962 
5179 0.407962 
5180 0.407962 
5181 0.410761 
5182 0.410761 
5183 0.410761 
5184 0.410761 
5185 0.348180 
5186 0.348180 
5187 0.348180 
5188 0.348180 
5189 0.354740 
5190 0.354740 
5191 0.354740 
5192 0.354740 
5193 0.357232 
5194 0.357232 
5195 0.357232 
5196 0.357232 
5197 0.326439 
5198 0.326439 
5199 0.326439 
5200 0.326439 
5201 0.333656 
5202 0.333656 
5203 0.333656 
5204 0.333656 
5205 0.341694 
5206 0.341694 
5207 0.341694 
5208 0.341694 
5209 0.344072 
5210 0.344072 
5211 0.344072 
5212 0.344072 
5213 0.347338 
5214 0.347338 
5215 0.347338 
5216 0.347338 
5217 0.348526 
5218 0.348526 
5219 0.348526 
5220 0.348526 
5221 0.030809 
5222 0.030809 
5223 0.030809 
5224 0.030809 
5225 0.103960 
5226 0.103960 
5227 0.103960 
5228 0.103960 
5229 0.144898 
5230 0.144898 
5231 0.144898 
5232 0.144898 
5233 0.194626 
5234 0.194626 
5235 0.194626 
5236 0.194626 
5237 0.223957 
5238 0.223957 
5239 0.223957 
5240 0.223957 
5241 0.245057 
5242 0.245057 
5243 0.245057 
5244 0.245057 
5245 0.342020 
5246 0.342020 
5247 0.342020 
5248 0.342020 
5249 0.347838 
5250 0.347838 
5251 0.347838 
5252 0.347838 
5253 0.360691 
5254 0.360691 
5255 0.360691 
5256 0.360691 
5257 0.381198 
5258 0.381198 
5259 0.381198 
5260 0.381198 
5261 0.418779 
5262 0.418779 
5263 0.418779 
5264 0.418779 
5265 0.457992 
5266 0.457992 
5267 0.457992 
5268 0.457992 
5269 0.217613 
5270 0.217613 
5271 0.217613 
5272 0.217613 
5273 0.229531 
5274 0.229531 
5275 0.229531 
5276 0.229531 
5277 0.236331 
5278 0.236331 
5279 0.236331 
5280 0.236331 
5281 0.236732 
5282 0.236732 
5283 0.236732 
5284 0.236732 
5285 0.229837 
5286 0.229837 
5287 0.229837 
5288 0.229837 
5289 0.251024 
5290 0.251024 
5291 0.251024 
5292 0.251024 
5293 0.342484 
5294 0.342484 
5295 0.342484 
5296 0.342484 
5297 0.465378 
5298 0.465378 
5299 0.465378 
5300 0.465378 
5301 0.570167 
5302 0.570167 
5303 0.570167 
5304 0.570167 
5305 0.715231 
5306 0.715231 
5307 0.715231 
5308 0.715231 
5309 0.777321 
5310 0.777321 
5311 0.777321 
5312 0.777321 
5313 0.823243 
5314 0.823243 
5315 0.823243 
5316 0.823243 
5317 0.852279 
5318 0.852279 
5319 0.852279 
5320 0.852279 
5321 0.912188 
5322 0.912188 
5323 0.912188 
5324 0.912188 
5325 0.918705 
5326 0.918705 
5327 0.918705 
5328 0.918705 
5329 0.924506 
5330 0.924506 
5331 0.924506 
5332 0.924506 
5333 0.930072 
5334 0.930072 
5335 0.930072 
5336 0.930072 
5337 0.934852 
5338 0.934852 
5339 0.934852 
5340 0.934852 
5341 0.936016 
5342 0.936016 
5343 0.936016 
5344 0.936016 
5345 0.887031 
5346 0.887031 
5347 0.887031 
5348 0.887031 
5349 0.900753 
5350 0.900753 
5351 0.900753 
5352 0.900753 
5353 0.911504 
5354 0.911504 
5355 0.911504 
5356 0.911504 
5357 0.916004 
5358 0.916004 
5359 0.916004 
5360 0.916004 
5361 0.923190 
5362 0.923190 
5363 0.923190 
5364 0.923190 
5365 0.856560 
5366 0.856560 
5367 0.856560 
5368 0.856560 
5369 0.628464 
5370 0.628464 
5371 0.628464 
5372 0.628464 
5373 0.625748 
5374 0.625748 
5375 0.625748 
5376 0.625748 
5377 0.611267 
5378 0.611267 
5379 0.611267 
5380 0.611267 
5381 0.576335 
5382 0.576335 
5383 0.576335 
5384 0.576335 
5385 0.546760 
5386 0.546760 
5387 0.546760 
5388 0.546760 
5389 0.556807 
5390 0.556807 
5391 0.556807 
5392 0.556807 
5393 0.566186 
5394 0.566186 
5395 0.566186 
5396 0.566186 
5397 0.587384 
5398 0.587384 
5399 0.587384 
5400 0.587384 
5401 0.585505 
5402 0.585505 
5403 0.585505 
5404 0.585505 
5405 0.576197 
5406 0.576197 
5407 0.576197 
5408 0.576197 
5409 0.565741 
5410 0.565741 
5411 0.565741 
5412 0.565741 
5413 0.553434 
5414 0.553434 
5415 0.553434 
5416 0.553434 
5417 0.560144 
5418 0.560144 
5419 0.560144 
5420 0.560144 
5421 0.583536 
5422 0.583536 
5423 0.583536 
5424 0.583536 
5425 0.614860 
5426 0.614860 
5427 0.614860 
5428 0.614860 
5429 0.625225 
5430 0.625225 
5431 0.625225 
5432 0.625225 
5433 0.642426 
5434 0.642426 
5435 0.642426 
5436 0.642426 
5437 0.672842 
5438 0.672842 
5439 0.672842 
5440 0.672842 
5441 0.685306 
5442 0.685306 
5443 0.685306 
5444 0.685306 
5445 0.706453 
5446 0.706453 
5447 0.706453 
5448 0.706453 
5449 0.714012 
5450 0.714012 
5451 0.714012 
5452 0.714012 
5453 0.720683 
5454 0.720683 
5455 0.720683 
5456 0.720683 
5457 0.724535 
5458 0.724535 
5459 0.724535 
5460 0.724535 
5461 0.726653 
5462 0.726653 
5463 0.726653 
5464 0.726653 
5465 0.756287 
5466 0.756287 
5467 0.756287 
5468 0.756287 
5469 0.825503 
5470 0.825503 
5471 0.825503 
5472 0.825503 
5473 0.824886 
5474 0.824886 
5475 0.824886 
5476 0.824886 
5477 0.826026 
5478 0.826026 
5479 0.826026 
5480 0.826026 
5481 0.828216 
5482 0.828216 
5483 0.828216 
5484 0.828216 
5485 0.834866 
5486 0.834866 
5487 0.834866 
5488 0.834866 
5489 0.837484 
5490 0.837484 
5491 0.837484 
5492 0.837484 
5493 0.846006 
5494 0.846006 
5495 0.846006 
5496 0.846006 
5497 0.917203 
5498 0.917203 
5499 0.917203 
5500 0.917203 
5501 0.970307 
5502 0.970307 
5503 0.970307 
5504 0.970307 
5505 0.975350 
5506 0.975350 
5507 0.975350 
5508 0.975350 
5509 0.977512 
5510 0.977512 
5511 0.977512 
5512 0.977512 
5513 0.979281 
5514 0.979281 
5515 0.979281 
5516 0.979281 
5517 0.980036 
5518 0.980036 
5519 0.980036 
5520 0.980036 
5521 0.981435 
5522 0.981435 
5523 0.981435 
5524 0.981435 
5525 0.980979 
5526 0.980979 
5527 0.980979 
5528 0.980979 
5529 0.981447 
5530 0.981447 
5531 0.981447 
5532 0.981447 
5533 0.981278 
5534 0.981278 
5535 0.981278 
5536 0.981278 
5537 0.980012 
5538 0.980012 
5539 0.980012 
5540 0.980012 
5541 0.979713 
5542 0.979713 
5543 0.979713 
5544 0.979713 
5545 0.980099 
5546 0.980099 
5547 0.980099 
5548 0.980099 
5549 0.979348 
5550 0.979348 
5551 0.979348 
5552 0.979348 
5553 0.978570 
5554 0.978570 
5555 0.978570 
5556 0.978570 
5557 0.977945 
5558 0.977945 
5559 0.977945 
5560 0.977945 
5561 0.977646 
5562 0.977646 
5563 0.977646 
5564 0.977646 
5565 0.976754 
5566 0.976754 
5567 0.976754 
5568 0.976754 
5569 0.974297 
5570 0.974297 
5571 0.974297 
5572 0.974297 
5573 0.974167 
5574 0.974167 
5575 0.974167 
5576 0.974167 
5577 0.973295 
5578 0.973295 
5579 0.973295 
5580 0.973295 
5581 0.972898 
5582 0.972898 
5583 0.972898 
5584 0.972898 
5585 0.973106 
5586 0.973106 
5587 0.973106 
5588 0.973106 
5589 0.973338 
5590 0.973338 
5591 0.973338 
5592 0.973338 
5593 0.973876 
5594 0.973876 
5595 0.973876 
5596 0.973876 
5597 0.973373 
5598 0.973373 
5599 0.973373 
5600 0.973373 
5601 0.973880 
5602 0.973880 
5603 0.973880 
5604 0.973880 
5605 0.973589 
5606 0.973589 
5607 0.973589 
5608 0.973589 
5609 0.973130 
5610 0.973130 
5611 0.973130 
5612 0.973130 
5613 0.971962 
5614 0.971962 
5615 0.971962 
5616 0.971962 
5617 0.971266 
5618 0.971266 
5619 0.971266 
5620 0.971266 
5621 0.968798 
5622 0.968798 
5623 0.968798 
5624 0.968798 
5625 0.969674 
5626 0.969674 
5627 0.969674 
5628 0.969674 
5629 0.969616 
5630 0.969616 
5631 0.969616 
5632 0.969616 
5633 0.970398 
5634 0.970398 
5635 0.970398 
5636 0.970398 
5637 0.971730 
5638 0.971730 
5639 0.971730 
5640 0.971730 
5641 0.972395 
5642 0.972395 
5643 0.972395 
5644 0.972395 
5645 0.971832 
5646 0.971832 
5647 0.971832 
5648 0.971832 
5649 0.971880 
5650 0.971880 
5651 0.971880 
5652 0.971880 
5653 0.971813 
5654 0.971813 
5655 0.971813 
5656 0.971813 
5657 0.971942 
5658 0.971942 
5659 0.971942 
5660 0.971942 
5661 0.972516 
5662 0.972516 
5663 0.972516 
5664 0.972516 
5665 0.972544 
5666 0.972544 
5667 0.972544 
5668 0.972544 
5669 0.974053 
5670 0.974053 
5671 0.974053 
5672 0.974053 
5673 0.974089 
5674 0.974089 
5675 0.974089 
5676 0.974089 
5677 0.974348 
5678 0.974348 
5679 0.974348 
5680 0.974348 
5681 0.974191 
5682 0.974191 
5683 0.974191 
5684 0.974191 
5685 0.973900 
5686 0.973900 
5687 0.973900 
5688 0.973900 
5689 0.974211 
5690 0.974211 
5691 0.974211 
5692 0.974211 
5693 0.974289 
5694 0.974289 
5695 0.974289 
5696 0.974289 
5697 0.974191 
5698 0.974191 
5699 0.974191 
5700 0.974191 
5701 0.974211 
5702 0.974211 
5703 0.974211 
5704 0.974211 
5705 0.973908 
5706 0.973908 
5707 0.973908 
5708 0.973908 
5709 0.974403 
5710 0.974403 
5711 0.974403 
5712 0.974403 
5713 0.974152 
5714 0.974152 
5715 0.974152 
5716 0.974152 
5717 0.974419 
5718 0.974419 
5719 0.974419 
5720 0.974419 
5721 0.974513 
5722 0.974513 
5723 0.974513 
5724 0.974513 
5725 0.974568 
5726 0.974568 
5727 0.974568 
5728 0.974568 
5729 0.974745 
5730 0.974745 
5731 0.974745 
5732 0.974745 
5733 0.974521 
5734 0.974521 
5735 0.974521 
5736 0.974521 
Time taken: 257.163302
